4400.000000	1.643334 
4398.000000	1.647153 
4396.000000	1.641335 
4394.000000	1.643325 
4392.000000	1.656054 
4390.000000	1.659306 
4388.000000	1.656593 
4386.000000	1.655178 
4384.000000	1.647562 
4382.000000	1.640664 
4380.000000	1.636587 
4378.000000	1.636690 
4376.000000	1.644319 
4374.000000	1.654331 
4372.000000	1.657030 
4370.000000	1.654813 
4368.000000	1.654934 
4366.000000	1.658522 
4364.000000	1.654621 
4362.000000	1.644319 
4360.000000	1.640338 
4358.000000	1.641461 
4356.000000	1.641539 
4354.000000	1.644223 
4352.000000	1.652435 
4350.000000	1.655716 
4348.000000	1.649963 
4346.000000	1.644259 
4344.000000	1.641466 
4342.000000	1.645850 
4340.000000	1.649727 
4338.000000	1.643407 
4336.000000	1.642006 
4334.000000	1.645603 
4332.000000	1.645118 
4330.000000	1.651784 
4328.000000	1.652323 
4326.000000	1.644889 
4324.000000	1.649533 
4322.000000	1.651529 
4320.000000	1.645525 
4318.000000	1.644953 
4316.000000	1.647452 
4314.000000	1.647153 
4312.000000	1.647006 
4310.000000	1.653412 
4308.000000	1.657171 
4306.000000	1.653879 
4304.000000	1.649579 
4302.000000	1.653249 
4300.000000	1.662507 
4298.000000	1.660404 
4296.000000	1.649348 
4294.000000	1.632544 
4292.000000	1.630939 
4290.000000	1.637081 
4288.000000	1.639755 
4286.000000	1.643612 
4284.000000	1.649090 
4282.000000	1.646538 
4280.000000	1.637242 
4278.000000	1.632922 
4276.000000	1.642906 
4274.000000	1.653426 
4272.000000	1.653324 
4270.000000	1.650333 
4268.000000	1.645027 
4266.000000	1.641552 
4264.000000	1.637759 
4262.000000	1.632513 
4260.000000	1.637368 
4258.000000	1.642874 
4256.000000	1.643152 
4254.000000	1.643224 
4252.000000	1.639783 
4250.000000	1.640347 
4248.000000	1.644031 
4246.000000	1.648762 
4244.000000	1.650824 
4242.000000	1.644752 
4240.000000	1.644917 
4238.000000	1.654822 
4236.000000	1.657604 
4234.000000	1.652867 
4232.000000	1.656476 
4230.000000	1.656124 
4228.000000	1.652058 
4226.000000	1.647364 
4224.000000	1.646891 
4222.000000	1.640823 
4220.000000	1.634552 
4218.000000	1.638475 
4216.000000	1.645415 
4214.000000	1.645690 
4212.000000	1.642374 
4210.000000	1.647558 
4208.000000	1.646483 
4206.000000	1.640194 
4204.000000	1.642588 
4202.000000	1.647364 
4200.000000	1.647866 
4198.000000	1.646272 
4196.000000	1.646189 
4194.000000	1.646735 
4192.000000	1.644387 
4190.000000	1.640121 
4188.000000	1.638871 
4186.000000	1.640248 
4184.000000	1.635432 
4182.000000	1.631080 
4180.000000	1.632717 
4178.000000	1.634213 
4176.000000	1.636032 
4174.000000	1.639787 
4172.000000	1.640673 
4170.000000	1.643311 
4168.000000	1.643279 
4166.000000	1.635016 
4164.000000	1.632659 
4162.000000	1.636821 
4160.000000	1.634262 
4158.000000	1.630961 
4156.000000	1.630039 
4154.000000	1.630052 
4152.000000	1.636569 
4150.000000	1.646139 
4148.000000	1.642483 
4146.000000	1.636542 
4144.000000	1.633117 
4142.000000	1.629787 
4140.000000	1.632020 
4138.000000	1.636197 
4136.000000	1.636157 
4134.000000	1.637840 
4132.000000	1.638772 
4130.000000	1.640293 
4128.000000	1.640433 
4126.000000	1.642269 
4124.000000	1.648896 
4122.000000	1.640705 
4120.000000	1.630236 
4118.000000	1.634851 
4116.000000	1.646290 
4114.000000	1.647843 
4112.000000	1.640755 
4110.000000	1.628878 
4108.000000	1.625578 
4106.000000	1.640922 
4104.000000	1.645576 
4102.000000	1.633108 
4100.000000	1.628165 
4098.000000	1.634052 
4096.000000	1.641561 
4094.000000	1.646304 
4092.000000	1.651357 
4090.000000	1.651144 
4088.000000	1.641049 
4086.000000	1.637903 
4084.000000	1.644487 
4082.000000	1.643534 
4080.000000	1.641656 
4078.000000	1.651663 
4076.000000	1.652379 
4074.000000	1.642547 
4072.000000	1.638776 
4070.000000	1.639448 
4068.000000	1.644848 
4066.000000	1.647231 
4064.000000	1.643602 
4062.000000	1.638294 
4060.000000	1.637162 
4058.000000	1.637328 
4056.000000	1.640158 
4054.000000	1.641090 
4052.000000	1.635911 
4050.000000	1.635915 
4048.000000	1.646185 
4046.000000	1.652937 
4044.000000	1.651487 
4042.000000	1.647903 
4040.000000	1.643767 
4038.000000	1.640357 
4036.000000	1.642829 
4034.000000	1.645759 
4032.000000	1.645708 
4030.000000	1.646905 
4028.000000	1.645241 
4026.000000	1.641230 
4024.000000	1.637418 
4022.000000	1.635298 
4020.000000	1.636489 
4018.000000	1.635673 
4016.000000	1.634052 
4014.000000	1.643247 
4012.000000	1.653412 
4010.000000	1.652476 
4008.000000	1.647194 
4006.000000	1.644661 
4004.000000	1.646171 
4002.000000	1.645951 
4000.000000	1.644255 
3998.000000	1.644218 
3996.000000	1.642806 
3994.000000	1.638038 
3992.000000	1.634780 
3990.000000	1.639254 
3988.000000	1.643279 
3986.000000	1.645557 
3984.000000	1.642274 
3982.000000	1.636901 
3980.000000	1.637386 
3978.000000	1.637238 
3976.000000	1.639033 
3974.000000	1.640203 
3972.000000	1.640995 
3970.000000	1.643388 
3968.000000	1.644597 
3966.000000	1.643862 
3964.000000	1.641543 
3962.000000	1.639670 
3960.000000	1.641276 
3958.000000	1.637867 
3956.000000	1.640040 
3954.000000	1.642528 
3952.000000	1.635378 
3950.000000	1.632322 
3948.000000	1.634784 
3946.000000	1.631568 
3944.000000	1.630289 
3942.000000	1.639128 
3940.000000	1.645049 
3938.000000	1.641593 
3936.000000	1.636946 
3934.000000	1.633611 
3932.000000	1.637624 
3930.000000	1.632948 
3928.000000	1.625329 
3926.000000	1.635812 
3924.000000	1.647364 
3922.000000	1.650301 
3920.000000	1.645695 
3918.000000	1.640614 
3916.000000	1.638560 
3914.000000	1.637903 
3912.000000	1.641239 
3910.000000	1.639593 
3908.000000	1.630320 
3906.000000	1.624740 
3904.000000	1.629399 
3902.000000	1.639629 
3900.000000	1.650805 
3898.000000	1.652765 
3896.000000	1.647378 
3894.000000	1.638357 
3892.000000	1.636838 
3890.000000	1.655238 
3888.000000	1.664678 
3886.000000	1.655927 
3884.000000	1.650796 
3882.000000	1.648547 
3880.000000	1.651533 
3878.000000	1.647985 
3876.000000	1.633727 
3874.000000	1.635562 
3872.000000	1.640945 
3870.000000	1.640574 
3868.000000	1.637557 
3866.000000	1.637638 
3864.000000	1.643767 
3862.000000	1.649390 
3860.000000	1.651506 
3858.000000	1.642601 
3856.000000	1.625990 
3854.000000	1.637548 
3852.000000	1.671197 
3850.000000	1.677014 
3848.000000	1.663446 
3846.000000	1.641471 
3844.000000	1.634838 
3842.000000	1.645942 
3840.000000	1.647208 
3838.000000	1.652100 
3836.000000	1.661946 
3834.000000	1.658711 
3832.000000	1.657030 
3830.000000	1.658103 
3828.000000	1.653958 
3826.000000	1.653422 
3824.000000	1.648100 
3822.000000	1.645315 
3820.000000	1.657580 
3818.000000	1.661048 
3816.000000	1.662069 
3814.000000	1.671916 
3812.000000	1.664233 
3810.000000	1.643457 
3808.000000	1.634735 
3806.000000	1.643625 
3804.000000	1.644871 
3802.000000	1.647622 
3800.000000	1.655768 
3798.000000	1.653645 
3796.000000	1.649801 
3794.000000	1.642588 
3792.000000	1.639507 
3790.000000	1.646226 
3788.000000	1.648629 
3786.000000	1.649538 
3784.000000	1.651450 
3782.000000	1.640891 
3780.000000	1.638218 
3778.000000	1.650657 
3776.000000	1.656917 
3774.000000	1.652383 
3772.000000	1.641498 
3770.000000	1.645264 
3768.000000	1.663866 
3766.000000	1.667917 
3764.000000	1.661950 
3762.000000	1.655585 
3760.000000	1.652500 
3758.000000	1.655276 
3756.000000	1.652779 
3754.000000	1.646396 
3752.000000	1.648409 
3750.000000	1.671411 
3748.000000	1.694557 
3746.000000	1.696652 
3744.000000	1.719830 
3742.000000	1.732359 
3740.000000	1.712886 
3738.000000	1.697270 
3736.000000	1.693012 
3734.000000	1.693048 
3732.000000	1.697853 
3730.000000	1.702155 
3728.000000	1.697724 
3726.000000	1.700147 
3724.000000	1.708574 
3722.000000	1.707786 
3720.000000	1.705767 
3718.000000	1.711765 
3716.000000	1.720820 
3714.000000	1.725807 
3712.000000	1.724834 
3710.000000	1.734460 
3708.000000	1.748652 
3706.000000	1.743031 
3704.000000	1.728430 
3702.000000	1.733523 
3700.000000	1.751797 
3698.000000	1.758578 
3696.000000	1.753496 
3694.000000	1.749896 
3692.000000	1.754848 
3690.000000	1.767504 
3688.000000	1.780023 
3686.000000	1.771492 
3684.000000	1.760435 
3682.000000	1.763156 
3680.000000	1.772122 
3678.000000	1.774278 
3676.000000	1.777931 
3674.000000	1.799131 
3672.000000	1.798753 
3670.000000	1.794560 
3668.000000	1.819892 
3666.000000	1.817655 
3664.000000	1.807102 
3662.000000	1.820311 
3660.000000	1.826245 
3658.000000	1.813888 
3656.000000	1.815334 
3654.000000	1.831889 
3652.000000	1.820770 
3650.000000	1.800241 
3648.000000	1.825898 
3646.000000	1.839364 
3644.000000	1.831305 
3642.000000	1.818984 
3640.000000	1.817233 
3638.000000	1.822252 
3636.000000	1.827232 
3634.000000	1.827969 
3632.000000	1.814888 
3630.000000	1.808666 
3628.000000	1.842241 
3626.000000	1.860341 
3624.000000	1.849679 
3622.000000	1.836555 
3620.000000	1.832909 
3618.000000	1.839922 
3616.000000	1.836718 
3614.000000	1.835285 
3612.000000	1.844161 
3610.000000	1.845806 
3608.000000	1.848346 
3606.000000	1.858296 
3604.000000	1.856470 
3602.000000	1.852965 
3600.000000	1.860491 
3598.000000	1.847894 
3596.000000	1.839557 
3594.000000	1.846685 
3592.000000	1.841745 
3590.000000	1.833904 
3588.000000	1.844935 
3586.000000	1.868212 
3584.000000	1.884331 
3582.000000	1.881974 
3580.000000	1.864050 
3578.000000	1.844096 
3576.000000	1.838999 
3574.000000	1.849254 
3572.000000	1.852781 
3570.000000	1.841278 
3568.000000	1.836249 
3566.000000	1.848536 
3564.000000	1.861197 
3562.000000	1.866694 
3560.000000	1.863097 
3558.000000	1.854747 
3556.000000	1.849020 
3554.000000	1.858558 
3552.000000	1.875247 
3550.000000	1.876679 
3548.000000	1.867815 
3546.000000	1.873155 
3544.000000	1.882582 
3542.000000	1.884189 
3540.000000	1.877147 
3538.000000	1.867754 
3536.000000	1.871989 
3534.000000	1.874898 
3532.000000	1.864110 
3530.000000	1.859583 
3528.000000	1.873116 
3526.000000	1.880045 
3524.000000	1.877498 
3522.000000	1.878264 
3520.000000	1.875488 
3518.000000	1.873302 
3516.000000	1.878288 
3514.000000	1.882408 
3512.000000	1.877576 
3510.000000	1.877217 
3508.000000	1.885770 
3506.000000	1.883761 
3504.000000	1.883460 
3502.000000	1.886447 
3500.000000	1.885571 
3498.000000	1.889767 
3496.000000	1.888532 
3494.000000	1.888492 
3492.000000	1.887460 
3490.000000	1.881722 
3488.000000	1.879518 
3486.000000	1.884657 
3484.000000	1.887165 
3482.000000	1.881359 
3480.000000	1.879722 
3478.000000	1.882882 
3476.000000	1.882171 
3474.000000	1.884641 
3472.000000	1.891611 
3470.000000	1.900981 
3468.000000	1.906022 
3466.000000	1.894890 
3464.000000	1.886813 
3462.000000	1.887820 
3460.000000	1.887852 
3458.000000	1.889856 
3456.000000	1.891336 
3454.000000	1.893373 
3452.000000	1.895638 
3450.000000	1.895777 
3448.000000	1.888836 
3446.000000	1.876812 
3444.000000	1.876897 
3442.000000	1.888652 
3440.000000	1.900998 
3438.000000	1.893462 
3436.000000	1.890451 
3434.000000	1.896374 
3432.000000	1.895817 
3430.000000	1.891328 
3428.000000	1.884959 
3426.000000	1.879369 
3424.000000	1.880289 
3422.000000	1.879620 
3420.000000	1.880045 
3418.000000	1.889374 
3416.000000	1.892256 
3414.000000	1.885181 
3412.000000	1.883523 
3410.000000	1.878851 
3408.000000	1.873170 
3406.000000	1.874394 
3404.000000	1.877694 
3402.000000	1.883539 
3400.000000	1.880548 
3398.000000	1.875714 
3396.000000	1.883262 
3394.000000	1.889165 
3392.000000	1.887668 
3390.000000	1.880328 
3388.000000	1.875449 
3386.000000	1.886989 
3384.000000	1.889270 
3382.000000	1.885881 
3380.000000	1.889486 
3378.000000	1.892612 
3376.000000	1.888500 
3374.000000	1.888564 
3372.000000	1.888813 
3370.000000	1.876539 
3368.000000	1.870281 
3366.000000	1.880603 
3364.000000	1.884125 
3362.000000	1.875885 
3360.000000	1.867861 
3358.000000	1.869667 
3356.000000	1.873232 
3354.000000	1.872375 
3352.000000	1.869928 
3350.000000	1.869659 
3348.000000	1.867418 
3346.000000	1.865956 
3344.000000	1.867869 
3342.000000	1.876547 
3340.000000	1.878609 
3338.000000	1.869590 
3336.000000	1.868426 
3334.000000	1.868901 
3332.000000	1.865515 
3330.000000	1.860363 
3328.000000	1.868916 
3326.000000	1.874324 
3324.000000	1.865910 
3322.000000	1.861220 
3320.000000	1.856544 
3318.000000	1.857804 
3316.000000	1.857036 
3314.000000	1.843005 
3312.000000	1.845900 
3310.000000	1.855868 
3308.000000	1.856462 
3306.000000	1.851455 
3304.000000	1.842955 
3302.000000	1.841608 
3300.000000	1.843908 
3298.000000	1.849877 
3296.000000	1.854429 
3294.000000	1.859411 
3292.000000	1.862508 
3290.000000	1.858319 
3288.000000	1.852110 
3286.000000	1.845290 
3284.000000	1.840345 
3282.000000	1.834280 
3280.000000	1.824458 
3278.000000	1.822218 
3276.000000	1.831769 
3274.000000	1.843474 
3272.000000	1.842033 
3270.000000	1.840789 
3268.000000	1.836853 
3266.000000	1.824085 
3264.000000	1.824520 
3262.000000	1.824154 
3260.000000	1.820297 
3258.000000	1.827795 
3256.000000	1.832487 
3254.000000	1.832346 
3252.000000	1.833248 
3250.000000	1.827879 
3248.000000	1.827545 
3246.000000	1.833699 
3244.000000	1.828967 
3242.000000	1.815009 
3240.000000	1.815876 
3238.000000	1.824832 
3236.000000	1.816486 
3234.000000	1.806445 
3232.000000	1.814685 
3230.000000	1.818929 
3228.000000	1.821833 
3226.000000	1.828750 
3224.000000	1.822679 
3222.000000	1.816066 
3220.000000	1.814293 
3218.000000	1.812051 
3216.000000	1.806187 
3214.000000	1.805811 
3212.000000	1.805071 
3210.000000	1.803218 
3208.000000	1.800267 
3206.000000	1.798454 
3204.000000	1.803165 
3202.000000	1.809179 
3200.000000	1.808352 
3198.000000	1.804457 
3196.000000	1.796337 
3194.000000	1.792026 
3192.000000	1.794986 
3190.000000	1.797213 
3188.000000	1.790816 
3186.000000	1.783713 
3184.000000	1.780304 
3182.000000	1.786534 
3180.000000	1.791590 
3178.000000	1.787472 
3176.000000	1.791392 
3174.000000	1.787726 
3172.000000	1.781379 
3170.000000	1.784512 
3168.000000	1.774980 
3166.000000	1.764737 
3164.000000	1.771119 
3162.000000	1.780760 
3160.000000	1.782168 
3158.000000	1.781398 
3156.000000	1.784292 
3154.000000	1.784594 
3152.000000	1.781905 
3150.000000	1.781047 
3148.000000	1.772656 
3146.000000	1.766396 
3144.000000	1.767686 
3142.000000	1.766396 
3140.000000	1.759708 
3138.000000	1.754859 
3136.000000	1.756186 
3134.000000	1.758489 
3132.000000	1.764177 
3130.000000	1.762533 
3128.000000	1.751867 
3126.000000	1.751862 
3124.000000	1.759006 
3122.000000	1.758424 
3120.000000	1.751978 
3118.000000	1.754136 
3116.000000	1.755868 
3114.000000	1.744206 
3112.000000	1.738613 
3110.000000	1.744557 
3108.000000	1.744327 
3106.000000	1.741692 
3104.000000	1.743105 
3102.000000	1.745576 
3100.000000	1.744626 
3098.000000	1.738132 
3096.000000	1.734561 
3094.000000	1.740437 
3092.000000	1.739755 
3090.000000	1.728297 
3088.000000	1.726799 
3086.000000	1.734112 
3084.000000	1.735635 
3082.000000	1.730140 
3080.000000	1.728059 
3078.000000	1.727904 
3076.000000	1.727202 
3074.000000	1.725114 
3072.000000	1.718708 
3070.000000	1.719716 
3068.000000	1.723577 
3066.000000	1.721119 
3064.000000	1.718816 
3062.000000	1.720314 
3060.000000	1.724674 
3058.000000	1.719022 
3056.000000	1.712160 
3054.000000	1.709135 
3052.000000	1.707923 
3050.000000	1.711435 
3048.000000	1.711712 
3046.000000	1.708685 
3044.000000	1.711003 
3042.000000	1.713030 
3040.000000	1.711158 
3038.000000	1.711616 
3036.000000	1.711286 
3034.000000	1.706162 
3032.000000	1.701545 
3030.000000	1.704665 
3028.000000	1.707749 
3026.000000	1.707073 
3024.000000	1.704612 
3022.000000	1.702144 
3020.000000	1.699275 
3018.000000	1.696384 
3016.000000	1.692058 
3014.000000	1.690243 
3012.000000	1.695999 
3010.000000	1.700489 
3008.000000	1.703450 
3006.000000	1.700064 
3004.000000	1.695336 
3002.000000	1.698086 
3000.000000	1.700723 
2998.000000	1.697513 
2996.000000	1.691961 
2994.000000	1.690629 
2992.000000	1.694751 
2990.000000	1.693691 
2988.000000	1.693651 
2986.000000	1.694275 
2984.000000	1.697569 
2982.000000	1.701670 
2980.000000	1.701581 
2978.000000	1.699960 
2976.000000	1.699322 
2974.000000	1.702191 
2972.000000	1.706773 
2970.000000	1.709755 
2968.000000	1.709050 
2966.000000	1.702348 
2964.000000	1.695634 
2962.000000	1.697513 
2960.000000	1.702958 
2958.000000	1.700734 
2956.000000	1.693809 
2954.000000	1.692665 
2952.000000	1.694454 
2950.000000	1.693436 
2948.000000	1.699110 
2946.000000	1.703570 
2944.000000	1.697828 
2942.000000	1.692660 
2940.000000	1.696071 
2938.000000	1.696045 
2936.000000	1.696740 
2934.000000	1.704209 
2932.000000	1.702796 
2930.000000	1.698251 
2928.000000	1.696493 
2926.000000	1.693917 
2924.000000	1.693579 
2922.000000	1.689356 
2920.000000	1.687670 
2918.000000	1.687367 
2916.000000	1.683599 
2914.000000	1.682078 
2912.000000	1.684624 
2910.000000	1.679615 
2908.000000	1.669569 
2906.000000	1.667047 
2904.000000	1.667071 
2902.000000	1.670212 
2900.000000	1.672607 
2898.000000	1.665003 
2896.000000	1.664200 
2894.000000	1.667912 
2892.000000	1.668192 
2890.000000	1.665588 
2888.000000	1.662635 
2886.000000	1.655716 
2884.000000	1.653515 
2882.000000	1.653161 
2880.000000	1.652579 
2878.000000	1.655243 
2876.000000	1.651775 
2874.000000	1.650805 
2872.000000	1.651849 
2870.000000	1.649820 
2868.000000	1.649187 
2866.000000	1.649940 
2864.000000	1.653375 
2862.000000	1.655262 
2860.000000	1.653701 
2858.000000	1.653328 
2856.000000	1.650829 
2854.000000	1.648762 
2852.000000	1.650416 
2850.000000	1.650495 
2848.000000	1.643707 
2846.000000	1.636103 
2844.000000	1.634579 
2842.000000	1.633580 
2840.000000	1.633834 
2838.000000	1.635383 
2836.000000	1.638015 
2834.000000	1.637719 
2832.000000	1.630016 
2830.000000	1.628311 
2828.000000	1.631758 
2826.000000	1.630275 
2824.000000	1.630012 
2822.000000	1.628016 
2820.000000	1.627818 
2818.000000	1.627682 
2816.000000	1.624936 
2814.000000	1.624130 
2812.000000	1.621263 
2810.000000	1.619604 
2808.000000	1.620913 
2806.000000	1.620057 
2804.000000	1.614371 
2802.000000	1.613720 
2800.000000	1.619109 
2798.000000	1.619635 
2796.000000	1.616190 
2794.000000	1.614972 
2792.000000	1.618429 
2790.000000	1.621203 
2788.000000	1.617651 
2786.000000	1.610792 
2784.000000	1.609813 
2782.000000	1.615587 
2780.000000	1.620122 
2778.000000	1.621532 
2776.000000	1.617317 
2774.000000	1.614781 
2772.000000	1.613967 
2770.000000	1.612726 
2768.000000	1.610404 
2766.000000	1.609725 
2764.000000	1.615036 
2762.000000	1.617282 
2760.000000	1.613899 
2758.000000	1.610759 
2756.000000	1.613367 
2754.000000	1.616151 
2752.000000	1.613907 
2750.000000	1.609404 
2748.000000	1.605730 
2746.000000	1.606772 
2744.000000	1.607756 
2742.000000	1.606646 
2740.000000	1.612113 
2738.000000	1.615305 
2736.000000	1.609754 
2734.000000	1.605831 
2732.000000	1.605392 
2730.000000	1.606914 
2728.000000	1.608735 
2726.000000	1.606437 
2724.000000	1.605835 
2722.000000	1.605401 
2720.000000	1.604592 
2718.000000	1.603352 
2716.000000	1.603917 
2714.000000	1.605033 
2712.000000	1.601479 
2710.000000	1.599103 
2708.000000	1.602017 
2706.000000	1.604717 
2704.000000	1.605860 
2702.000000	1.601475 
2700.000000	1.596037 
2698.000000	1.597892 
2696.000000	1.599025 
2694.000000	1.600805 
2692.000000	1.602987 
2690.000000	1.602261 
2688.000000	1.602083 
2686.000000	1.601557 
2684.000000	1.603390 
2682.000000	1.604929 
2680.000000	1.601400 
2678.000000	1.595646 
2676.000000	1.594417 
2674.000000	1.594588 
2672.000000	1.603008 
2670.000000	1.607723 
2668.000000	1.602991 
2666.000000	1.595895 
2664.000000	1.592869 
2662.000000	1.596781 
2660.000000	1.598047 
2658.000000	1.596483 
2656.000000	1.594413 
2654.000000	1.591630 
2652.000000	1.591861 
2650.000000	1.594470 
2648.000000	1.592849 
2646.000000	1.589123 
2644.000000	1.591602 
2642.000000	1.595727 
2640.000000	1.594490 
2638.000000	1.591542 
2636.000000	1.591845 
2634.000000	1.593121 
2632.000000	1.595837 
2630.000000	1.594751 
2628.000000	1.591659 
2626.000000	1.590633 
2624.000000	1.587602 
2622.000000	1.584127 
2620.000000	1.586127 
2618.000000	1.586926 
2616.000000	1.586382 
2614.000000	1.590964 
2612.000000	1.593352 
2610.000000	1.590544 
2608.000000	1.587787 
2606.000000	1.589296 
2604.000000	1.589372 
2602.000000	1.587626 
2600.000000	1.584966 
2598.000000	1.585413 
2596.000000	1.586806 
2594.000000	1.587214 
2592.000000	1.588284 
2590.000000	1.591554 
2588.000000	1.590669 
2586.000000	1.587951 
2584.000000	1.586982 
2582.000000	1.586862 
2580.000000	1.587046 
2578.000000	1.586678 
2576.000000	1.587658 
2574.000000	1.588910 
2572.000000	1.589626 
2570.000000	1.589256 
2568.000000	1.585197 
2566.000000	1.585034 
2564.000000	1.586646 
2562.000000	1.583353 
2560.000000	1.582378 
2558.000000	1.581587 
2556.000000	1.580463 
2554.000000	1.582430 
2552.000000	1.582521 
2550.000000	1.583091 
2548.000000	1.587478 
2546.000000	1.585158 
2544.000000	1.584274 
2542.000000	1.587106 
2540.000000	1.583821 
2538.000000	1.580010 
2536.000000	1.579102 
2534.000000	1.580412 
2532.000000	1.582655 
2530.000000	1.584843 
2528.000000	1.588212 
2526.000000	1.588232 
2524.000000	1.588424 
2522.000000	1.587426 
2520.000000	1.582442 
2518.000000	1.579094 
2516.000000	1.579699 
2514.000000	1.582746 
2512.000000	1.583543 
2510.000000	1.580550 
2508.000000	1.581362 
2506.000000	1.585999 
2504.000000	1.584429 
2502.000000	1.581599 
2500.000000	1.579514 
2498.000000	1.579298 
2496.000000	1.578715 
2494.000000	1.576937 
2492.000000	1.578092 
2490.000000	1.576105 
2488.000000	1.574820 
2486.000000	1.576425 
2484.000000	1.574058 
2482.000000	1.574427 
2480.000000	1.578119 
2478.000000	1.579098 
2476.000000	1.577312 
2474.000000	1.572647 
2472.000000	1.573476 
2470.000000	1.577563 
2468.000000	1.577810 
2466.000000	1.577344 
2464.000000	1.577794 
2462.000000	1.575614 
2460.000000	1.573232 
2458.000000	1.573476 
2456.000000	1.571229 
2454.000000	1.569458 
2452.000000	1.575084 
2450.000000	1.577923 
2448.000000	1.574159 
2446.000000	1.572701 
2444.000000	1.573372 
2442.000000	1.573938 
2440.000000	1.572903 
2438.000000	1.573938 
2436.000000	1.575688 
2434.000000	1.568890 
2432.000000	1.568510 
2430.000000	1.575505 
2428.000000	1.575992 
2426.000000	1.571584 
2424.000000	1.570397 
2422.000000	1.569143 
2420.000000	1.568587 
2418.000000	1.572434 
2416.000000	1.573275 
2414.000000	1.569785 
2412.000000	1.566300 
2410.000000	1.565778 
2408.000000	1.572276 
2406.000000	1.572999 
2404.000000	1.572036 
2402.000000	1.569800 
2400.000000	1.566236 
2398.000000	1.568595 
2396.000000	1.574140 
2394.000000	1.577109 
2392.000000	1.575077 
2390.000000	1.571040 
2388.000000	1.565892 
2386.000000	1.563377 
2384.000000	1.564234 
2382.000000	1.567477 
2380.000000	1.570208 
2378.000000	1.566159 
2376.000000	1.563684 
2374.000000	1.564432 
2372.000000	1.560540 
2370.000000	1.555633 
2368.000000	1.559142 
2366.000000	1.565397 
2364.000000	1.568388 
2362.000000	1.573298 
2360.000000	1.583119 
2358.000000	1.590984 
2356.000000	1.591061 
2354.000000	1.597641 
2352.000000	1.601384 
2350.000000	1.594926 
2348.000000	1.582074 
2346.000000	1.575458 
2344.000000	1.577923 
2342.000000	1.581197 
2340.000000	1.586430 
2338.000000	1.591970 
2336.000000	1.591416 
2334.000000	1.592959 
2332.000000	1.595535 
2330.000000	1.600413 
2328.000000	1.609716 
2326.000000	1.606090 
2324.000000	1.600529 
2322.000000	1.604026 
2320.000000	1.605459 
2318.000000	1.603431 
2316.000000	1.602896 
2314.000000	1.605814 
2312.000000	1.613750 
2310.000000	1.620511 
2308.000000	1.622833 
2306.000000	1.624256 
2304.000000	1.627291 
2302.000000	1.634900 
2300.000000	1.640642 
2298.000000	1.649529 
2296.000000	1.655164 
2294.000000	1.657058 
2292.000000	1.667043 
2290.000000	1.675712 
2288.000000	1.684534 
2286.000000	1.697621 
2284.000000	1.709574 
2282.000000	1.726071 
2280.000000	1.741926 
2278.000000	1.750344 
2276.000000	1.765412 
2274.000000	1.787307 
2272.000000	1.809012 
2270.000000	1.823526 
2268.000000	1.836989 
2266.000000	1.848631 
2264.000000	1.859478 
2262.000000	1.865021 
2260.000000	1.859891 
2258.000000	1.859246 
2256.000000	1.869445 
2254.000000	1.872946 
2252.000000	1.871773 
2250.000000	1.869997 
2248.000000	1.857908 
2246.000000	1.845305 
2244.000000	1.834059 
2242.000000	1.829358 
2240.000000	1.825857 
2238.000000	1.812273 
2236.000000	1.795173 
2234.000000	1.779673 
2232.000000	1.767056 
2230.000000	1.760960 
2228.000000	1.755248 
2226.000000	1.743816 
2224.000000	1.734117 
2222.000000	1.732834 
2220.000000	1.735309 
2218.000000	1.732806 
2216.000000	1.729512 
2214.000000	1.729245 
2212.000000	1.738897 
2210.000000	1.746025 
2208.000000	1.739238 
2206.000000	1.736159 
2204.000000	1.737848 
2202.000000	1.735342 
2200.000000	1.732292 
2198.000000	1.732085 
2196.000000	1.733585 
2194.000000	1.728209 
2192.000000	1.711078 
2190.000000	1.698965 
2188.000000	1.693671 
2186.000000	1.684024 
2184.000000	1.674624 
2182.000000	1.672953 
2180.000000	1.675256 
2178.000000	1.669825 
2176.000000	1.663780 
2174.000000	1.662340 
2172.000000	1.660565 
2170.000000	1.653697 
2168.000000	1.651116 
2166.000000	1.659888 
2164.000000	1.663579 
2162.000000	1.656420 
2160.000000	1.654930 
2158.000000	1.654668 
2156.000000	1.646313 
2154.000000	1.640207 
2152.000000	1.638948 
2150.000000	1.639015 
2148.000000	1.634914 
2146.000000	1.632020 
2144.000000	1.632140 
2142.000000	1.629946 
2140.000000	1.629103 
2138.000000	1.626524 
2136.000000	1.621571 
2134.000000	1.616781 
2132.000000	1.611774 
2130.000000	1.609299 
2128.000000	1.608630 
2126.000000	1.608567 
2124.000000	1.606516 
2122.000000	1.604529 
2120.000000	1.603568 
2118.000000	1.598023 
2116.000000	1.591897 
2114.000000	1.592177 
2112.000000	1.591065 
2110.000000	1.592015 
2108.000000	1.592890 
2106.000000	1.589569 
2104.000000	1.585154 
2102.000000	1.580172 
2100.000000	1.573872 
2098.000000	1.569854 
2096.000000	1.570358 
2094.000000	1.570243 
2092.000000	1.566964 
2090.000000	1.560705 
2088.000000	1.557820 
2086.000000	1.558939 
2084.000000	1.559104 
2082.000000	1.557749 
2080.000000	1.553214 
2078.000000	1.548696 
2076.000000	1.547943 
2074.000000	1.544997 
2072.000000	1.541003 
2070.000000	1.539598 
2068.000000	1.539541 
2066.000000	1.536396 
2064.000000	1.528262 
2062.000000	1.525239 
2060.000000	1.530233 
2058.000000	1.532923 
2056.000000	1.527696 
2054.000000	1.523691 
2052.000000	1.523888 
2050.000000	1.521697 
2048.000000	1.518997 
2046.000000	1.518742 
2044.000000	1.516427 
2042.000000	1.515147 
2040.000000	1.512959 
2038.000000	1.510769 
2036.000000	1.513172 
2034.000000	1.516774 
2032.000000	1.514064 
2030.000000	1.507619 
2028.000000	1.507432 
2026.000000	1.507639 
2024.000000	1.504401 
2022.000000	1.505458 
2020.000000	1.504232 
2018.000000	1.502744 
2016.000000	1.507213 
2014.000000	1.506817 
2012.000000	1.503932 
2010.000000	1.503272 
2008.000000	1.503598 
2006.000000	1.506345 
2004.000000	1.508029 
2002.000000	1.506052 
2000.000000	1.504345 
1998.000000	1.503143 
1996.000000	1.500825 
1994.000000	1.499983 
1992.000000	1.503516 
1990.000000	1.504732 
1988.000000	1.499417 
1986.000000	1.498483 
1984.000000	1.499217 
1982.000000	1.500267 
1980.000000	1.502906 
1978.000000	1.503526 
1976.000000	1.502797 
1974.000000	1.503252 
1972.000000	1.502194 
1970.000000	1.496803 
1968.000000	1.494728 
1966.000000	1.500038 
1964.000000	1.502543 
1962.000000	1.503183 
1960.000000	1.503097 
1958.000000	1.503328 
1956.000000	1.498241 
1954.000000	1.496140 
1952.000000	1.499855 
1950.000000	1.499744 
1948.000000	1.500893 
1946.000000	1.503667 
1944.000000	1.503724 
1942.000000	1.506085 
1940.000000	1.503889 
1938.000000	1.497128 
1936.000000	1.494719 
1934.000000	1.496033 
1932.000000	1.497251 
1930.000000	1.494353 
1928.000000	1.492937 
1926.000000	1.493511 
1924.000000	1.491275 
1922.000000	1.495139 
1920.000000	1.497658 
1918.000000	1.499822 
1916.000000	1.500992 
1914.000000	1.497789 
1912.000000	1.494082 
1910.000000	1.493130 
1908.000000	1.494285 
1906.000000	1.488346 
1904.000000	1.485839 
1902.000000	1.489968 
1900.000000	1.491285 
1898.000000	1.487665 
1896.000000	1.487197 
1894.000000	1.490967 
1892.000000	1.489665 
1890.000000	1.486569 
1888.000000	1.487830 
1886.000000	1.486489 
1884.000000	1.485453 
1882.000000	1.486429 
1880.000000	1.486445 
1878.000000	1.485241 
1876.000000	1.484713 
1874.000000	1.483611 
1872.000000	1.479792 
1870.000000	1.482642 
1868.000000	1.496530 
1866.000000	1.495884 
1864.000000	1.486610 
1862.000000	1.483287 
1860.000000	1.482349 
1858.000000	1.479895 
1856.000000	1.478291 
1854.000000	1.478008 
1852.000000	1.476765 
1850.000000	1.476337 
1848.000000	1.474582 
1846.000000	1.470028 
1844.000000	1.483334 
1842.000000	1.490532 
1840.000000	1.477728 
1838.000000	1.473574 
1836.000000	1.474243 
1834.000000	1.470636 
1832.000000	1.465874 
1830.000000	1.474657 
1828.000000	1.479230 
1826.000000	1.470682 
1824.000000	1.474058 
1822.000000	1.471877 
1820.000000	1.464883 
1818.000000	1.466562 
1816.000000	1.468159 
1814.000000	1.464129 
1812.000000	1.465309 
1810.000000	1.472746 
1808.000000	1.471301 
1806.000000	1.465741 
1804.000000	1.459751 
1802.000000	1.456212 
1800.000000	1.462252 
1798.000000	1.463680 
1796.000000	1.457427 
1794.000000	1.448369 
1792.000000	1.458722 
1790.000000	1.470077 
1788.000000	1.458015 
1786.000000	1.449527 
1784.000000	1.453271 
1782.000000	1.449501 
1780.000000	1.448188 
1778.000000	1.450428 
1776.000000	1.448610 
1774.000000	1.444439 
1772.000000	1.457679 
1770.000000	1.467181 
1768.000000	1.457483 
1766.000000	1.449853 
1764.000000	1.440688 
1762.000000	1.443105 
1760.000000	1.446394 
1758.000000	1.439271 
1756.000000	1.446310 
1754.000000	1.442714 
1752.000000	1.435335 
1750.000000	1.447973 
1748.000000	1.452542 
1746.000000	1.447764 
1744.000000	1.443461 
1742.000000	1.441791 
1740.000000	1.444502 
1738.000000	1.446729 
1736.000000	1.423084 
1734.000000	1.442018 
1732.000000	1.468622 
1730.000000	1.450753 
1728.000000	1.442663 
1726.000000	1.438665 
1724.000000	1.437374 
1722.000000	1.436431 
1720.000000	1.426792 
1718.000000	1.433837 
1716.000000	1.454336 
1714.000000	1.450820 
1712.000000	1.438688 
1710.000000	1.427636 
1708.000000	1.418689 
1706.000000	1.423381 
1704.000000	1.429764 
1702.000000	1.405372 
1700.000000	1.421792 
1698.000000	1.431921 
1696.000000	1.428005 
1694.000000	1.437813 
1692.000000	1.417096 
1690.000000	1.407113 
1688.000000	1.406803 
1686.000000	1.396199 
1684.000000	1.424452 
1682.000000	1.438111 
1680.000000	1.415613 
1678.000000	1.401939 
1676.000000	1.397250 
1674.000000	1.415791 
1672.000000	1.406856 
1670.000000	1.402488 
1668.000000	1.415570 
1666.000000	1.403514 
1664.000000	1.390766 
1662.000000	1.402161 
1660.000000	1.403609 
1658.000000	1.392452 
1656.000000	1.375239 
1654.000000	1.377944 
1652.000000	1.430405 
1650.000000	1.411770 
1648.000000	1.391987 
1646.000000	1.414015 
1644.000000	1.415508 
1642.000000	1.398000 
1640.000000	1.389086 
1638.000000	1.382506 
1636.000000	1.396849 
1634.000000	1.420632 
1632.000000	1.407441 
1630.000000	1.393424 
1628.000000	1.395918 
1626.000000	1.397017 
1624.000000	1.393642 
1622.000000	1.400945 
1620.000000	1.387689 
1618.000000	1.375018 
1616.000000	1.394440 
1614.000000	1.393288 
1612.000000	1.377796 
1610.000000	1.375325 
1608.000000	1.374579 
1606.000000	1.370522 
1604.000000	1.364002 
1602.000000	1.358097 
1600.000000	1.353229 
1598.000000	1.350879 
1596.000000	1.348164 
1594.000000	1.343809 
1592.000000	1.340627 
1590.000000	1.338093 
1588.000000	1.335479 
1586.000000	1.331505 
1584.000000	1.331643 
1582.000000	1.332219 
1580.000000	1.327468 
1578.000000	1.320853 
1576.000000	1.339908 
1574.000000	1.343626 
1572.000000	1.321779 
1570.000000	1.321610 
1568.000000	1.332172 
1566.000000	1.321990 
1564.000000	1.316735 
1562.000000	1.305363 
1560.000000	1.306374 
1558.000000	1.355354 
1556.000000	1.342616 
1554.000000	1.323808 
1552.000000	1.316559 
1550.000000	1.313962 
1548.000000	1.311051 
1546.000000	1.302083 
1544.000000	1.303887 
1542.000000	1.308484 
1540.000000	1.334111 
1538.000000	1.340447 
1536.000000	1.310557 
1534.000000	1.304377 
1532.000000	1.313467 
1530.000000	1.300585 
1528.000000	1.293226 
1526.000000	1.299043 
1524.000000	1.300068 
1522.000000	1.301824 
1520.000000	1.311902 
1518.000000	1.301192 
1516.000000	1.300606 
1514.000000	1.292014 
1512.000000	1.285956 
1510.000000	1.284755 
1508.000000	1.286476 
1506.000000	1.314376 
1504.000000	1.299953 
1502.000000	1.275524 
1500.000000	1.268790 
1498.000000	1.274557 
1496.000000	1.285250 
1494.000000	1.281586 
1492.000000	1.272522 
1490.000000	1.281178 
1488.000000	1.286759 
1486.000000	1.281366 
1484.000000	1.272933 
1482.000000	1.267922 
1480.000000	1.265711 
1478.000000	1.260495 
1476.000000	1.266234 
1474.000000	1.272877 
1472.000000	1.282240 
1470.000000	1.276860 
1468.000000	1.261755 
1466.000000	1.258527 
1464.000000	1.270265 
1462.000000	1.265860 
1460.000000	1.251812 
1458.000000	1.258009 
1456.000000	1.286118 
1454.000000	1.277226 
1452.000000	1.258521 
1450.000000	1.254414 
1448.000000	1.256782 
1446.000000	1.255475 
1444.000000	1.249196 
1442.000000	1.244568 
1440.000000	1.236721 
1438.000000	1.232711 
1436.000000	1.247580 
1434.000000	1.244717 
1432.000000	1.232761 
1430.000000	1.229707 
1428.000000	1.228082 
1426.000000	1.221937 
1424.000000	1.222754 
1422.000000	1.221206 
1420.000000	1.221689 
1418.000000	1.232102 
1416.000000	1.223476 
1414.000000	1.211547 
1412.000000	1.207181 
1410.000000	1.206989 
1408.000000	1.204020 
1406.000000	1.202778 
1404.000000	1.204425 
1402.000000	1.199688 
1400.000000	1.199265 
1398.000000	1.203876 
1396.000000	1.200750 
1394.000000	1.199685 
1392.000000	1.194120 
1390.000000	1.187283 
1388.000000	1.189017 
1386.000000	1.190497 
1384.000000	1.184952 
1382.000000	1.181893 
1380.000000	1.180679 
1378.000000	1.177149 
1376.000000	1.174252 
1374.000000	1.177248 
1372.000000	1.176440 
1370.000000	1.170496 
1368.000000	1.167674 
1366.000000	1.165394 
1364.000000	1.164636 
1362.000000	1.167280 
1360.000000	1.163031 
1358.000000	1.157182 
1356.000000	1.153412 
1354.000000	1.150445 
1352.000000	1.147602 
1350.000000	1.146363 
1348.000000	1.145696 
1346.000000	1.142570 
1344.000000	1.139218 
1342.000000	1.138467 
1340.000000	1.141541 
1338.000000	1.140862 
1336.000000	1.134394 
1334.000000	1.130377 
1332.000000	1.129482 
1330.000000	1.129238 
1328.000000	1.128109 
1326.000000	1.126537 
1324.000000	1.125779 
1322.000000	1.124488 
1320.000000	1.122498 
1318.000000	1.122347 
1316.000000	1.121448 
1314.000000	1.118878 
1312.000000	1.115757 
1310.000000	1.112782 
1308.000000	1.113493 
1306.000000	1.114069 
1304.000000	1.112815 
1302.000000	1.111512 
1300.000000	1.109858 
1298.000000	1.108212 
1296.000000	1.106919 
1294.000000	1.105653 
1292.000000	1.105268 
1290.000000	1.104925 
1288.000000	1.103305 
1286.000000	1.100845 
1284.000000	1.100697 
1282.000000	1.102091 
1280.000000	1.102069 
1278.000000	1.101612 
1276.000000	1.101887 
1274.000000	1.102578 
1272.000000	1.104513 
1270.000000	1.106810 
1268.000000	1.108220 
1266.000000	1.108813 
1264.000000	1.108288 
1262.000000	1.109203 
1260.000000	1.111180 
1258.000000	1.111250 
1256.000000	1.110727 
1254.000000	1.112596 
1252.000000	1.115072 
1250.000000	1.119006 
1248.000000	1.125479 
1246.000000	1.131188 
1244.000000	1.135460 
1242.000000	1.143020 
1240.000000	1.154463 
1238.000000	1.167741 
1236.000000	1.179359 
1234.000000	1.193133 
1232.000000	1.209692 
1230.000000	1.226676 
1228.000000	1.244990 
1226.000000	1.264301 
1224.000000	1.284239 
1222.000000	1.304755 
1220.000000	1.326762 
1218.000000	1.350510 
1216.000000	1.373173 
1214.000000	1.394178 
1212.000000	1.416139 
1210.000000	1.437433 
1208.000000	1.458779 
1206.000000	1.482906 
1204.000000	1.506640 
1202.000000	1.527668 
1200.000000	1.550293 
1198.000000	1.568890 
1196.000000	1.584461 
1194.000000	1.605200 
1192.000000	1.628421 
1190.000000	1.644063 
1188.000000	1.656232 
1186.000000	1.676640 
1184.000000	1.693871 
1182.000000	1.703921 
1180.000000	1.722281 
1178.000000	1.736571 
1176.000000	1.747464 
1174.000000	1.760739 
1172.000000	1.769807 
1170.000000	1.777863 
1168.000000	1.788151 
1166.000000	1.796324 
1164.000000	1.806923 
1162.000000	1.822417 
1160.000000	1.835363 
1158.000000	1.840517 
1156.000000	1.846118 
1154.000000	1.854799 
1152.000000	1.861792 
1150.000000	1.864422 
1148.000000	1.866184 
1146.000000	1.871820 
1144.000000	1.877975 
1142.000000	1.894305 
1140.000000	1.901105 
1138.000000	1.895785 
1136.000000	1.895467 
1134.000000	1.901311 
1132.000000	1.920678 
1130.000000	1.923195 
1128.000000	1.921005 
1126.000000	1.932704 
1124.000000	1.944550 
1122.000000	1.948468 
1120.000000	1.943813 
1118.000000	1.952081 
1116.000000	1.959138 
1114.000000	1.973793 
1112.000000	2.004370 
1110.000000	2.010769 
1108.000000	2.003472 
1106.000000	2.000508 
1104.000000	2.001317 
1102.000000	2.009101 
1100.000000	2.044915 
1098.000000	2.086482 
1096.000000	2.095997 
1094.000000	2.093396 
1092.000000	2.090314 
1090.000000	2.115100 
1088.000000	2.146219 
1086.000000	2.169862 
1084.000000	2.175625 
1082.000000	2.172518 
1080.000000	2.197551 
1078.000000	2.210400 
1076.000000	2.224008 
1074.000000	2.253501 
1072.000000	2.286719 
1070.000000	2.278720 
1068.000000	2.279901 
1066.000000	2.308054 
1064.000000	2.310459 
1062.000000	2.280849 
1060.000000	2.240733 
1058.000000	2.237895 
1056.000000	2.241653 
1054.000000	2.194314 
1052.000000	2.162227 
1050.000000	2.163795 
1048.000000	2.157768 
1046.000000	2.137876 
1044.000000	2.115843 
1042.000000	2.079147 
1040.000000	2.036727 
1038.000000	1.998110 
1036.000000	1.962505 
1034.000000	1.938138 
1032.000000	1.901749 
1030.000000	1.862154 
1028.000000	1.829883 
1026.000000	1.783895 
1024.000000	1.726860 
1022.000000	1.666672 
1020.000000	1.614146 
1018.000000	1.569067 
1016.000000	1.517971 
1014.000000	1.464298 
1012.000000	1.411746 
1010.000000	1.358040 
1008.000000	1.307634 
1006.000000	1.262603 
1004.000000	1.220319 
1002.000000	1.177483 
1000.000000	1.136723 
998.000000	 1.102358 
996.000000	 1.073846 
994.000000	 1.050676 
992.000000	 1.032138 
990.000000	 1.019673 
988.000000	 1.014575 
986.000000	 1.009506 
984.000000	 1.001919 
982.000000	 0.991735 
980.000000	 0.978187 
978.000000	 0.961619 
976.000000	 0.942631 
974.000000	 0.921855 
972.000000	 0.900691 
970.000000	 0.881527 
968.000000	 0.865698 
966.000000	 0.854947 
964.000000	 0.848339 
962.000000	 0.842619 
960.000000	 0.837321 
958.000000	 0.834427 
956.000000	 0.836209 
954.000000	 0.840090 
952.000000	 0.845028 
950.000000	 0.853110 
948.000000	 0.862954 
946.000000	 0.871945 
944.000000	 0.879731 
942.000000	 0.884196 
940.000000	 0.883255 
938.000000	 0.879806 
936.000000	 0.874912 
934.000000	 0.869991 
932.000000	 0.865249 
930.000000	 0.857816 
928.000000	 0.848927 
926.000000	 0.839391 
924.000000	 0.828524 
922.000000	 0.818941 
920.000000	 0.812839 
918.000000	 0.807796 
916.000000	 0.805214 
914.000000	 0.807304 
912.000000	 0.813098 
910.000000	 0.820237 
908.000000	 0.829558 
906.000000	 0.840461 
904.000000	 0.850842 
902.000000	 0.864431 
900.000000	 0.884648 
898.000000	 0.910410 
896.000000	 0.944352 
894.000000	 0.985501 
892.000000	 1.031639 
890.000000	 1.081980 
888.000000	 1.130532 
886.000000	 1.173096 
884.000000	 1.211661 
882.000000	 1.245378 
880.000000	 1.264463 
878.000000	 1.270001 
876.000000	 1.265371 
874.000000	 1.251769 
872.000000	 1.230826 
870.000000	 1.207499 
868.000000	 1.183607 
866.000000	 1.160993 
864.000000	 1.142902 
862.000000	 1.129134 
860.000000	 1.117960 
858.000000	 1.107170 
856.000000	 1.096615 
854.000000	 1.089319 
852.000000	 1.084412 
850.000000	 1.079573 
848.000000	 1.073776 
846.000000	 1.066013 
844.000000	 1.057690 
842.000000	 1.045731 
840.000000	 1.029613 
838.000000	 1.008982 
836.000000	 0.985479 
834.000000	 0.957093 
832.000000	 0.920436 
830.000000	 0.875924 
828.000000	 0.827113 
826.000000	 0.779060 
824.000000	 0.737188 
822.000000	 0.704455 
820.000000	 0.679620 
818.000000	 0.661528 
816.000000	 0.646911 
814.000000	 0.635628 
812.000000	 0.628165 
810.000000	 0.623303 
808.000000	 0.618572 
806.000000	 0.613683 
804.000000	 0.609016 
802.000000	 0.604337 
800.000000	 0.599232 
798.000000	 0.594671 
796.000000	 0.590156 
794.000000	 0.584589 
792.000000	 0.579214 
790.000000	 0.573190 
788.000000	 0.567933 
786.000000	 0.564215 
784.000000	 0.560783 
782.000000	 0.557362 
780.000000	 0.553742 
778.000000	 0.550803 
776.000000	 0.548260 
774.000000	 0.546766 
772.000000	 0.545631 
770.000000	 0.543644 
768.000000	 0.541274 
766.000000	 0.539779 
764.000000	 0.538974 
762.000000	 0.538721 
760.000000	 0.538966 
758.000000	 0.537787 
756.000000	 0.536134 
754.000000	 0.535523 
752.000000	 0.534477 
750.000000	 0.533278 
748.000000	 0.531724 
746.000000	 0.528872 
744.000000	 0.525157 
742.000000	 0.522098 
740.000000	 0.519568 
738.000000	 0.515303 
736.000000	 0.510799 
734.000000	 0.506366 
732.000000	 0.501066 
730.000000	 0.495556 
728.000000	 0.490378 
726.000000	 0.485959 
724.000000	 0.481297 
722.000000	 0.476992 
720.000000	 0.473580 
718.000000	 0.471615 
716.000000	 0.470635 
714.000000	 0.468589 
712.000000	 0.466160 
710.000000	 0.463218 
708.000000	 0.458305 
706.000000	 0.451264 
704.000000	 0.442515 
702.000000	 0.433301 
700.000000	 0.423295 
698.000000	 0.413313 
696.000000	 0.405447 
694.000000	 0.399070 
692.000000	 0.393201 
690.000000	 0.388214 
688.000000	 0.383714 
686.000000	 0.379011 
684.000000	 0.375050 
682.000000	 0.372052 
680.000000	 0.369011 
678.000000	 0.366111 
676.000000	 0.363758 
674.000000	 0.361042 
672.000000	 0.358520 
670.000000	 0.356996 
668.000000	 0.357022 
666.000000	 0.353546 
664.000000	 0.348751 
662.000000	 0.345719 
660.000000	 0.342775 
658.000000	 0.340822 
656.000000	 0.339270 
654.000000	 0.337440 
652.000000	 0.335114 
650.000000	 0.333247 
648.000000	 0.330923 
646.000000	 0.327853 
644.000000	 0.325079 
642.000000	 0.323077 
640.000000	 0.321369 
638.000000	 0.319896 
636.000000	 0.317630 
634.000000	 0.314320 
632.000000	 0.310945 
630.000000	 0.307327 
628.000000	 0.302708 
626.000000	 0.297480 
624.000000	 0.292036 
622.000000	 0.287340 
620.000000	 0.283052 
618.000000	 0.278473 
616.000000	 0.274204 
614.000000	 0.268923 
612.000000	 0.264040 
610.000000	 0.260574 
608.000000	 0.256919 
606.000000	 0.252615 
604.000000	 0.249389 
602.000000	 0.248000 
600.000000	 0.244912 
598.000000	 0.239935 
596.000000	 0.235399 
594.000000	 0.232062 
592.000000	 0.229125 
590.000000	 0.224762 
588.000000	 0.221044 
586.000000	 0.217747 
584.000000	 0.214514 
582.000000	 0.211344 
580.000000	 0.207755 
578.000000	 0.204359 
576.000000	 0.202260 
574.000000	 0.198890 
572.000000	 0.195187 
570.000000	 0.192889 
568.000000	 0.191199 
566.000000	 0.188463 
564.000000	 0.185618 
562.000000	 0.183717 
560.000000	 0.183001 
558.000000	 0.182082 
556.000000	 0.181026 
554.000000	 0.180088 
552.000000	 0.179636 
550.000000	 0.180031 
548.000000	 0.178292 
546.000000	 0.176799 
544.000000	 0.176289 
542.000000	 0.177034 
540.000000	 0.178437 
538.000000	 0.179302 
536.000000	 0.179796 
534.000000	 0.179823 
532.000000	 0.180175 
530.000000	 0.181303 
528.000000	 0.183557 
526.000000	 0.185323 
524.000000	 0.183706 
522.000000	 0.183619 
520.000000	 0.187283 
518.000000	 0.191251 
516.000000	 0.193772 
514.000000	 0.193975 
512.000000	 0.195510 
510.000000	 0.199767 
508.000000	 0.204218 
506.000000	 0.209146 
504.000000	 0.215245 
502.000000	 0.223170 
500.000000	 0.230563 
498.000000	 0.238562 
496.000000	 0.249628 
494.000000	 0.263620 
492.000000	 0.278238 
490.000000	 0.290118 
488.000000	 0.303433 
486.000000	 0.320724 
484.000000	 0.337504 
482.000000	 0.353934 
480.000000	 0.368171 
478.000000	 0.382522 
476.000000	 0.396718 
474.000000	 0.409357 
472.000000	 0.422010 
470.000000	 0.434991 
468.000000	 0.445125 
466.000000	 0.450416 
464.000000	 0.455532 
462.000000	 0.460474 
460.000000	 0.463841 
458.000000	 0.469478 
456.000000	 0.471568 
454.000000	 0.470991 
452.000000	 0.471701 
450.000000	 0.467204 

