4400.000000	1.668931 
4398.000000	1.675893 
4396.000000	1.658145 
4394.000000	1.648303 
4392.000000	1.657990 
4390.000000	1.662974 
4388.000000	1.656823 
4386.000000	1.649261 
4384.000000	1.657345 
4382.000000	1.669288 
4380.000000	1.661048 
4378.000000	1.650977 
4376.000000	1.651705 
4374.000000	1.658551 
4372.000000	1.662831 
4370.000000	1.662507 
4368.000000	1.663908 
4366.000000	1.663827 
4364.000000	1.659694 
4362.000000	1.661594 
4360.000000	1.660783 
4358.000000	1.658499 
4356.000000	1.661632 
4354.000000	1.654962 
4352.000000	1.650754 
4350.000000	1.653571 
4348.000000	1.653086 
4346.000000	1.647921 
4344.000000	1.651306 
4342.000000	1.661718 
4340.000000	1.677531 
4338.000000	1.681043 
4336.000000	1.664955 
4334.000000	1.647590 
4332.000000	1.650310 
4330.000000	1.659056 
4328.000000	1.660778 
4326.000000	1.656903 
4324.000000	1.655369 
4322.000000	1.666562 
4320.000000	1.679486 
4318.000000	1.673549 
4316.000000	1.666764 
4314.000000	1.674692 
4312.000000	1.670881 
4310.000000	1.665003 
4308.000000	1.671085 
4306.000000	1.674242 
4304.000000	1.666653 
4302.000000	1.655416 
4300.000000	1.654602 
4298.000000	1.662431 
4296.000000	1.672851 
4294.000000	1.672349 
4292.000000	1.661414 
4290.000000	1.659547 
4288.000000	1.666451 
4286.000000	1.668839 
4284.000000	1.664692 
4282.000000	1.670275 
4280.000000	1.677999 
4278.000000	1.669588 
4276.000000	1.658824 
4274.000000	1.659164 
4272.000000	1.659424 
4270.000000	1.659552 
4268.000000	1.660333 
4266.000000	1.658259 
4264.000000	1.660787 
4262.000000	1.668979 
4260.000000	1.666154 
4258.000000	1.648547 
4256.000000	1.648363 
4254.000000	1.661295 
4252.000000	1.660190 
4250.000000	1.655707 
4248.000000	1.662483 
4246.000000	1.670508 
4244.000000	1.674316 
4242.000000	1.673441 
4240.000000	1.674658 
4238.000000	1.669235 
4236.000000	1.664702 
4234.000000	1.662845 
4232.000000	1.653883 
4230.000000	1.656631 
4228.000000	1.663522 
4226.000000	1.666576 
4224.000000	1.673358 
4222.000000	1.676896 
4220.000000	1.676134 
4218.000000	1.670411 
4216.000000	1.658905 
4214.000000	1.647884 
4212.000000	1.650578 
4210.000000	1.667793 
4208.000000	1.675511 
4206.000000	1.664515 
4204.000000	1.654191 
4202.000000	1.659651 
4200.000000	1.658914 
4198.000000	1.649912 
4196.000000	1.656551 
4194.000000	1.665133 
4192.000000	1.655847 
4190.000000	1.650615 
4188.000000	1.657726 
4186.000000	1.667374 
4184.000000	1.670877 
4182.000000	1.674145 
4180.000000	1.678320 
4178.000000	1.677226 
4176.000000	1.675545 
4174.000000	1.668375 
4172.000000	1.661376 
4170.000000	1.652551 
4168.000000	1.650523 
4166.000000	1.659486 
4164.000000	1.659722 
4162.000000	1.655009 
4160.000000	1.661243 
4158.000000	1.671751 
4156.000000	1.659731 
4154.000000	1.646309 
4152.000000	1.659836 
4150.000000	1.674800 
4148.000000	1.668906 
4146.000000	1.660958 
4144.000000	1.658688 
4142.000000	1.662855 
4140.000000	1.673290 
4138.000000	1.679130 
4136.000000	1.667663 
4134.000000	1.658824 
4132.000000	1.665698 
4130.000000	1.668110 
4128.000000	1.670372 
4126.000000	1.668622 
4124.000000	1.655702 
4122.000000	1.651747 
4120.000000	1.656725 
4118.000000	1.656795 
4116.000000	1.655772 
4114.000000	1.651608 
4112.000000	1.655562 
4110.000000	1.664630 
4108.000000	1.667827 
4106.000000	1.668718 
4104.000000	1.667951 
4102.000000	1.661352 
4100.000000	1.664836 
4098.000000	1.669216 
4096.000000	1.662350 
4094.000000	1.652965 
4092.000000	1.651515 
4090.000000	1.666355 
4088.000000	1.673798 
4086.000000	1.668298 
4084.000000	1.670731 
4082.000000	1.675070 
4080.000000	1.679645 
4078.000000	1.671610 
4076.000000	1.653021 
4074.000000	1.658042 
4072.000000	1.670809 
4070.000000	1.671892 
4068.000000	1.673422 
4066.000000	1.677319 
4064.000000	1.676797 
4062.000000	1.671012 
4060.000000	1.663555 
4058.000000	1.663613 
4056.000000	1.670377 
4054.000000	1.668713 
4052.000000	1.660972 
4050.000000	1.651482 
4048.000000	1.651389 
4046.000000	1.660328 
4044.000000	1.659117 
4042.000000	1.651236 
4040.000000	1.658570 
4038.000000	1.668303 
4036.000000	1.664860 
4034.000000	1.666485 
4032.000000	1.671586 
4030.000000	1.666581 
4028.000000	1.659869 
4026.000000	1.658386 
4024.000000	1.662554 
4022.000000	1.667427 
4020.000000	1.663174 
4018.000000	1.654285 
4016.000000	1.652658 
4014.000000	1.663698 
4012.000000	1.675256 
4010.000000	1.668467 
4008.000000	1.659783 
4006.000000	1.660612 
4004.000000	1.661998 
4002.000000	1.660612 
4000.000000	1.652439 
3998.000000	1.652588 
3996.000000	1.658589 
3994.000000	1.661504 
3992.000000	1.657491 
3990.000000	1.648566 
3988.000000	1.649358 
3986.000000	1.656509 
3984.000000	1.659150 
3982.000000	1.652672 
3980.000000	1.653683 
3978.000000	1.660252 
3976.000000	1.661271 
3974.000000	1.660825 
3972.000000	1.664286 
3970.000000	1.667168 
3968.000000	1.666182 
3966.000000	1.658555 
3964.000000	1.651998 
3962.000000	1.652500 
3960.000000	1.655463 
3958.000000	1.656007 
3956.000000	1.654490 
3954.000000	1.655651 
3952.000000	1.657514 
3950.000000	1.658207 
3948.000000	1.661162 
3946.000000	1.661860 
3944.000000	1.664224 
3942.000000	1.668023 
3940.000000	1.659183 
3938.000000	1.652258 
3936.000000	1.652063 
3934.000000	1.648762 
3932.000000	1.651645 
3930.000000	1.652695 
3928.000000	1.652239 
3926.000000	1.662012 
3924.000000	1.664979 
3922.000000	1.660394 
3920.000000	1.657755 
3918.000000	1.655974 
3916.000000	1.660067 
3914.000000	1.656171 
3912.000000	1.649376 
3910.000000	1.653683 
3908.000000	1.656485 
3906.000000	1.644341 
3904.000000	1.633972 
3902.000000	1.651069 
3900.000000	1.669419 
3898.000000	1.667413 
3896.000000	1.654173 
3894.000000	1.641752 
3892.000000	1.646121 
3890.000000	1.658197 
3888.000000	1.654014 
3886.000000	1.648464 
3884.000000	1.663565 
3882.000000	1.669922 
3880.000000	1.662602 
3878.000000	1.657839 
3876.000000	1.647424 
3874.000000	1.644848 
3872.000000	1.646818 
3870.000000	1.649681 
3868.000000	1.653589 
3866.000000	1.652304 
3864.000000	1.657397 
3862.000000	1.662821 
3860.000000	1.658414 
3858.000000	1.652821 
3856.000000	1.642542 
3854.000000	1.644647 
3852.000000	1.677176 
3850.000000	1.682103 
3848.000000	1.669158 
3846.000000	1.648896 
3844.000000	1.640045 
3842.000000	1.644423 
3840.000000	1.642006 
3838.000000	1.649852 
3836.000000	1.660030 
3834.000000	1.657068 
3832.000000	1.660366 
3830.000000	1.666528 
3828.000000	1.658348 
3826.000000	1.653468 
3824.000000	1.651733 
3822.000000	1.652895 
3820.000000	1.663069 
3818.000000	1.663083 
3816.000000	1.656734 
3814.000000	1.658348 
3812.000000	1.653771 
3810.000000	1.642478 
3808.000000	1.638614 
3806.000000	1.656138 
3804.000000	1.667389 
3802.000000	1.658504 
3800.000000	1.654383 
3798.000000	1.653109 
3796.000000	1.651325 
3794.000000	1.654532 
3792.000000	1.648975 
3790.000000	1.651905 
3788.000000	1.659188 
3786.000000	1.652002 
3784.000000	1.649981 
3782.000000	1.647990 
3780.000000	1.646974 
3778.000000	1.654715 
3776.000000	1.648460 
3774.000000	1.642742 
3772.000000	1.643174 
3770.000000	1.651260 
3768.000000	1.656931 
3766.000000	1.651306 
3764.000000	1.649404 
3762.000000	1.645658 
3760.000000	1.641439 
3758.000000	1.650847 
3756.000000	1.653207 
3754.000000	1.648601 
3752.000000	1.651538 
3750.000000	1.655852 
3748.000000	1.659051 
3746.000000	1.660915 
3744.000000	1.674976 
3742.000000	1.678601 
3740.000000	1.667278 
3738.000000	1.659193 
3736.000000	1.668216 
3734.000000	1.681665 
3732.000000	1.673329 
3730.000000	1.664577 
3728.000000	1.666543 
3726.000000	1.672086 
3724.000000	1.670474 
3722.000000	1.668448 
3720.000000	1.676758 
3718.000000	1.681630 
3716.000000	1.675290 
3714.000000	1.668496 
3712.000000	1.673768 
3710.000000	1.680994 
3708.000000	1.684950 
3706.000000	1.682765 
3704.000000	1.679897 
3702.000000	1.682327 
3700.000000	1.681207 
3698.000000	1.678685 
3696.000000	1.678794 
3694.000000	1.682750 
3692.000000	1.690370 
3690.000000	1.691417 
3688.000000	1.695562 
3686.000000	1.707052 
3684.000000	1.702129 
3682.000000	1.692670 
3680.000000	1.687897 
3678.000000	1.676615 
3676.000000	1.683209 
3674.000000	1.707686 
3672.000000	1.709983 
3670.000000	1.718453 
3668.000000	1.730251 
3666.000000	1.720787 
3664.000000	1.708034 
3662.000000	1.704901 
3660.000000	1.703429 
3658.000000	1.695362 
3656.000000	1.693303 
3654.000000	1.693640 
3652.000000	1.694469 
3650.000000	1.705704 
3648.000000	1.720929 
3646.000000	1.725482 
3644.000000	1.717934 
3642.000000	1.711984 
3640.000000	1.710328 
3638.000000	1.705925 
3636.000000	1.705541 
3634.000000	1.710073 
3632.000000	1.712886 
3630.000000	1.712330 
3628.000000	1.721850 
3626.000000	1.727202 
3624.000000	1.713779 
3622.000000	1.696045 
3620.000000	1.698453 
3618.000000	1.715120 
3616.000000	1.721833 
3614.000000	1.716740 
3612.000000	1.701852 
3610.000000	1.700219 
3608.000000	1.717788 
3606.000000	1.714262 
3604.000000	1.703921 
3602.000000	1.703016 
3600.000000	1.698939 
3598.000000	1.696868 
3596.000000	1.696977 
3594.000000	1.703649 
3592.000000	1.703235 
3590.000000	1.693840 
3588.000000	1.691310 
3586.000000	1.697533 
3584.000000	1.705011 
3582.000000	1.716250 
3580.000000	1.706546 
3578.000000	1.692435 
3576.000000	1.696081 
3574.000000	1.705373 
3572.000000	1.712437 
3570.000000	1.698277 
3568.000000	1.689361 
3566.000000	1.704240 
3564.000000	1.703570 
3562.000000	1.694055 
3560.000000	1.695310 
3558.000000	1.696765 
3556.000000	1.699612 
3554.000000	1.696740 
3552.000000	1.690873 
3550.000000	1.697848 
3548.000000	1.700811 
3546.000000	1.698773 
3544.000000	1.700199 
3542.000000	1.699389 
3540.000000	1.700370 
3538.000000	1.698629 
3536.000000	1.696544 
3534.000000	1.702969 
3532.000000	1.707321 
3530.000000	1.703753 
3528.000000	1.700921 
3526.000000	1.696261 
3524.000000	1.696276 
3522.000000	1.699913 
3520.000000	1.698551 
3518.000000	1.696977 
3516.000000	1.696462 
3514.000000	1.698427 
3512.000000	1.699203 
3510.000000	1.690528 
3508.000000	1.685752 
3506.000000	1.693528 
3504.000000	1.702050 
3502.000000	1.706715 
3500.000000	1.704088 
3498.000000	1.694726 
3496.000000	1.694224 
3494.000000	1.704251 
3492.000000	1.701451 
3490.000000	1.696251 
3488.000000	1.692634 
3486.000000	1.690731 
3484.000000	1.696102 
3482.000000	1.690010 
3480.000000	1.687272 
3478.000000	1.697600 
3476.000000	1.698189 
3474.000000	1.695172 
3472.000000	1.694423 
3470.000000	1.699058 
3468.000000	1.702713 
3466.000000	1.699555 
3464.000000	1.695203 
3462.000000	1.696935 
3460.000000	1.696915 
3458.000000	1.690543 
3456.000000	1.684995 
3454.000000	1.678236 
3452.000000	1.679625 
3450.000000	1.682855 
3448.000000	1.675212 
3446.000000	1.682083 
3444.000000	1.695223 
3442.000000	1.693528 
3440.000000	1.692900 
3438.000000	1.688896 
3436.000000	1.692578 
3434.000000	1.699110 
3432.000000	1.687307 
3430.000000	1.686557 
3428.000000	1.693559 
3426.000000	1.696235 
3424.000000	1.692752 
3422.000000	1.684840 
3420.000000	1.684334 
3418.000000	1.686406 
3416.000000	1.684689 
3414.000000	1.685502 
3412.000000	1.688279 
3410.000000	1.688861 
3408.000000	1.685482 
3406.000000	1.684029 
3404.000000	1.685788 
3402.000000	1.692323 
3400.000000	1.694413 
3398.000000	1.686240 
3396.000000	1.679536 
3394.000000	1.681774 
3392.000000	1.689336 
3390.000000	1.690269 
3388.000000	1.682855 
3386.000000	1.677728 
3384.000000	1.683309 
3382.000000	1.685326 
3380.000000	1.680492 
3378.000000	1.680234 
3376.000000	1.686667 
3374.000000	1.686491 
3372.000000	1.676837 
3370.000000	1.674379 
3368.000000	1.679818 
3366.000000	1.687010 
3364.000000	1.685707 
3362.000000	1.677541 
3360.000000	1.674663 
3358.000000	1.675172 
3356.000000	1.675727 
3354.000000	1.674967 
3352.000000	1.670979 
3350.000000	1.671838 
3348.000000	1.682152 
3346.000000	1.680790 
3344.000000	1.669762 
3342.000000	1.668945 
3340.000000	1.672437 
3338.000000	1.673373 
3336.000000	1.677570 
3334.000000	1.677117 
3332.000000	1.674648 
3330.000000	1.669491 
3328.000000	1.665089 
3326.000000	1.670523 
3324.000000	1.671629 
3322.000000	1.669022 
3320.000000	1.670692 
3318.000000	1.668684 
3316.000000	1.664668 
3314.000000	1.668366 
3312.000000	1.674052 
3310.000000	1.671746 
3308.000000	1.670964 
3306.000000	1.677758 
3304.000000	1.681968 
3302.000000	1.673051 
3300.000000	1.663861 
3298.000000	1.659334 
3296.000000	1.655089 
3294.000000	1.654359 
3292.000000	1.661404 
3290.000000	1.671800 
3288.000000	1.671746 
3286.000000	1.665262 
3284.000000	1.662531 
3282.000000	1.668023 
3280.000000	1.669680 
3278.000000	1.667211 
3276.000000	1.661561 
3274.000000	1.654051 
3272.000000	1.658174 
3270.000000	1.667740 
3268.000000	1.665439 
3266.000000	1.663636 
3264.000000	1.660091 
3262.000000	1.653240 
3260.000000	1.650773 
3258.000000	1.650639 
3256.000000	1.656983 
3254.000000	1.661756 
3252.000000	1.655693 
3250.000000	1.653799 
3248.000000	1.656556 
3246.000000	1.659613 
3244.000000	1.657943 
3242.000000	1.650111 
3240.000000	1.649288 
3238.000000	1.654037 
3236.000000	1.658282 
3234.000000	1.659561 
3232.000000	1.655730 
3230.000000	1.656180 
3228.000000	1.657853 
3226.000000	1.654640 
3224.000000	1.651320 
3222.000000	1.650282 
3220.000000	1.655688 
3218.000000	1.653398 
3216.000000	1.644469 
3214.000000	1.644583 
3212.000000	1.651107 
3210.000000	1.654841 
3208.000000	1.653981 
3206.000000	1.650495 
3204.000000	1.649233 
3202.000000	1.646588 
3200.000000	1.644844 
3198.000000	1.644282 
3196.000000	1.650708 
3194.000000	1.653557 
3192.000000	1.646901 
3190.000000	1.645241 
3188.000000	1.645946 
3186.000000	1.650703 
3184.000000	1.651738 
3182.000000	1.644771 
3180.000000	1.643908 
3178.000000	1.649298 
3176.000000	1.655051 
3174.000000	1.647603 
3172.000000	1.636986 
3170.000000	1.639724 
3168.000000	1.647080 
3166.000000	1.647300 
3164.000000	1.642778 
3162.000000	1.641579 
3160.000000	1.640257 
3158.000000	1.644300 
3156.000000	1.647682 
3154.000000	1.644533 
3152.000000	1.645424 
3150.000000	1.647185 
3148.000000	1.646451 
3146.000000	1.649963 
3144.000000	1.649561 
3142.000000	1.646602 
3140.000000	1.647171 
3138.000000	1.645209 
3136.000000	1.644867 
3134.000000	1.643712 
3132.000000	1.642951 
3130.000000	1.642387 
3128.000000	1.642756 
3126.000000	1.645274 
3124.000000	1.647254 
3122.000000	1.645713 
3120.000000	1.644373 
3118.000000	1.648952 
3116.000000	1.653687 
3114.000000	1.647273 
3112.000000	1.640651 
3110.000000	1.638484 
3108.000000	1.643138 
3106.000000	1.639119 
3104.000000	1.631674 
3102.000000	1.634070 
3100.000000	1.636811 
3098.000000	1.635159 
3096.000000	1.632206 
3094.000000	1.633175 
3092.000000	1.645617 
3090.000000	1.651320 
3088.000000	1.641906 
3086.000000	1.638903 
3084.000000	1.642279 
3082.000000	1.647691 
3080.000000	1.643821 
3078.000000	1.637072 
3076.000000	1.639340 
3074.000000	1.642174 
3072.000000	1.643020 
3070.000000	1.640547 
3068.000000	1.634552 
3066.000000	1.633460 
3064.000000	1.636480 
3062.000000	1.636368 
3060.000000	1.637265 
3058.000000	1.642574 
3056.000000	1.644204 
3054.000000	1.645136 
3052.000000	1.645649 
3050.000000	1.641915 
3048.000000	1.641729 
3046.000000	1.643940 
3044.000000	1.641502 
3042.000000	1.642011 
3040.000000	1.642160 
3038.000000	1.640207 
3036.000000	1.638619 
3034.000000	1.633598 
3032.000000	1.635468 
3030.000000	1.640022 
3028.000000	1.638267 
3026.000000	1.633406 
3024.000000	1.634213 
3022.000000	1.643575 
3020.000000	1.644670 
3018.000000	1.637242 
3016.000000	1.639349 
3014.000000	1.646075 
3012.000000	1.643680 
3010.000000	1.639624 
3008.000000	1.637656 
3006.000000	1.639020 
3004.000000	1.640913 
3002.000000	1.637935 
3000.000000	1.636014 
2998.000000	1.640619 
2996.000000	1.644405 
2994.000000	1.641693 
2992.000000	1.637314 
2990.000000	1.634512 
2988.000000	1.639805 
2986.000000	1.639335 
2984.000000	1.635530 
2982.000000	1.633723 
2980.000000	1.639020 
2978.000000	1.646735 
2976.000000	1.637305 
2974.000000	1.634655 
2972.000000	1.642233 
2970.000000	1.644533 
2968.000000	1.645649 
2966.000000	1.648716 
2964.000000	1.649820 
2962.000000	1.647001 
2960.000000	1.647516 
2958.000000	1.645603 
2956.000000	1.643270 
2954.000000	1.641208 
2952.000000	1.637921 
2950.000000	1.633905 
2948.000000	1.634093 
2946.000000	1.646313 
2944.000000	1.651868 
2942.000000	1.646221 
2940.000000	1.644921 
2938.000000	1.650199 
2936.000000	1.652165 
2934.000000	1.650907 
2932.000000	1.643120 
2930.000000	1.640891 
2928.000000	1.648707 
2926.000000	1.653422 
2924.000000	1.652974 
2922.000000	1.652258 
2920.000000	1.651417 
2918.000000	1.647976 
2916.000000	1.642179 
2914.000000	1.638776 
2912.000000	1.642351 
2910.000000	1.645704 
2908.000000	1.645882 
2906.000000	1.641924 
2904.000000	1.639629 
2902.000000	1.644780 
2900.000000	1.646845 
2898.000000	1.640655 
2896.000000	1.631785 
2894.000000	1.624626 
2892.000000	1.627748 
2890.000000	1.631173 
2888.000000	1.628434 
2886.000000	1.628914 
2884.000000	1.629125 
2882.000000	1.629769 
2880.000000	1.630647 
2878.000000	1.630390 
2876.000000	1.631701 
2874.000000	1.629306 
2872.000000	1.621580 
2870.000000	1.622494 
2868.000000	1.636260 
2866.000000	1.637935 
2864.000000	1.630103 
2862.000000	1.631754 
2860.000000	1.633629 
2858.000000	1.632428 
2856.000000	1.630258 
2854.000000	1.625273 
2852.000000	1.622963 
2850.000000	1.627203 
2848.000000	1.632020 
2846.000000	1.627032 
2844.000000	1.623490 
2842.000000	1.629460 
2840.000000	1.629108 
2838.000000	1.624679 
2836.000000	1.620170 
2834.000000	1.615998 
2832.000000	1.622881 
2830.000000	1.627739 
2828.000000	1.621870 
2826.000000	1.619729 
2824.000000	1.620118 
2822.000000	1.619915 
2820.000000	1.621341 
2818.000000	1.621705 
2816.000000	1.617677 
2814.000000	1.619333 
2812.000000	1.620615 
2810.000000	1.618859 
2808.000000	1.619165 
2806.000000	1.617115 
2804.000000	1.619686 
2802.000000	1.621839 
2800.000000	1.622490 
2798.000000	1.625443 
2796.000000	1.620105 
2794.000000	1.613371 
2792.000000	1.615916 
2790.000000	1.621952 
2788.000000	1.624260 
2786.000000	1.617995 
2784.000000	1.613605 
2782.000000	1.618450 
2780.000000	1.616425 
2778.000000	1.611630 
2776.000000	1.611422 
2774.000000	1.614303 
2772.000000	1.621008 
2770.000000	1.622256 
2768.000000	1.618394 
2766.000000	1.616481 
2764.000000	1.616451 
2762.000000	1.613635 
2760.000000	1.613724 
2758.000000	1.616400 
2756.000000	1.617016 
2754.000000	1.619204 
2752.000000	1.614269 
2750.000000	1.608828 
2748.000000	1.613036 
2746.000000	1.615809 
2744.000000	1.613155 
2742.000000	1.605313 
2740.000000	1.608294 
2738.000000	1.620511 
2736.000000	1.621883 
2734.000000	1.616948 
2732.000000	1.612709 
2730.000000	1.613061 
2728.000000	1.613826 
2726.000000	1.605906 
2724.000000	1.600607 
2722.000000	1.605472 
2720.000000	1.609569 
2718.000000	1.611338 
2716.000000	1.608840 
2714.000000	1.606943 
2712.000000	1.613210 
2710.000000	1.616695 
2708.000000	1.612501 
2706.000000	1.609860 
2704.000000	1.613469 
2702.000000	1.612777 
2700.000000	1.608395 
2698.000000	1.605618 
2696.000000	1.609577 
2694.000000	1.617428 
2692.000000	1.611617 
2690.000000	1.605881 
2688.000000	1.606349 
2686.000000	1.604554 
2684.000000	1.607052 
2682.000000	1.604254 
2680.000000	1.601446 
2678.000000	1.607136 
2676.000000	1.609320 
2674.000000	1.608201 
2672.000000	1.606412 
2670.000000	1.609156 
2668.000000	1.615075 
2666.000000	1.612531 
2664.000000	1.606403 
2662.000000	1.609131 
2660.000000	1.613210 
2658.000000	1.606801 
2656.000000	1.597744 
2654.000000	1.597756 
2652.000000	1.604646 
2650.000000	1.607371 
2648.000000	1.604388 
2646.000000	1.604813 
2644.000000	1.609944 
2642.000000	1.612058 
2640.000000	1.607446 
2638.000000	1.600030 
2636.000000	1.599000 
2634.000000	1.601835 
2632.000000	1.603419 
2630.000000	1.598470 
2628.000000	1.591493 
2626.000000	1.596127 
2624.000000	1.604292 
2622.000000	1.604159 
2620.000000	1.605789 
2618.000000	1.609733 
2616.000000	1.606927 
2614.000000	1.602979 
2612.000000	1.602274 
2610.000000	1.601864 
2608.000000	1.601346 
2606.000000	1.602991 
2604.000000	1.603647 
2602.000000	1.603074 
2600.000000	1.606977 
2598.000000	1.607153 
2596.000000	1.601508 
2594.000000	1.602249 
2592.000000	1.604579 
2590.000000	1.601218 
2588.000000	1.596405 
2586.000000	1.595401 
2584.000000	1.598483 
2582.000000	1.599782 
2580.000000	1.599111 
2578.000000	1.598478 
2576.000000	1.600599 
2574.000000	1.605409 
2572.000000	1.602398 
2570.000000	1.595960 
2568.000000	1.594816 
2566.000000	1.594238 
2564.000000	1.594384 
2562.000000	1.594287 
2560.000000	1.596209 
2558.000000	1.597949 
2556.000000	1.597543 
2554.000000	1.597240 
2552.000000	1.595711 
2550.000000	1.595215 
2548.000000	1.593125 
2546.000000	1.586626 
2544.000000	1.584573 
2542.000000	1.593466 
2540.000000	1.602746 
2538.000000	1.603398 
2536.000000	1.596585 
2534.000000	1.592379 
2532.000000	1.592116 
2530.000000	1.591424 
2528.000000	1.592213 
2526.000000	1.595384 
2524.000000	1.599762 
2522.000000	1.601070 
2520.000000	1.599083 
2518.000000	1.596540 
2516.000000	1.600190 
2514.000000	1.602419 
2512.000000	1.596814 
2510.000000	1.592748 
2508.000000	1.594063 
2506.000000	1.595474 
2504.000000	1.598318 
2502.000000	1.596691 
2500.000000	1.592829 
2498.000000	1.592800 
2496.000000	1.590597 
2494.000000	1.590286 
2492.000000	1.591287 
2490.000000	1.593320 
2488.000000	1.594161 
2486.000000	1.592193 
2484.000000	1.590508 
2482.000000	1.590875 
2480.000000	1.591089 
2478.000000	1.591732 
2476.000000	1.590250 
2474.000000	1.585086 
2472.000000	1.586386 
2470.000000	1.592294 
2468.000000	1.590944 
2466.000000	1.586075 
2464.000000	1.586630 
2462.000000	1.587767 
2460.000000	1.584274 
2458.000000	1.585050 
2456.000000	1.589324 
2454.000000	1.586306 
2452.000000	1.580018 
2450.000000	1.579833 
2448.000000	1.584012 
2446.000000	1.587102 
2444.000000	1.588244 
2442.000000	1.582564 
2440.000000	1.583524 
2438.000000	1.585353 
2436.000000	1.580424 
2434.000000	1.581102 
2432.000000	1.583940 
2430.000000	1.584103 
2428.000000	1.582988 
2426.000000	1.579404 
2424.000000	1.578703 
2422.000000	1.581516 
2420.000000	1.582078 
2418.000000	1.578468 
2416.000000	1.575077 
2414.000000	1.574672 
2412.000000	1.577763 
2410.000000	1.581532 
2408.000000	1.580707 
2406.000000	1.576984 
2404.000000	1.575357 
2402.000000	1.576925 
2400.000000	1.578845 
2398.000000	1.574800 
2396.000000	1.572380 
2394.000000	1.578272 
2392.000000	1.579766 
2390.000000	1.575750 
2388.000000	1.571087 
2386.000000	1.571998 
2384.000000	1.571175 
2382.000000	1.564458 
2380.000000	1.563718 
2378.000000	1.561158 
2376.000000	1.550646 
2374.000000	1.545295 
2372.000000	1.545342 
2370.000000	1.550124 
2368.000000	1.554006 
2366.000000	1.549866 
2364.000000	1.544239 
2362.000000	1.540463 
2360.000000	1.544003 
2358.000000	1.556170 
2356.000000	1.559949 
2354.000000	1.567591 
2352.000000	1.585540 
2350.000000	1.584266 
2348.000000	1.557562 
2346.000000	1.542592 
2344.000000	1.552533 
2342.000000	1.555466 
2340.000000	1.553836 
2338.000000	1.557009 
2336.000000	1.562097 
2334.000000	1.562819 
2332.000000	1.563336 
2330.000000	1.572829 
2328.000000	1.573624 
2326.000000	1.569524 
2324.000000	1.568461 
2322.000000	1.566945 
2320.000000	1.569170 
2318.000000	1.571534 
2316.000000	1.574085 
2314.000000	1.577900 
2312.000000	1.581224 
2310.000000	1.583917 
2308.000000	1.586578 
2306.000000	1.586083 
2304.000000	1.583798 
2302.000000	1.583607 
2300.000000	1.589123 
2298.000000	1.595138 
2296.000000	1.596140 
2294.000000	1.596822 
2292.000000	1.602717 
2290.000000	1.607027 
2288.000000	1.608462 
2286.000000	1.613125 
2284.000000	1.617025 
2282.000000	1.622972 
2280.000000	1.625277 
2278.000000	1.624317 
2276.000000	1.626441 
2274.000000	1.636511 
2272.000000	1.646602 
2270.000000	1.651840 
2268.000000	1.658051 
2266.000000	1.667707 
2264.000000	1.678152 
2262.000000	1.681908 
2260.000000	1.684409 
2258.000000	1.683714 
2256.000000	1.685135 
2254.000000	1.699628 
2252.000000	1.703450 
2250.000000	1.694977 
2248.000000	1.692507 
2246.000000	1.698272 
2244.000000	1.697508 
2242.000000	1.685567 
2240.000000	1.688547 
2238.000000	1.697915 
2236.000000	1.692660 
2234.000000	1.686391 
2232.000000	1.685727 
2230.000000	1.693007 
2228.000000	1.690705 
2226.000000	1.677886 
2224.000000	1.674164 
2222.000000	1.678992 
2220.000000	1.687619 
2218.000000	1.686919 
2216.000000	1.687090 
2214.000000	1.696086 
2212.000000	1.702541 
2210.000000	1.700952 
2208.000000	1.699270 
2206.000000	1.708082 
2204.000000	1.716811 
2202.000000	1.716325 
2200.000000	1.717388 
2198.000000	1.717156 
2196.000000	1.715158 
2194.000000	1.720787 
2192.000000	1.723835 
2190.000000	1.718318 
2188.000000	1.716552 
2186.000000	1.717437 
2184.000000	1.712731 
2182.000000	1.707485 
2180.000000	1.707211 
2178.000000	1.701451 
2176.000000	1.694915 
2174.000000	1.693871 
2172.000000	1.693160 
2170.000000	1.694541 
2168.000000	1.691834 
2166.000000	1.689103 
2164.000000	1.694203 
2162.000000	1.704025 
2160.000000	1.709267 
2158.000000	1.708553 
2156.000000	1.712993 
2154.000000	1.725813 
2152.000000	1.738506 
2150.000000	1.744983 
2148.000000	1.751359 
2146.000000	1.775110 
2144.000000	1.790420 
2142.000000	1.780291 
2140.000000	1.781585 
2138.000000	1.789118 
2136.000000	1.792167 
2134.000000	1.788456 
2132.000000	1.771890 
2130.000000	1.764954 
2128.000000	1.776691 
2126.000000	1.793587 
2124.000000	1.806585 
2122.000000	1.822658 
2120.000000	1.839228 
2118.000000	1.855096 
2116.000000	1.871604 
2114.000000	1.872506 
2112.000000	1.867914 
2110.000000	1.863565 
2108.000000	1.851080 
2106.000000	1.836555 
2104.000000	1.823388 
2102.000000	1.816310 
2100.000000	1.805150 
2098.000000	1.790720 
2096.000000	1.791232 
2094.000000	1.805289 
2092.000000	1.824223 
2090.000000	1.833713 
2088.000000	1.825572 
2086.000000	1.821778 
2084.000000	1.815849 
2082.000000	1.801340 
2080.000000	1.785724 
2078.000000	1.770191 
2076.000000	1.761718 
2074.000000	1.742910 
2072.000000	1.709071 
2070.000000	1.678567 
2068.000000	1.651919 
2066.000000	1.631949 
2064.000000	1.612172 
2062.000000	1.591517 
2060.000000	1.576101 
2058.000000	1.565736 
2056.000000	1.557850 
2054.000000	1.548543 
2052.000000	1.539250 
2050.000000	1.536062 
2048.000000	1.536660 
2046.000000	1.532038 
2044.000000	1.529988 
2042.000000	1.532853 
2040.000000	1.531291 
2038.000000	1.527194 
2036.000000	1.524996 
2034.000000	1.521449 
2032.000000	1.522138 
2030.000000	1.524362 
2028.000000	1.520350 
2026.000000	1.516383 
2024.000000	1.517885 
2022.000000	1.520841 
2020.000000	1.516526 
2018.000000	1.514324 
2016.000000	1.518134 
2014.000000	1.517769 
2012.000000	1.513723 
2010.000000	1.510477 
2008.000000	1.510571 
2006.000000	1.511353 
2004.000000	1.511659 
2002.000000	1.509425 
2000.000000	1.507569 
1998.000000	1.511559 
1996.000000	1.510759 
1994.000000	1.503004 
1992.000000	1.501189 
1990.000000	1.504947 
1988.000000	1.506198 
1986.000000	1.504920 
1984.000000	1.504589 
1982.000000	1.505807 
1980.000000	1.502774 
1978.000000	1.500494 
1976.000000	1.500120 
1974.000000	1.501675 
1972.000000	1.504626 
1970.000000	1.501543 
1968.000000	1.496783 
1966.000000	1.502290 
1964.000000	1.504540 
1962.000000	1.500621 
1960.000000	1.496826 
1958.000000	1.496387 
1956.000000	1.499711 
1954.000000	1.500169 
1952.000000	1.498535 
1950.000000	1.494719 
1948.000000	1.495000 
1946.000000	1.499901 
1944.000000	1.503212 
1942.000000	1.500064 
1940.000000	1.494942 
1938.000000	1.494353 
1936.000000	1.496046 
1934.000000	1.496624 
1932.000000	1.495103 
1930.000000	1.491115 
1928.000000	1.492036 
1926.000000	1.490929 
1924.000000	1.485615 
1922.000000	1.486413 
1920.000000	1.484871 
1918.000000	1.485548 
1916.000000	1.489751 
1914.000000	1.488292 
1912.000000	1.489262 
1910.000000	1.490285 
1908.000000	1.488770 
1906.000000	1.489252 
1904.000000	1.491818 
1902.000000	1.490468 
1900.000000	1.484991 
1898.000000	1.480771 
1896.000000	1.481627 
1894.000000	1.484249 
1892.000000	1.477395 
1890.000000	1.474663 
1888.000000	1.484274 
1886.000000	1.486550 
1884.000000	1.481304 
1882.000000	1.475816 
1880.000000	1.474009 
1878.000000	1.477843 
1876.000000	1.481085 
1874.000000	1.477790 
1872.000000	1.468555 
1870.000000	1.467341 
1868.000000	1.482051 
1866.000000	1.484305 
1864.000000	1.474141 
1862.000000	1.469271 
1860.000000	1.469341 
1858.000000	1.471276 
1856.000000	1.471978 
1854.000000	1.468226 
1852.000000	1.469606 
1850.000000	1.470612 
1848.000000	1.468539 
1846.000000	1.463150 
1844.000000	1.466647 
1842.000000	1.473343 
1840.000000	1.465563 
1838.000000	1.461871 
1836.000000	1.464298 
1834.000000	1.462997 
1832.000000	1.457985 
1830.000000	1.461913 
1828.000000	1.465938 
1826.000000	1.460727 
1824.000000	1.462778 
1822.000000	1.462324 
1820.000000	1.455913 
1818.000000	1.455147 
1816.000000	1.457554 
1814.000000	1.454941 
1812.000000	1.453265 
1810.000000	1.454964 
1808.000000	1.456514 
1806.000000	1.453250 
1804.000000	1.445451 
1802.000000	1.441168 
1800.000000	1.447242 
1798.000000	1.450425 
1796.000000	1.442878 
1794.000000	1.434955 
1792.000000	1.448241 
1790.000000	1.457145 
1788.000000	1.444131 
1786.000000	1.434791 
1784.000000	1.436414 
1782.000000	1.438602 
1780.000000	1.438372 
1778.000000	1.436751 
1776.000000	1.435112 
1774.000000	1.432953 
1772.000000	1.440565 
1770.000000	1.442235 
1768.000000	1.437660 
1766.000000	1.435609 
1764.000000	1.425256 
1762.000000	1.425077 
1760.000000	1.430801 
1758.000000	1.427736 
1756.000000	1.428743 
1754.000000	1.422958 
1752.000000	1.415613 
1750.000000	1.424568 
1748.000000	1.431633 
1746.000000	1.427661 
1744.000000	1.419801 
1742.000000	1.417921 
1740.000000	1.420127 
1738.000000	1.425896 
1736.000000	1.407747 
1734.000000	1.417153 
1732.000000	1.438457 
1730.000000	1.426498 
1728.000000	1.421699 
1726.000000	1.417315 
1724.000000	1.413712 
1722.000000	1.410660 
1720.000000	1.401031 
1718.000000	1.406210 
1716.000000	1.426225 
1714.000000	1.426374 
1712.000000	1.415594 
1710.000000	1.403593 
1708.000000	1.395329 
1706.000000	1.399706 
1704.000000	1.403960 
1702.000000	1.382706 
1700.000000	1.399714 
1698.000000	1.410812 
1696.000000	1.405008 
1694.000000	1.411466 
1692.000000	1.392357 
1690.000000	1.384306 
1688.000000	1.388119 
1686.000000	1.375885 
1684.000000	1.394861 
1682.000000	1.408751 
1680.000000	1.389558 
1678.000000	1.380749 
1676.000000	1.375428 
1674.000000	1.383762 
1672.000000	1.376247 
1670.000000	1.378508 
1668.000000	1.386766 
1666.000000	1.370216 
1664.000000	1.360187 
1662.000000	1.372287 
1660.000000	1.373592 
1658.000000	1.362816 
1656.000000	1.345751 
1654.000000	1.346217 
1652.000000	1.389152 
1650.000000	1.370109 
1648.000000	1.349366 
1646.000000	1.365340 
1644.000000	1.366337 
1642.000000	1.353549 
1640.000000	1.348914 
1638.000000	1.342634 
1636.000000	1.354377 
1634.000000	1.370874 
1632.000000	1.354180 
1630.000000	1.340747 
1628.000000	1.344454 
1626.000000	1.344823 
1624.000000	1.341701 
1622.000000	1.350260 
1620.000000	1.341455 
1618.000000	1.333027 
1616.000000	1.349007 
1614.000000	1.344330 
1612.000000	1.329599 
1610.000000	1.327265 
1608.000000	1.330425 
1606.000000	1.330287 
1604.000000	1.325244 
1602.000000	1.325476 
1600.000000	1.327074 
1598.000000	1.321135 
1596.000000	1.315477 
1594.000000	1.316132 
1592.000000	1.316840 
1590.000000	1.314083 
1588.000000	1.311051 
1586.000000	1.312335 
1584.000000	1.314982 
1582.000000	1.312003 
1580.000000	1.306102 
1578.000000	1.298092 
1576.000000	1.313062 
1574.000000	1.320803 
1572.000000	1.303345 
1570.000000	1.299990 
1568.000000	1.310200 
1566.000000	1.304830 
1564.000000	1.297974 
1562.000000	1.283153 
1560.000000	1.280903 
1558.000000	1.329197 
1556.000000	1.318087 
1554.000000	1.298102 
1552.000000	1.292797 
1550.000000	1.291041 
1548.000000	1.287948 
1546.000000	1.280688 
1544.000000	1.280597 
1542.000000	1.284598 
1540.000000	1.306292 
1538.000000	1.309159 
1536.000000	1.285218 
1534.000000	1.277301 
1532.000000	1.284470 
1530.000000	1.275766 
1528.000000	1.268713 
1526.000000	1.272382 
1524.000000	1.272923 
1522.000000	1.270450 
1520.000000	1.282688 
1518.000000	1.275612 
1516.000000	1.271606 
1514.000000	1.268002 
1512.000000	1.260488 
1510.000000	1.255272 
1508.000000	1.258005 
1506.000000	1.282107 
1504.000000	1.272580 
1502.000000	1.251058 
1500.000000	1.242466 
1498.000000	1.245568 
1496.000000	1.254884 
1494.000000	1.252348 
1492.000000	1.242964 
1490.000000	1.248860 
1488.000000	1.257055 
1486.000000	1.251714 
1484.000000	1.239742 
1482.000000	1.235658 
1480.000000	1.238491 
1478.000000	1.236821 
1476.000000	1.237540 
1474.000000	1.238070 
1472.000000	1.247412 
1470.000000	1.246451 
1468.000000	1.234394 
1466.000000	1.230228 
1464.000000	1.240478 
1462.000000	1.236361 
1460.000000	1.222580 
1458.000000	1.227627 
1456.000000	1.251496 
1454.000000	1.244297 
1452.000000	1.226830 
1450.000000	1.220870 
1448.000000	1.222391 
1446.000000	1.221387 
1444.000000	1.213596 
1442.000000	1.208655 
1440.000000	1.202571 
1438.000000	1.199847 
1436.000000	1.213770 
1434.000000	1.210013 
1432.000000	1.197660 
1430.000000	1.198318 
1428.000000	1.196425 
1426.000000	1.186840 
1424.000000	1.185371 
1422.000000	1.181901 
1420.000000	1.180017 
1418.000000	1.188750 
1416.000000	1.182084 
1414.000000	1.172667 
1412.000000	1.169871 
1410.000000	1.170678 
1408.000000	1.167841 
1406.000000	1.162933 
1404.000000	1.164744 
1402.000000	1.162038 
1400.000000	1.158512 
1398.000000	1.160181 
1396.000000	1.156509 
1394.000000	1.156774 
1392.000000	1.152154 
1390.000000	1.142751 
1388.000000	1.142428 
1386.000000	1.144798 
1384.000000	1.140565 
1382.000000	1.135779 
1380.000000	1.132492 
1378.000000	1.131104 
1376.000000	1.129350 
1374.000000	1.128810 
1372.000000	1.126697 
1370.000000	1.122864 
1368.000000	1.120705 
1366.000000	1.116591 
1364.000000	1.110507 
1362.000000	1.112773 
1360.000000	1.113746 
1358.000000	1.108584 
1356.000000	1.104131 
1354.000000	1.100067 
1352.000000	1.096416 
1350.000000	1.093520 
1348.000000	1.089418 
1346.000000	1.086902 
1344.000000	1.085579 
1342.000000	1.083375 
1340.000000	1.082617 
1338.000000	1.080670 
1336.000000	1.076476 
1334.000000	1.076520 
1332.000000	1.075654 
1330.000000	1.072065 
1328.000000	1.068751 
1326.000000	1.066557 
1324.000000	1.065634 
1322.000000	1.062757 
1320.000000	1.059443 
1318.000000	1.058457 
1316.000000	1.057465 
1314.000000	1.053769 
1312.000000	1.050340 
1310.000000	1.048657 
1308.000000	1.046487 
1306.000000	1.043797 
1304.000000	1.041744 
1302.000000	1.039144 
1300.000000	1.037715 
1298.000000	1.036293 
1296.000000	1.033872 
1294.000000	1.030976 
1292.000000	1.028014 
1290.000000	1.026243 
1288.000000	1.023807 
1286.000000	1.020173 
1284.000000	1.016617 
1282.000000	1.014457 
1280.000000	1.013337 
1278.000000	1.010272 
1276.000000	1.007412 
1274.000000	1.006225 
1272.000000	1.004154 
1270.000000	1.000122 
1268.000000	0.996500 
1266.000000	0.994390 
1264.000000	0.993100 
1262.000000	0.990159 
1260.000000	0.986595 
1258.000000	0.985531 
1256.000000	0.984394 
1254.000000	0.981235 
1252.000000	0.977219 
1250.000000	0.975373 
1248.000000	0.974111 
1246.000000	0.972976 
1244.000000	0.970391 
1242.000000	0.968629 
1240.000000	0.968624 
1238.000000	0.968115 
1236.000000	0.965811 
1234.000000	0.963824 
1232.000000	0.964105 
1230.000000	0.963699 
1228.000000	0.962452 
1226.000000	0.962537 
1224.000000	0.963435 
1222.000000	0.964423 
1220.000000	0.965851 
1218.000000	0.966780 
1216.000000	0.968542 
1214.000000	0.972896 
1212.000000	0.976324 
1210.000000	0.978860 
1208.000000	0.984226 
1206.000000	0.991030 
1204.000000	0.996695 
1202.000000	1.002091 
1200.000000	1.008626 
1198.000000	1.016256 
1196.000000	1.026000 
1194.000000	1.034712 
1192.000000	1.042912 
1190.000000	1.051315 
1188.000000	1.061384 
1186.000000	1.071702 
1184.000000	1.080916 
1182.000000	1.091174 
1180.000000	1.103328 
1178.000000	1.113644 
1176.000000	1.123200 
1174.000000	1.133287 
1172.000000	1.143140 
1170.000000	1.154175 
1168.000000	1.163515 
1166.000000	1.171798 
1164.000000	1.179984 
1162.000000	1.188970 
1160.000000	1.200315 
1158.000000	1.208364 
1156.000000	1.215064 
1154.000000	1.225394 
1152.000000	1.233058 
1150.000000	1.239040 
1148.000000	1.248247 
1146.000000	1.255815 
1144.000000	1.263960 
1142.000000	1.274309 
1140.000000	1.279441 
1138.000000	1.283970 
1136.000000	1.290415 
1134.000000	1.294530 
1132.000000	1.296445 
1130.000000	1.299181 
1128.000000	1.306420 
1126.000000	1.311908 
1124.000000	1.312258 
1122.000000	1.314790 
1120.000000	1.318887 
1118.000000	1.322331 
1116.000000	1.326540 
1114.000000	1.328034 
1112.000000	1.335114 
1110.000000	1.346969 
1108.000000	1.351747 
1106.000000	1.352877 
1104.000000	1.357269 
1102.000000	1.368094 
1100.000000	1.376008 
1098.000000	1.376087 
1096.000000	1.375502 
1094.000000	1.379591 
1092.000000	1.385099 
1090.000000	1.387967 
1088.000000	1.390565 
1086.000000	1.396405 
1084.000000	1.406481 
1082.000000	1.409753 
1080.000000	1.403808 
1078.000000	1.402723 
1076.000000	1.413063 
1074.000000	1.419662 
1072.000000	1.420806 
1070.000000	1.423966 
1068.000000	1.424518 
1066.000000	1.424642 
1064.000000	1.421718 
1062.000000	1.420626 
1060.000000	1.421139 
1058.000000	1.423359 
1056.000000	1.425562 
1054.000000	1.416520 
1052.000000	1.408526 
1050.000000	1.409979 
1048.000000	1.410431 
1046.000000	1.403881 
1044.000000	1.394044 
1042.000000	1.384994 
1040.000000	1.374365 
1038.000000	1.360932 
1036.000000	1.345588 
1034.000000	1.335432 
1032.000000	1.326318 
1030.000000	1.308499 
1028.000000	1.290364 
1026.000000	1.271368 
1024.000000	1.252163 
1022.000000	1.238529 
1020.000000	1.217750 
1018.000000	1.194389 
1016.000000	1.172134 
1014.000000	1.149863 
1012.000000	1.129258 
1010.000000	1.104278 
1008.000000	1.078669 
1006.000000	1.054903 
1004.000000	1.030605 
1002.000000	1.007332 
1000.000000	0.985311 
998.000000	 0.965783 
996.000000	 0.949089 
994.000000	 0.933140 
992.000000	 0.922231 
990.000000	 0.919606 
988.000000	 0.921646 
986.000000	 0.926490 
984.000000	 0.934896 
982.000000	 0.945257 
980.000000	 0.951550 
978.000000	 0.951472 
976.000000	 0.945033 
974.000000	 0.932634 
972.000000	 0.913902 
970.000000	 0.893011 
968.000000	 0.872289 
966.000000	 0.852895 
964.000000	 0.839396 
962.000000	 0.829663 
960.000000	 0.819541 
958.000000	 0.810194 
956.000000	 0.803639 
954.000000	 0.801586 
952.000000	 0.802428 
950.000000	 0.804538 
948.000000	 0.809436 
946.000000	 0.816598 
944.000000	 0.825058 
942.000000	 0.833590 
940.000000	 0.838322 
938.000000	 0.839876 
936.000000	 0.840555 
934.000000	 0.838002 
932.000000	 0.832371 
930.000000	 0.826578 
928.000000	 0.820975 
926.000000	 0.814548 
924.000000	 0.809232 
922.000000	 0.806858 
920.000000	 0.807374 
918.000000	 0.809606 
916.000000	 0.810756 
914.000000	 0.810127 
912.000000	 0.806415 
910.000000	 0.802244 
908.000000	 0.800216 
906.000000	 0.794969 
904.000000	 0.786599 
902.000000	 0.778285 
900.000000	 0.770125 
898.000000	 0.763688 
896.000000	 0.759566 
894.000000	 0.760204 
892.000000	 0.765823 
890.000000	 0.772614 
888.000000	 0.782838 
886.000000	 0.798307 
884.000000	 0.813764 
882.000000	 0.826890 
880.000000	 0.838326 
878.000000	 0.848759 
876.000000	 0.859326 
874.000000	 0.866091 
872.000000	 0.869162 
870.000000	 0.872468 
868.000000	 0.874230 
866.000000	 0.873898 
864.000000	 0.873259 
862.000000	 0.869752 
860.000000	 0.867974 
858.000000	 0.866325 
856.000000	 0.860303 
854.000000	 0.855706 
852.000000	 0.852722 
850.000000	 0.849981 
848.000000	 0.847616 
846.000000	 0.844360 
844.000000	 0.842982 
842.000000	 0.844224 
840.000000	 0.841913 
838.000000	 0.836192 
836.000000	 0.829506 
834.000000	 0.821431 
832.000000	 0.809772 
830.000000	 0.792021 
828.000000	 0.773067 
826.000000	 0.756466 
824.000000	 0.737660 
822.000000	 0.718207 
820.000000	 0.701763 
818.000000	 0.687624 
816.000000	 0.674693 
814.000000	 0.662228 
812.000000	 0.649878 
810.000000	 0.639304 
808.000000	 0.632341 
806.000000	 0.625223 
804.000000	 0.616522 
802.000000	 0.608855 
800.000000	 0.601685 
798.000000	 0.592970 
796.000000	 0.583322 
794.000000	 0.574861 
792.000000	 0.566320 
790.000000	 0.557342 
788.000000	 0.548665 
786.000000	 0.538768 
784.000000	 0.529322 
782.000000	 0.522352 
780.000000	 0.514696 
778.000000	 0.506074 
776.000000	 0.497921 
774.000000	 0.491150 
772.000000	 0.485095 
770.000000	 0.477959 
768.000000	 0.472270 
766.000000	 0.468237 
764.000000	 0.464148 
762.000000	 0.459761 
760.000000	 0.455170 
758.000000	 0.452365 
756.000000	 0.450751 
754.000000	 0.448652 
752.000000	 0.446945 
750.000000	 0.445968 
748.000000	 0.445664 
746.000000	 0.445906 
744.000000	 0.446027 
742.000000	 0.446120 
740.000000	 0.447645 
738.000000	 0.449740 
736.000000	 0.450941 
734.000000	 0.452292 
732.000000	 0.453909 
730.000000	 0.455832 
728.000000	 0.457784 
726.000000	 0.459874 
724.000000	 0.463437 
722.000000	 0.466847 
720.000000	 0.469345 
718.000000	 0.472486 
716.000000	 0.475898 
714.000000	 0.479930 
712.000000	 0.484224 
710.000000	 0.487344 
708.000000	 0.488540 
706.000000	 0.489211 
704.000000	 0.488964 
702.000000	 0.486553 
700.000000	 0.482289 
698.000000	 0.478784 
696.000000	 0.476907 
694.000000	 0.475508 
692.000000	 0.474547 
690.000000	 0.475619 
688.000000	 0.478171 
686.000000	 0.482723 
684.000000	 0.488259 
682.000000	 0.491419 
680.000000	 0.496265 
678.000000	 0.504655 
676.000000	 0.513745 
674.000000	 0.522875 
672.000000	 0.528530 
670.000000	 0.526847 
668.000000	 0.527517 
666.000000	 0.531384 
664.000000	 0.525483 
662.000000	 0.514977 
660.000000	 0.505422 
658.000000	 0.497708 
656.000000	 0.490955 
654.000000	 0.486902 
652.000000	 0.485395 
650.000000	 0.485687 
648.000000	 0.488261 
646.000000	 0.494884 
644.000000	 0.503001 
642.000000	 0.510559 
640.000000	 0.518126 
638.000000	 0.526788 
636.000000	 0.538076 
634.000000	 0.549188 
632.000000	 0.557021 
630.000000	 0.560271 
628.000000	 0.558217 
626.000000	 0.551219 
624.000000	 0.533870 
622.000000	 0.507627 
620.000000	 0.476710 
618.000000	 0.440093 
616.000000	 0.403052 
614.000000	 0.369465 
612.000000	 0.341022 
610.000000	 0.320490 
608.000000	 0.303809 
606.000000	 0.285848 
604.000000	 0.269684 
602.000000	 0.256245 
600.000000	 0.244551 
598.000000	 0.232866 
596.000000	 0.221522 
594.000000	 0.212550 
592.000000	 0.205218 
590.000000	 0.197107 
588.000000	 0.189581 
586.000000	 0.183612 
584.000000	 0.178389 
582.000000	 0.173470 
580.000000	 0.167865 
578.000000	 0.161801 
576.000000	 0.156741 
574.000000	 0.151484 
572.000000	 0.145585 
570.000000	 0.139453 
568.000000	 0.134718 
566.000000	 0.132087 
564.000000	 0.128899 
562.000000	 0.124303 
560.000000	 0.119897 
558.000000	 0.116471 
556.000000	 0.113095 
554.000000	 0.110035 
552.000000	 0.108523 
550.000000	 0.107813 
548.000000	 0.106474 
546.000000	 0.104040 
544.000000	 0.100632 
542.000000	 0.098469 
540.000000	 0.097348 
538.000000	 0.096011 
536.000000	 0.094257 
534.000000	 0.092819 
532.000000	 0.091789 
530.000000	 0.090577 
528.000000	 0.089669 
526.000000	 0.089393 
524.000000	 0.088432 
522.000000	 0.088353 
520.000000	 0.088446 
518.000000	 0.087455 
516.000000	 0.087787 
514.000000	 0.090878 
512.000000	 0.094115 
510.000000	 0.094798 
508.000000	 0.093808 
506.000000	 0.093048 
504.000000	 0.092421 
502.000000	 0.091037 
500.000000	 0.089025 
498.000000	 0.088487 
496.000000	 0.089179 
494.000000	 0.089677 
492.000000	 0.090643 
490.000000	 0.091499 
488.000000	 0.092823 
486.000000	 0.094110 
484.000000	 0.095235 
482.000000	 0.095844 
480.000000	 0.098032 
478.000000	 0.100490 
476.000000	 0.101037 
474.000000	 0.103270 
472.000000	 0.106253 
470.000000	 0.107408 
468.000000	 0.108320 
466.000000	 0.108079 
464.000000	 0.107939 
462.000000	 0.109499 
460.000000	 0.111157 
458.000000	 0.110672 
456.000000	 0.110147 
454.000000	 0.112433 
452.000000	 0.113981 
450.000000	 0.111141 

