4400.000000	1.655688 
4398.000000	1.661822 
4396.000000	1.649150 
4394.000000	1.639403 
4392.000000	1.641004 
4390.000000	1.642897 
4388.000000	1.648583 
4386.000000	1.650315 
4384.000000	1.646391 
4382.000000	1.637215 
4380.000000	1.638668 
4378.000000	1.656852 
4376.000000	1.660086 
4374.000000	1.649408 
4372.000000	1.641947 
4370.000000	1.640452 
4368.000000	1.642347 
4366.000000	1.640623 
4364.000000	1.641765 
4362.000000	1.638831 
4360.000000	1.635821 
4358.000000	1.644885 
4356.000000	1.649764 
4354.000000	1.648073 
4352.000000	1.638119 
4350.000000	1.634601 
4348.000000	1.638619 
4346.000000	1.642206 
4344.000000	1.651603 
4342.000000	1.659150 
4340.000000	1.652128 
4338.000000	1.640040 
4336.000000	1.644250 
4334.000000	1.654093 
4332.000000	1.649847 
4330.000000	1.640727 
4328.000000	1.638452 
4326.000000	1.642756 
4324.000000	1.646873 
4322.000000	1.643571 
4320.000000	1.633326 
4318.000000	1.624025 
4316.000000	1.624880 
4314.000000	1.639308 
4312.000000	1.643876 
4310.000000	1.640366 
4308.000000	1.632939 
4306.000000	1.631803 
4304.000000	1.638276 
4302.000000	1.633300 
4300.000000	1.637224 
4298.000000	1.649265 
4296.000000	1.644332 
4294.000000	1.634485 
4292.000000	1.637638 
4290.000000	1.641298 
4288.000000	1.640442 
4286.000000	1.642628 
4284.000000	1.646098 
4282.000000	1.641897 
4280.000000	1.637534 
4278.000000	1.644606 
4276.000000	1.643789 
4274.000000	1.640741 
4272.000000	1.648326 
4270.000000	1.645081 
4268.000000	1.636753 
4266.000000	1.638056 
4264.000000	1.641054 
4262.000000	1.646543 
4260.000000	1.651942 
4258.000000	1.650926 
4256.000000	1.649427 
4254.000000	1.649884 
4252.000000	1.648933 
4250.000000	1.646556 
4248.000000	1.644903 
4246.000000	1.640691 
4244.000000	1.635915 
4242.000000	1.639065 
4240.000000	1.641058 
4238.000000	1.639828 
4236.000000	1.635275 
4234.000000	1.634271 
4232.000000	1.640221 
4230.000000	1.643061 
4228.000000	1.639223 
4226.000000	1.633549 
4224.000000	1.639895 
4222.000000	1.648896 
4220.000000	1.645461 
4218.000000	1.640176 
4216.000000	1.642260 
4214.000000	1.640827 
4212.000000	1.633905 
4210.000000	1.628848 
4208.000000	1.628104 
4206.000000	1.630868 
4204.000000	1.635074 
4202.000000	1.642988 
4200.000000	1.642165 
4198.000000	1.635826 
4196.000000	1.635200 
4194.000000	1.636300 
4192.000000	1.636704 
4190.000000	1.641244 
4188.000000	1.642051 
4186.000000	1.642683 
4184.000000	1.647107 
4182.000000	1.646579 
4180.000000	1.638421 
4178.000000	1.637247 
4176.000000	1.641579 
4174.000000	1.643881 
4172.000000	1.640117 
4170.000000	1.636014 
4168.000000	1.638835 
4166.000000	1.640891 
4164.000000	1.640700 
4162.000000	1.635182 
4160.000000	1.627774 
4158.000000	1.630056 
4156.000000	1.637462 
4154.000000	1.640850 
4152.000000	1.637476 
4150.000000	1.631727 
4148.000000	1.633028 
4146.000000	1.640090 
4144.000000	1.640814 
4142.000000	1.635432 
4140.000000	1.635070 
4138.000000	1.637189 
4136.000000	1.641498 
4134.000000	1.644848 
4132.000000	1.640854 
4130.000000	1.635969 
4128.000000	1.634418 
4126.000000	1.642269 
4124.000000	1.642778 
4122.000000	1.639534 
4120.000000	1.641371 
4118.000000	1.641203 
4116.000000	1.627998 
4114.000000	1.620580 
4112.000000	1.627673 
4110.000000	1.631860 
4108.000000	1.631165 
4106.000000	1.632038 
4104.000000	1.627577 
4102.000000	1.623729 
4100.000000	1.635155 
4098.000000	1.645072 
4096.000000	1.641026 
4094.000000	1.639065 
4092.000000	1.637642 
4090.000000	1.635580 
4088.000000	1.639719 
4086.000000	1.640022 
4084.000000	1.635996 
4082.000000	1.634191 
4080.000000	1.633398 
4078.000000	1.636085 
4076.000000	1.636014 
4074.000000	1.635960 
4072.000000	1.642560 
4070.000000	1.649741 
4068.000000	1.644405 
4066.000000	1.637543 
4064.000000	1.630465 
4062.000000	1.629138 
4060.000000	1.630262 
4058.000000	1.631289 
4056.000000	1.639281 
4054.000000	1.643548 
4052.000000	1.639124 
4050.000000	1.640171 
4048.000000	1.643265 
4046.000000	1.639688 
4044.000000	1.635083 
4042.000000	1.635557 
4040.000000	1.638096 
4038.000000	1.639227 
4036.000000	1.642215 
4034.000000	1.639543 
4032.000000	1.635951 
4030.000000	1.635647 
4028.000000	1.630074 
4026.000000	1.635159 
4024.000000	1.641325 
4022.000000	1.639011 
4020.000000	1.634079 
4018.000000	1.637139 
4016.000000	1.642360 
4014.000000	1.642724 
4012.000000	1.642965 
4010.000000	1.644926 
4008.000000	1.650389 
4006.000000	1.655215 
4004.000000	1.654154 
4002.000000	1.647972 
4000.000000	1.641820 
3998.000000	1.638231 
3996.000000	1.631439 
3994.000000	1.629994 
3992.000000	1.637620 
3990.000000	1.644565 
3988.000000	1.648262 
3986.000000	1.643552 
3984.000000	1.637269 
3982.000000	1.638961 
3980.000000	1.639358 
3978.000000	1.635092 
3976.000000	1.635495 
3974.000000	1.644743 
3972.000000	1.649053 
3970.000000	1.644259 
3968.000000	1.640280 
3966.000000	1.635115 
3964.000000	1.631076 
3962.000000	1.633375 
3960.000000	1.640063 
3958.000000	1.639846 
3956.000000	1.637728 
3954.000000	1.639760 
3952.000000	1.640442 
3950.000000	1.639932 
3948.000000	1.641403 
3946.000000	1.638551 
3944.000000	1.639936 
3942.000000	1.645699 
3940.000000	1.643662 
3938.000000	1.640995 
3936.000000	1.641525 
3934.000000	1.641040 
3932.000000	1.641625 
3930.000000	1.643794 
3928.000000	1.640090 
3926.000000	1.638754 
3924.000000	1.642769 
3922.000000	1.639133 
3920.000000	1.640909 
3918.000000	1.642656 
3916.000000	1.639977 
3914.000000	1.640963 
3912.000000	1.636471 
3910.000000	1.634574 
3908.000000	1.638119 
3906.000000	1.642656 
3904.000000	1.646423 
3902.000000	1.654453 
3900.000000	1.657068 
3898.000000	1.650130 
3896.000000	1.642442 
3894.000000	1.636444 
3892.000000	1.638362 
3890.000000	1.646217 
3888.000000	1.644474 
3886.000000	1.640298 
3884.000000	1.651482 
3882.000000	1.657783 
3880.000000	1.655028 
3878.000000	1.651803 
3876.000000	1.650944 
3874.000000	1.651366 
3872.000000	1.643657 
3870.000000	1.645457 
3868.000000	1.655159 
3866.000000	1.657472 
3864.000000	1.657835 
3862.000000	1.653007 
3860.000000	1.644899 
3858.000000	1.640126 
3856.000000	1.637197 
3854.000000	1.651334 
3852.000000	1.676625 
3850.000000	1.673314 
3848.000000	1.657787 
3846.000000	1.644227 
3844.000000	1.640628 
3842.000000	1.645027 
3840.000000	1.654972 
3838.000000	1.663484 
3836.000000	1.663355 
3834.000000	1.656086 
3832.000000	1.651176 
3830.000000	1.653030 
3828.000000	1.656448 
3826.000000	1.657213 
3824.000000	1.651496 
3822.000000	1.653818 
3820.000000	1.672413 
3818.000000	1.667264 
3816.000000	1.655688 
3814.000000	1.652872 
3812.000000	1.647558 
3810.000000	1.645489 
3808.000000	1.641570 
3806.000000	1.647199 
3804.000000	1.649455 
3802.000000	1.652900 
3800.000000	1.671056 
3798.000000	1.676665 
3796.000000	1.666922 
3794.000000	1.653016 
3792.000000	1.647392 
3790.000000	1.646474 
3788.000000	1.639950 
3786.000000	1.640483 
3784.000000	1.649912 
3782.000000	1.653198 
3780.000000	1.649810 
3778.000000	1.651612 
3776.000000	1.654065 
3774.000000	1.651710 
3772.000000	1.653874 
3770.000000	1.660536 
3768.000000	1.662631 
3766.000000	1.659060 
3764.000000	1.657853 
3762.000000	1.661475 
3760.000000	1.667663 
3758.000000	1.671663 
3756.000000	1.674037 
3754.000000	1.664654 
3752.000000	1.670319 
3750.000000	1.694761 
3748.000000	1.703942 
3746.000000	1.694229 
3744.000000	1.711083 
3742.000000	1.724740 
3740.000000	1.711174 
3738.000000	1.705058 
3736.000000	1.716886 
3734.000000	1.724444 
3732.000000	1.722357 
3730.000000	1.713940 
3728.000000	1.698882 
3726.000000	1.693502 
3724.000000	1.701607 
3722.000000	1.709071 
3720.000000	1.712849 
3718.000000	1.709776 
3716.000000	1.704193 
3714.000000	1.703894 
3712.000000	1.713908 
3710.000000	1.737034 
3708.000000	1.738647 
3706.000000	1.727396 
3704.000000	1.724746 
3702.000000	1.737153 
3700.000000	1.743736 
3698.000000	1.738625 
3696.000000	1.739425 
3694.000000	1.739488 
3692.000000	1.744557 
3690.000000	1.754789 
3688.000000	1.768651 
3686.000000	1.772410 
3684.000000	1.764496 
3682.000000	1.760978 
3680.000000	1.763168 
3678.000000	1.766759 
3676.000000	1.794579 
3674.000000	1.826995 
3672.000000	1.825794 
3670.000000	1.827162 
3668.000000	1.829778 
3666.000000	1.819947 
3664.000000	1.812172 
3662.000000	1.809693 
3660.000000	1.804826 
3658.000000	1.798168 
3656.000000	1.813228 
3654.000000	1.820660 
3652.000000	1.798226 
3650.000000	1.798038 
3648.000000	1.820496 
3646.000000	1.838378 
3644.000000	1.839049 
3642.000000	1.829512 
3640.000000	1.831558 
3638.000000	1.834208 
3636.000000	1.831987 
3634.000000	1.832501 
3632.000000	1.836846 
3630.000000	1.831881 
3628.000000	1.851183 
3626.000000	1.860761 
3624.000000	1.844711 
3622.000000	1.836285 
3620.000000	1.837636 
3618.000000	1.842976 
3616.000000	1.841479 
3614.000000	1.831917 
3612.000000	1.828046 
3610.000000	1.843908 
3608.000000	1.865979 
3606.000000	1.861152 
3604.000000	1.852147 
3602.000000	1.841536 
3600.000000	1.830184 
3598.000000	1.835001 
3596.000000	1.842501 
3594.000000	1.842443 
3592.000000	1.835271 
3590.000000	1.827767 
3588.000000	1.848814 
3586.000000	1.870112 
3584.000000	1.865226 
3582.000000	1.857774 
3580.000000	1.859876 
3578.000000	1.858693 
3576.000000	1.850346 
3574.000000	1.850133 
3572.000000	1.854325 
3570.000000	1.844414 
3568.000000	1.839908 
3566.000000	1.858438 
3564.000000	1.873441 
3562.000000	1.871835 
3560.000000	1.857878 
3558.000000	1.857162 
3556.000000	1.861265 
3554.000000	1.853852 
3552.000000	1.860206 
3550.000000	1.866131 
3548.000000	1.865204 
3546.000000	1.874712 
3544.000000	1.886526 
3542.000000	1.885555 
3540.000000	1.874495 
3538.000000	1.863565 
3536.000000	1.866191 
3534.000000	1.878217 
3532.000000	1.883151 
3530.000000	1.873906 
3528.000000	1.864680 
3526.000000	1.870627 
3524.000000	1.876944 
3522.000000	1.871773 
3520.000000	1.870327 
3518.000000	1.876212 
3516.000000	1.884847 
3514.000000	1.893599 
3512.000000	1.886168 
3510.000000	1.861611 
3508.000000	1.861070 
3506.000000	1.875294 
3504.000000	1.886837 
3502.000000	1.896773 
3500.000000	1.891224 
3498.000000	1.890451 
3496.000000	1.905180 
3494.000000	1.906756 
3492.000000	1.889775 
3490.000000	1.879032 
3488.000000	1.894021 
3486.000000	1.901988 
3484.000000	1.893826 
3482.000000	1.895817 
3480.000000	1.895940 
3478.000000	1.885046 
3476.000000	1.886766 
3474.000000	1.887892 
3472.000000	1.889832 
3470.000000	1.895964 
3468.000000	1.891079 
3466.000000	1.887205 
3464.000000	1.885054 
3462.000000	1.886048 
3460.000000	1.895248 
3458.000000	1.895329 
3456.000000	1.885929 
3454.000000	1.884070 
3452.000000	1.882953 
3450.000000	1.881359 
3448.000000	1.883088 
3446.000000	1.876547 
3444.000000	1.876632 
3442.000000	1.879141 
3440.000000	1.880124 
3438.000000	1.890877 
3436.000000	1.897403 
3434.000000	1.889984 
3432.000000	1.887964 
3430.000000	1.888100 
3428.000000	1.890161 
3426.000000	1.887428 
3424.000000	1.881611 
3422.000000	1.882542 
3420.000000	1.881895 
3418.000000	1.876866 
3416.000000	1.881139 
3414.000000	1.881501 
3412.000000	1.876492 
3410.000000	1.879635 
3408.000000	1.889454 
3406.000000	1.893794 
3404.000000	1.893235 
3402.000000	1.892572 
3400.000000	1.889518 
3398.000000	1.880383 
3396.000000	1.875465 
3394.000000	1.884395 
3392.000000	1.885682 
3390.000000	1.882661 
3388.000000	1.877756 
3386.000000	1.871373 
3384.000000	1.869161 
3382.000000	1.871119 
3380.000000	1.875131 
3378.000000	1.871673 
3376.000000	1.872421 
3374.000000	1.870727 
3372.000000	1.861589 
3370.000000	1.860821 
3368.000000	1.868014 
3366.000000	1.869613 
3364.000000	1.864802 
3362.000000	1.864695 
3360.000000	1.865743 
3358.000000	1.866793 
3356.000000	1.868595 
3354.000000	1.871997 
3352.000000	1.873944 
3350.000000	1.869529 
3348.000000	1.862727 
3346.000000	1.861039 
3344.000000	1.863422 
3342.000000	1.861243 
3340.000000	1.859156 
3338.000000	1.860183 
3336.000000	1.858565 
3334.000000	1.857975 
3332.000000	1.861837 
3330.000000	1.865264 
3328.000000	1.864582 
3326.000000	1.855593 
3324.000000	1.854599 
3322.000000	1.861709 
3320.000000	1.866161 
3318.000000	1.857923 
3316.000000	1.849393 
3314.000000	1.851021 
3312.000000	1.850639 
3310.000000	1.844421 
3308.000000	1.843236 
3306.000000	1.849430 
3304.000000	1.850126 
3302.000000	1.842184 
3300.000000	1.837081 
3298.000000	1.832592 
3296.000000	1.830674 
3294.000000	1.832508 
3292.000000	1.835072 
3290.000000	1.837950 
3288.000000	1.837316 
3286.000000	1.838806 
3284.000000	1.842652 
3282.000000	1.843691 
3280.000000	1.842357 
3278.000000	1.840868 
3276.000000	1.838392 
3274.000000	1.834938 
3272.000000	1.837544 
3270.000000	1.837359 
3268.000000	1.835037 
3266.000000	1.835363 
3264.000000	1.831081 
3262.000000	1.828360 
3260.000000	1.825787 
3258.000000	1.823374 
3256.000000	1.824361 
3254.000000	1.826766 
3252.000000	1.817832 
3250.000000	1.809266 
3248.000000	1.813383 
3246.000000	1.817580 
3244.000000	1.822039 
3242.000000	1.819530 
3240.000000	1.810335 
3238.000000	1.810201 
3236.000000	1.816914 
3234.000000	1.817172 
3232.000000	1.813086 
3230.000000	1.816778 
3228.000000	1.820324 
3226.000000	1.812078 
3224.000000	1.803448 
3222.000000	1.805223 
3220.000000	1.814077 
3218.000000	1.814381 
3216.000000	1.810368 
3214.000000	1.808426 
3212.000000	1.806003 
3210.000000	1.804450 
3208.000000	1.808199 
3206.000000	1.807674 
3204.000000	1.800110 
3202.000000	1.796998 
3200.000000	1.794579 
3198.000000	1.791597 
3196.000000	1.796435 
3194.000000	1.794618 
3192.000000	1.787751 
3190.000000	1.786407 
3188.000000	1.789928 
3186.000000	1.794147 
3184.000000	1.793221 
3182.000000	1.789278 
3180.000000	1.787942 
3178.000000	1.789437 
3176.000000	1.786388 
3174.000000	1.783939 
3172.000000	1.783983 
3170.000000	1.778447 
3168.000000	1.773282 
3166.000000	1.776357 
3164.000000	1.778782 
3162.000000	1.775801 
3160.000000	1.776147 
3158.000000	1.772846 
3156.000000	1.769935 
3154.000000	1.779679 
3152.000000	1.782965 
3150.000000	1.773153 
3148.000000	1.764376 
3146.000000	1.760518 
3144.000000	1.769076 
3142.000000	1.774056 
3140.000000	1.768274 
3138.000000	1.764713 
3136.000000	1.766904 
3134.000000	1.760679 
3132.000000	1.758222 
3130.000000	1.763823 
3128.000000	1.764424 
3126.000000	1.756647 
3124.000000	1.753367 
3122.000000	1.760441 
3120.000000	1.756978 
3118.000000	1.747025 
3116.000000	1.747649 
3114.000000	1.748739 
3112.000000	1.741407 
3110.000000	1.736588 
3108.000000	1.734898 
3106.000000	1.735517 
3104.000000	1.740648 
3102.000000	1.740102 
3100.000000	1.740568 
3098.000000	1.739704 
3096.000000	1.739516 
3094.000000	1.740085 
3092.000000	1.738273 
3090.000000	1.733943 
3088.000000	1.729606 
3086.000000	1.732219 
3084.000000	1.732269 
3082.000000	1.724180 
3080.000000	1.726783 
3078.000000	1.731594 
3076.000000	1.728480 
3074.000000	1.727650 
3072.000000	1.724054 
3070.000000	1.719885 
3068.000000	1.720624 
3066.000000	1.720531 
3064.000000	1.719071 
3062.000000	1.718811 
3060.000000	1.720379 
3058.000000	1.721375 
3056.000000	1.719136 
3054.000000	1.710775 
3052.000000	1.711936 
3050.000000	1.711680 
3048.000000	1.705426 
3046.000000	1.704062 
3044.000000	1.697054 
3042.000000	1.697822 
3040.000000	1.703921 
3038.000000	1.701712 
3036.000000	1.701519 
3034.000000	1.702181 
3032.000000	1.701061 
3030.000000	1.699581 
3028.000000	1.696225 
3026.000000	1.695937 
3024.000000	1.695423 
3022.000000	1.695937 
3020.000000	1.698872 
3018.000000	1.696704 
3016.000000	1.691737 
3014.000000	1.687161 
3012.000000	1.687367 
3010.000000	1.690741 
3008.000000	1.692359 
3006.000000	1.690939 
3004.000000	1.690106 
3002.000000	1.693615 
3000.000000	1.695834 
2998.000000	1.690172 
2996.000000	1.685933 
2994.000000	1.690553 
2992.000000	1.696240 
2990.000000	1.689650 
2988.000000	1.679135 
2986.000000	1.687594 
2984.000000	1.696544 
2982.000000	1.696117 
2980.000000	1.694050 
2978.000000	1.696225 
2976.000000	1.694551 
2974.000000	1.686954 
2972.000000	1.685672 
2970.000000	1.689280 
2968.000000	1.692573 
2966.000000	1.697931 
2964.000000	1.701441 
2962.000000	1.700385 
2960.000000	1.693937 
2958.000000	1.687816 
2956.000000	1.684099 
2954.000000	1.682107 
2952.000000	1.682985 
2950.000000	1.684199 
2948.000000	1.688684 
2946.000000	1.691946 
2944.000000	1.685331 
2942.000000	1.684339 
2940.000000	1.693819 
2938.000000	1.693947 
2936.000000	1.688593 
2934.000000	1.686859 
2932.000000	1.691641 
2930.000000	1.695665 
2928.000000	1.693651 
2926.000000	1.690406 
2924.000000	1.684079 
2922.000000	1.680835 
2920.000000	1.682048 
2918.000000	1.683594 
2916.000000	1.683599 
2914.000000	1.678009 
2912.000000	1.668877 
2910.000000	1.663131 
2908.000000	1.662259 
2906.000000	1.663407 
2904.000000	1.663894 
2902.000000	1.662935 
2900.000000	1.662526 
2898.000000	1.662978 
2896.000000	1.656391 
2894.000000	1.650370 
2892.000000	1.647769 
2890.000000	1.644602 
2888.000000	1.645507 
2886.000000	1.652514 
2884.000000	1.654537 
2882.000000	1.650190 
2880.000000	1.650620 
2878.000000	1.653198 
2876.000000	1.652793 
2874.000000	1.652704 
2872.000000	1.653026 
2870.000000	1.655740 
2868.000000	1.657627 
2866.000000	1.655435 
2864.000000	1.654135 
2862.000000	1.652053 
2860.000000	1.651793 
2858.000000	1.656617 
2856.000000	1.654000 
2854.000000	1.644981 
2852.000000	1.640651 
2850.000000	1.642156 
2848.000000	1.642265 
2846.000000	1.632442 
2844.000000	1.628368 
2842.000000	1.635191 
2840.000000	1.631049 
2838.000000	1.627269 
2836.000000	1.630426 
2834.000000	1.632286 
2832.000000	1.632917 
2830.000000	1.631337 
2828.000000	1.628874 
2826.000000	1.631856 
2824.000000	1.628504 
2822.000000	1.622455 
2820.000000	1.622803 
2818.000000	1.625710 
2816.000000	1.627994 
2814.000000	1.627247 
2812.000000	1.622677 
2810.000000	1.621614 
2808.000000	1.622929 
2806.000000	1.618657 
2804.000000	1.614435 
2802.000000	1.616961 
2800.000000	1.620978 
2798.000000	1.622851 
2796.000000	1.622464 
2794.000000	1.618691 
2792.000000	1.613724 
2790.000000	1.612900 
2788.000000	1.612696 
2786.000000	1.612887 
2784.000000	1.615980 
2782.000000	1.618167 
2780.000000	1.615416 
2778.000000	1.612408 
2776.000000	1.615468 
2774.000000	1.616425 
2772.000000	1.612458 
2770.000000	1.610505 
2768.000000	1.611642 
2766.000000	1.612134 
2764.000000	1.610459 
2762.000000	1.612751 
2760.000000	1.618180 
2758.000000	1.616387 
2756.000000	1.612649 
2754.000000	1.608971 
2752.000000	1.603876 
2750.000000	1.604313 
2748.000000	1.608954 
2746.000000	1.609417 
2744.000000	1.605630 
2742.000000	1.601971 
2740.000000	1.603336 
2738.000000	1.606462 
2736.000000	1.605300 
2734.000000	1.602692 
2732.000000	1.602771 
2730.000000	1.604983 
2728.000000	1.605313 
2726.000000	1.607211 
2724.000000	1.607769 
2722.000000	1.602966 
2720.000000	1.599292 
2718.000000	1.604250 
2716.000000	1.606746 
2714.000000	1.600747 
2712.000000	1.597158 
2710.000000	1.598725 
2708.000000	1.600293 
2706.000000	1.603493 
2704.000000	1.607605 
2702.000000	1.608904 
2700.000000	1.608227 
2698.000000	1.605847 
2696.000000	1.603963 
2694.000000	1.606675 
2692.000000	1.606286 
2690.000000	1.601810 
2688.000000	1.600797 
2686.000000	1.601429 
2684.000000	1.601520 
2682.000000	1.602083 
2680.000000	1.601400 
2678.000000	1.596601 
2676.000000	1.596135 
2674.000000	1.598939 
2672.000000	1.600743 
2670.000000	1.600813 
2668.000000	1.598203 
2666.000000	1.591497 
2664.000000	1.592489 
2662.000000	1.594665 
2660.000000	1.595215 
2658.000000	1.596099 
2656.000000	1.594861 
2654.000000	1.597473 
2652.000000	1.598228 
2650.000000	1.596340 
2648.000000	1.594580 
2646.000000	1.592569 
2644.000000	1.595646 
2642.000000	1.597019 
2640.000000	1.591663 
2638.000000	1.592310 
2636.000000	1.597982 
2634.000000	1.600785 
2632.000000	1.600397 
2630.000000	1.596569 
2628.000000	1.591659 
2626.000000	1.587186 
2624.000000	1.586139 
2622.000000	1.585771 
2620.000000	1.587398 
2618.000000	1.591922 
2616.000000	1.589127 
2614.000000	1.584959 
2612.000000	1.588593 
2610.000000	1.588107 
2608.000000	1.586063 
2606.000000	1.589360 
2604.000000	1.589501 
2602.000000	1.587306 
2600.000000	1.586818 
2598.000000	1.587394 
2596.000000	1.589308 
2594.000000	1.589658 
2592.000000	1.586298 
2590.000000	1.583857 
2588.000000	1.587839 
2586.000000	1.590851 
2584.000000	1.587879 
2582.000000	1.588139 
2580.000000	1.591542 
2578.000000	1.592201 
2576.000000	1.589453 
2574.000000	1.585779 
2572.000000	1.586426 
2570.000000	1.588360 
2568.000000	1.591594 
2566.000000	1.591234 
2564.000000	1.587602 
2562.000000	1.583167 
2560.000000	1.583071 
2558.000000	1.584362 
2556.000000	1.583036 
2554.000000	1.582117 
2552.000000	1.580573 
2550.000000	1.578080 
2548.000000	1.578601 
2546.000000	1.580881 
2544.000000	1.579448 
2542.000000	1.575583 
2540.000000	1.579125 
2538.000000	1.583579 
2536.000000	1.583413 
2534.000000	1.584044 
2532.000000	1.587314 
2530.000000	1.588504 
2528.000000	1.586190 
2526.000000	1.581627 
2524.000000	1.581880 
2522.000000	1.579719 
2520.000000	1.572013 
2518.000000	1.571357 
2516.000000	1.576605 
2514.000000	1.577900 
2512.000000	1.574571 
2510.000000	1.578625 
2508.000000	1.582857 
2506.000000	1.578707 
2504.000000	1.577289 
2502.000000	1.580049 
2500.000000	1.578460 
2498.000000	1.579546 
2496.000000	1.581880 
2494.000000	1.582200 
2492.000000	1.578339 
2490.000000	1.575801 
2488.000000	1.577892 
2486.000000	1.575077 
2484.000000	1.570774 
2482.000000	1.572961 
2480.000000	1.574497 
2478.000000	1.573445 
2476.000000	1.575162 
2474.000000	1.576753 
2472.000000	1.578888 
2470.000000	1.577994 
2468.000000	1.574245 
2466.000000	1.571642 
2464.000000	1.567656 
2462.000000	1.569082 
2460.000000	1.571341 
2458.000000	1.571033 
2456.000000	1.571719 
2454.000000	1.571835 
2452.000000	1.575022 
2450.000000	1.574400 
2448.000000	1.567565 
2446.000000	1.561972 
2444.000000	1.563400 
2442.000000	1.569401 
2440.000000	1.568499 
2438.000000	1.570620 
2436.000000	1.573341 
2434.000000	1.569439 
2432.000000	1.568326 
2430.000000	1.571858 
2428.000000	1.571909 
2426.000000	1.567236 
2424.000000	1.564903 
2422.000000	1.569635 
2420.000000	1.572032 
2418.000000	1.568005 
2416.000000	1.562978 
2414.000000	1.559262 
2412.000000	1.560713 
2410.000000	1.565843 
2408.000000	1.568879 
2406.000000	1.567381 
2404.000000	1.561972 
2402.000000	1.560690 
2400.000000	1.560510 
2398.000000	1.561256 
2396.000000	1.561267 
2394.000000	1.561523 
2392.000000	1.562770 
2390.000000	1.563084 
2388.000000	1.563677 
2386.000000	1.565668 
2384.000000	1.567335 
2382.000000	1.569117 
2380.000000	1.567045 
2378.000000	1.563400 
2376.000000	1.563211 
2374.000000	1.562294 
2372.000000	1.562392 
2370.000000	1.566037 
2368.000000	1.568744 
2366.000000	1.569766 
2364.000000	1.565763 
2362.000000	1.560909 
2360.000000	1.566503 
2358.000000	1.582521 
2356.000000	1.587690 
2354.000000	1.584242 
2352.000000	1.584588 
2350.000000	1.583004 
2348.000000	1.572531 
2346.000000	1.566304 
2344.000000	1.566644 
2342.000000	1.565626 
2340.000000	1.568694 
2338.000000	1.574097 
2336.000000	1.575903 
2334.000000	1.580818 
2332.000000	1.588673 
2330.000000	1.593210 
2328.000000	1.596970 
2326.000000	1.595256 
2324.000000	1.594397 
2322.000000	1.595486 
2320.000000	1.599247 
2318.000000	1.599605 
2316.000000	1.597174 
2314.000000	1.602290 
2312.000000	1.609303 
2310.000000	1.617059 
2308.000000	1.624775 
2306.000000	1.625019 
2304.000000	1.626765 
2302.000000	1.630523 
2300.000000	1.634369 
2298.000000	1.641126 
2296.000000	1.646556 
2294.000000	1.657444 
2292.000000	1.663508 
2290.000000	1.668887 
2288.000000	1.680086 
2286.000000	1.691157 
2284.000000	1.706420 
2282.000000	1.718323 
2280.000000	1.730446 
2278.000000	1.749122 
2276.000000	1.764924 
2274.000000	1.780479 
2272.000000	1.791232 
2270.000000	1.796765 
2268.000000	1.817158 
2266.000000	1.839035 
2264.000000	1.854540 
2262.000000	1.859771 
2260.000000	1.854355 
2258.000000	1.860821 
2256.000000	1.874169 
2254.000000	1.869468 
2252.000000	1.856745 
2250.000000	1.852648 
2248.000000	1.848507 
2246.000000	1.840998 
2244.000000	1.833262 
2242.000000	1.823092 
2240.000000	1.810047 
2238.000000	1.800189 
2236.000000	1.794238 
2234.000000	1.786262 
2232.000000	1.769113 
2230.000000	1.751996 
2228.000000	1.745743 
2226.000000	1.737379 
2224.000000	1.731137 
2222.000000	1.728963 
2220.000000	1.727998 
2218.000000	1.732264 
2216.000000	1.733764 
2214.000000	1.737232 
2212.000000	1.737430 
2210.000000	1.731488 
2208.000000	1.730290 
2206.000000	1.730246 
2204.000000	1.728918 
2202.000000	1.731878 
2200.000000	1.731198 
2198.000000	1.723879 
2196.000000	1.713314 
2194.000000	1.703204 
2192.000000	1.701025 
2190.000000	1.697193 
2188.000000	1.688355 
2186.000000	1.681416 
2184.000000	1.677432 
2182.000000	1.673910 
2180.000000	1.667846 
2178.000000	1.659013 
2176.000000	1.651510 
2174.000000	1.652007 
2172.000000	1.656232 
2170.000000	1.655613 
2168.000000	1.649977 
2166.000000	1.645127 
2164.000000	1.643639 
2162.000000	1.644465 
2160.000000	1.646997 
2158.000000	1.647268 
2156.000000	1.643161 
2154.000000	1.637314 
2152.000000	1.631010 
2150.000000	1.628971 
2148.000000	1.626401 
2146.000000	1.623564 
2144.000000	1.624539 
2142.000000	1.620749 
2140.000000	1.618149 
2138.000000	1.618665 
2136.000000	1.613873 
2134.000000	1.608067 
2132.000000	1.605630 
2130.000000	1.603390 
2128.000000	1.601442 
2126.000000	1.600706 
2124.000000	1.596274 
2122.000000	1.593210 
2120.000000	1.595809 
2118.000000	1.594608 
2116.000000	1.591368 
2114.000000	1.589203 
2112.000000	1.584318 
2110.000000	1.578354 
2108.000000	1.579023 
2106.000000	1.580101 
2104.000000	1.575532 
2102.000000	1.573562 
2100.000000	1.570543 
2098.000000	1.566308 
2096.000000	1.563483 
2094.000000	1.560559 
2092.000000	1.558007 
2090.000000	1.557722 
2088.000000	1.553840 
2086.000000	1.548458 
2084.000000	1.548814 
2082.000000	1.550337 
2080.000000	1.548587 
2078.000000	1.547046 
2076.000000	1.546179 
2074.000000	1.539598 
2072.000000	1.532987 
2070.000000	1.532577 
2068.000000	1.532281 
2066.000000	1.528930 
2064.000000	1.524449 
2062.000000	1.525520 
2060.000000	1.528269 
2058.000000	1.525035 
2056.000000	1.521002 
2054.000000	1.516951 
2052.000000	1.516227 
2050.000000	1.516349 
2048.000000	1.513787 
2046.000000	1.511118 
2044.000000	1.509840 
2042.000000	1.509958 
2040.000000	1.512420 
2038.000000	1.512161 
2036.000000	1.508837 
2034.000000	1.508820 
2032.000000	1.510514 
2030.000000	1.507939 
2028.000000	1.503552 
2026.000000	1.501974 
2024.000000	1.502556 
2022.000000	1.504924 
2020.000000	1.505303 
2018.000000	1.501783 
2016.000000	1.501064 
2014.000000	1.500467 
2012.000000	1.500615 
2010.000000	1.500743 
2008.000000	1.498287 
2006.000000	1.498013 
2004.000000	1.499145 
2002.000000	1.500389 
2000.000000	1.500326 
1998.000000	1.499240 
1996.000000	1.497824 
1994.000000	1.495975 
1992.000000	1.499858 
1990.000000	1.504570 
1988.000000	1.503905 
1986.000000	1.501711 
1984.000000	1.498901 
1982.000000	1.500002 
1980.000000	1.500618 
1978.000000	1.497528 
1976.000000	1.495589 
1974.000000	1.496027 
1972.000000	1.495554 
1970.000000	1.494247 
1968.000000	1.494134 
1966.000000	1.497977 
1964.000000	1.500549 
1962.000000	1.501507 
1960.000000	1.499714 
1958.000000	1.495184 
1956.000000	1.491933 
1954.000000	1.491946 
1952.000000	1.494201 
1950.000000	1.495784 
1948.000000	1.495622 
1946.000000	1.494279 
1944.000000	1.492741 
1942.000000	1.494011 
1940.000000	1.492538 
1938.000000	1.487920 
1936.000000	1.489741 
1934.000000	1.492252 
1932.000000	1.491917 
1930.000000	1.491115 
1928.000000	1.491876 
1926.000000	1.492332 
1924.000000	1.492979 
1922.000000	1.496361 
1920.000000	1.494331 
1918.000000	1.496536 
1916.000000	1.502053 
1914.000000	1.496660 
1912.000000	1.489572 
1910.000000	1.489971 
1908.000000	1.493524 
1906.000000	1.491217 
1904.000000	1.490167 
1902.000000	1.489121 
1900.000000	1.486851 
1898.000000	1.487773 
1896.000000	1.488487 
1894.000000	1.488114 
1892.000000	1.484643 
1890.000000	1.485409 
1888.000000	1.491538 
1886.000000	1.489930 
1884.000000	1.486921 
1882.000000	1.483870 
1880.000000	1.483943 
1878.000000	1.483060 
1876.000000	1.481041 
1874.000000	1.483507 
1872.000000	1.479527 
1870.000000	1.477762 
1868.000000	1.490371 
1866.000000	1.492329 
1864.000000	1.484672 
1862.000000	1.479155 
1860.000000	1.478322 
1858.000000	1.476765 
1856.000000	1.472672 
1854.000000	1.472000 
1852.000000	1.475346 
1850.000000	1.475049 
1848.000000	1.474743 
1846.000000	1.474493 
1844.000000	1.483211 
1842.000000	1.488860 
1840.000000	1.478085 
1838.000000	1.472095 
1836.000000	1.470936 
1834.000000	1.468412 
1832.000000	1.462997 
1830.000000	1.468701 
1828.000000	1.473479 
1826.000000	1.466435 
1824.000000	1.470150 
1822.000000	1.470710 
1820.000000	1.466468 
1818.000000	1.464714 
1816.000000	1.466065 
1814.000000	1.466380 
1812.000000	1.466035 
1810.000000	1.468899 
1808.000000	1.468031 
1806.000000	1.463295 
1804.000000	1.460258 
1802.000000	1.458877 
1800.000000	1.462198 
1798.000000	1.463153 
1796.000000	1.456697 
1794.000000	1.447529 
1792.000000	1.460342 
1790.000000	1.469307 
1788.000000	1.457165 
1786.000000	1.446912 
1784.000000	1.447968 
1782.000000	1.448374 
1780.000000	1.451736 
1778.000000	1.451789 
1776.000000	1.442697 
1774.000000	1.439185 
1772.000000	1.455153 
1770.000000	1.459426 
1768.000000	1.452583 
1766.000000	1.450262 
1764.000000	1.439103 
1762.000000	1.438858 
1760.000000	1.444174 
1758.000000	1.437705 
1756.000000	1.442491 
1754.000000	1.438858 
1752.000000	1.431292 
1750.000000	1.444549 
1748.000000	1.449107 
1746.000000	1.441820 
1744.000000	1.434943 
1742.000000	1.432871 
1740.000000	1.435174 
1738.000000	1.442602 
1736.000000	1.424752 
1734.000000	1.440751 
1732.000000	1.462462 
1730.000000	1.450247 
1728.000000	1.444577 
1726.000000	1.436264 
1724.000000	1.432625 
1722.000000	1.430265 
1720.000000	1.418320 
1718.000000	1.425640 
1716.000000	1.451104 
1714.000000	1.450279 
1712.000000	1.436273 
1710.000000	1.425516 
1708.000000	1.421030 
1706.000000	1.427938 
1704.000000	1.429115 
1702.000000	1.402663 
1700.000000	1.422912 
1698.000000	1.432577 
1696.000000	1.424089 
1694.000000	1.432151 
1692.000000	1.414410 
1690.000000	1.407665 
1688.000000	1.407599 
1686.000000	1.393022 
1684.000000	1.415562 
1682.000000	1.432165 
1680.000000	1.411218 
1678.000000	1.396927 
1676.000000	1.391117 
1674.000000	1.406342 
1672.000000	1.400083 
1670.000000	1.400794 
1668.000000	1.412348 
1666.000000	1.398753 
1664.000000	1.387434 
1662.000000	1.400333 
1660.000000	1.402407 
1658.000000	1.390407 
1656.000000	1.371030 
1654.000000	1.372426 
1652.000000	1.429355 
1650.000000	1.411533 
1648.000000	1.391487 
1646.000000	1.413626 
1644.000000	1.411704 
1642.000000	1.395421 
1640.000000	1.389135 
1638.000000	1.384110 
1636.000000	1.403679 
1634.000000	1.424323 
1632.000000	1.406957 
1630.000000	1.393094 
1628.000000	1.395071 
1626.000000	1.396204 
1624.000000	1.393911 
1622.000000	1.400687 
1620.000000	1.390433 
1618.000000	1.379105 
1616.000000	1.394499 
1614.000000	1.390659 
1612.000000	1.372157 
1610.000000	1.367408 
1608.000000	1.366756 
1606.000000	1.362781 
1604.000000	1.356569 
1602.000000	1.354101 
1600.000000	1.353816 
1598.000000	1.349016 
1596.000000	1.343814 
1594.000000	1.342497 
1592.000000	1.340627 
1590.000000	1.334990 
1588.000000	1.330930 
1586.000000	1.330141 
1584.000000	1.329460 
1582.000000	1.327329 
1580.000000	1.324796 
1578.000000	1.316379 
1576.000000	1.331145 
1574.000000	1.339390 
1572.000000	1.319615 
1570.000000	1.318518 
1568.000000	1.331578 
1566.000000	1.321990 
1564.000000	1.315721 
1562.000000	1.302374 
1560.000000	1.300863 
1558.000000	1.352289 
1556.000000	1.341689 
1554.000000	1.323324 
1552.000000	1.314788 
1550.000000	1.311723 
1548.000000	1.308817 
1546.000000	1.301039 
1544.000000	1.304698 
1542.000000	1.307739 
1540.000000	1.325546 
1538.000000	1.329982 
1536.000000	1.304439 
1534.000000	1.299290 
1532.000000	1.306158 
1530.000000	1.293763 
1528.000000	1.288878 
1526.000000	1.293592 
1524.000000	1.292862 
1522.000000	1.294711 
1520.000000	1.307562 
1518.000000	1.298483 
1516.000000	1.299976 
1514.000000	1.292753 
1512.000000	1.283006 
1510.000000	1.281014 
1508.000000	1.286012 
1506.000000	1.312312 
1504.000000	1.300377 
1502.000000	1.276329 
1500.000000	1.265780 
1498.000000	1.267567 
1496.000000	1.278823 
1494.000000	1.278243 
1492.000000	1.268674 
1490.000000	1.277389 
1488.000000	1.287159 
1486.000000	1.278756 
1484.000000	1.265948 
1482.000000	1.262056 
1480.000000	1.263292 
1478.000000	1.258998 
1476.000000	1.260550 
1474.000000	1.265852 
1472.000000	1.281380 
1470.000000	1.276574 
1468.000000	1.261039 
1466.000000	1.257128 
1464.000000	1.266479 
1462.000000	1.261842 
1460.000000	1.250630 
1458.000000	1.258594 
1456.000000	1.280036 
1454.000000	1.269659 
1452.000000	1.255522 
1450.000000	1.250455 
1448.000000	1.251995 
1446.000000	1.252856 
1444.000000	1.245333 
1442.000000	1.238965 
1440.000000	1.230654 
1438.000000	1.225942 
1436.000000	1.241338 
1434.000000	1.240198 
1432.000000	1.227716 
1430.000000	1.226314 
1428.000000	1.224912 
1426.000000	1.217335 
1424.000000	1.219691 
1422.000000	1.218836 
1420.000000	1.217053 
1418.000000	1.228195 
1416.000000	1.222158 
1414.000000	1.210873 
1412.000000	1.205524 
1410.000000	1.203249 
1408.000000	1.199914 
1406.000000	1.199467 
1404.000000	1.202110 
1402.000000	1.198545 
1400.000000	1.197564 
1398.000000	1.200737 
1396.000000	1.198199 
1394.000000	1.197999 
1392.000000	1.191500 
1390.000000	1.183099 
1388.000000	1.184390 
1386.000000	1.186765 
1384.000000	1.181219 
1382.000000	1.176474 
1380.000000	1.175186 
1378.000000	1.174922 
1376.000000	1.173161 
1374.000000	1.174785 
1372.000000	1.173766 
1370.000000	1.169879 
1368.000000	1.166307 
1366.000000	1.161087 
1364.000000	1.159197 
1362.000000	1.162202 
1360.000000	1.159727 
1358.000000	1.155276 
1356.000000	1.151182 
1354.000000	1.148157 
1352.000000	1.145009 
1350.000000	1.143225 
1348.000000	1.141476 
1346.000000	1.139222 
1344.000000	1.136684 
1342.000000	1.135626 
1340.000000	1.137533 
1338.000000	1.137058 
1336.000000	1.131530 
1334.000000	1.127857 
1332.000000	1.126875 
1330.000000	1.126182 
1328.000000	1.125135 
1326.000000	1.123228 
1324.000000	1.121604 
1322.000000	1.119234 
1320.000000	1.118988 
1318.000000	1.119494 
1316.000000	1.117552 
1314.000000	1.115659 
1312.000000	1.114941 
1310.000000	1.113435 
1308.000000	1.111924 
1306.000000	1.110928 
1304.000000	1.110121 
1302.000000	1.108950 
1300.000000	1.107664 
1298.000000	1.106639 
1296.000000	1.107264 
1294.000000	1.105392 
1292.000000	1.102634 
1290.000000	1.101309 
1288.000000	1.100783 
1286.000000	1.099590 
1284.000000	1.097879 
1282.000000	1.097787 
1280.000000	1.099774 
1278.000000	1.101215 
1276.000000	1.101727 
1274.000000	1.102658 
1272.000000	1.103487 
1270.000000	1.104712 
1268.000000	1.107088 
1266.000000	1.108591 
1264.000000	1.108316 
1262.000000	1.106613 
1260.000000	1.105550 
1258.000000	1.107343 
1256.000000	1.109456 
1254.000000	1.110893 
1252.000000	1.112957 
1250.000000	1.117654 
1248.000000	1.123242 
1246.000000	1.128130 
1244.000000	1.135575 
1242.000000	1.144946 
1240.000000	1.153657 
1238.000000	1.162453 
1236.000000	1.174169 
1234.000000	1.188007 
1232.000000	1.203424 
1230.000000	1.221696 
1228.000000	1.242054 
1226.000000	1.262105 
1224.000000	1.283028 
1222.000000	1.304331 
1220.000000	1.326136 
1218.000000	1.347061 
1216.000000	1.367051 
1214.000000	1.390702 
1212.000000	1.415751 
1210.000000	1.437198 
1208.000000	1.457673 
1206.000000	1.480114 
1204.000000	1.502050 
1202.000000	1.523788 
1200.000000	1.551131 
1198.000000	1.574171 
1196.000000	1.588765 
1194.000000	1.605547 
1192.000000	1.626335 
1190.000000	1.645763 
1188.000000	1.663994 
1186.000000	1.678285 
1184.000000	1.689038 
1182.000000	1.706067 
1180.000000	1.722877 
1178.000000	1.735241 
1176.000000	1.748327 
1174.000000	1.757837 
1172.000000	1.766838 
1170.000000	1.780129 
1168.000000	1.788285 
1166.000000	1.796182 
1164.000000	1.811413 
1162.000000	1.818377 
1160.000000	1.828869 
1158.000000	1.842263 
1156.000000	1.852943 
1154.000000	1.856291 
1152.000000	1.856768 
1150.000000	1.870081 
1148.000000	1.877186 
1146.000000	1.874301 
1144.000000	1.880721 
1142.000000	1.894687 
1140.000000	1.900528 
1138.000000	1.903105 
1136.000000	1.913484 
1134.000000	1.911434 
1132.000000	1.922337 
1130.000000	1.924254 
1128.000000	1.908422 
1126.000000	1.917216 
1124.000000	1.939703 
1122.000000	1.949908 
1120.000000	1.951340 
1118.000000	1.962705 
1116.000000	1.974916 
1114.000000	1.978428 
1112.000000	1.994466 
1110.000000	2.012278 
1108.000000	2.023683 
1106.000000	2.019711 
1104.000000	2.007024 
1102.000000	2.027967 
1100.000000	2.060571 
1098.000000	2.063844 
1096.000000	2.075117 
1094.000000	2.088432 
1092.000000	2.103157 
1090.000000	2.130109 
1088.000000	2.163056 
1086.000000	2.189706 
1084.000000	2.210283 
1082.000000	2.210014 
1080.000000	2.207769 
1078.000000	2.216359 
1076.000000	2.224476 
1074.000000	2.271425 
1072.000000	2.301994 
1070.000000	2.298522 
1068.000000	2.315294 
1066.000000	2.323915 
1064.000000	2.299986 
1062.000000	2.273092 
1060.000000	2.257734 
1058.000000	2.249949 
1056.000000	2.226791 
1054.000000	2.186275 
1052.000000	2.156193 
1050.000000	2.165566 
1048.000000	2.167267 
1046.000000	2.138275 
1044.000000	2.105671 
1042.000000	2.065033 
1040.000000	2.036423 
1038.000000	2.012619 
1036.000000	1.979503 
1034.000000	1.946578 
1032.000000	1.910852 
1030.000000	1.865788 
1028.000000	1.822293 
1026.000000	1.777881 
1024.000000	1.725389 
1022.000000	1.670945 
1020.000000	1.613465 
1018.000000	1.559033 
1016.000000	1.512373 
1014.000000	1.467347 
1012.000000	1.414504 
1010.000000	1.358661 
1008.000000	1.307033 
1006.000000	1.259568 
1004.000000	1.216305 
1002.000000	1.175925 
1000.000000	1.138215 
998.000000	 1.104102 
996.000000	 1.074064 
994.000000	 1.048280 
992.000000	 1.028516 
990.000000	 1.017276 
988.000000	 1.013183 
986.000000	 1.011540 
984.000000	 1.005144 
982.000000	 0.993896 
980.000000	 0.979398 
978.000000	 0.961717 
976.000000	 0.941676 
974.000000	 0.919763 
972.000000	 0.897935 
970.000000	 0.878363 
968.000000	 0.863758 
966.000000	 0.854007 
964.000000	 0.846620 
962.000000	 0.841012 
960.000000	 0.836303 
958.000000	 0.832696 
956.000000	 0.832654 
954.000000	 0.836025 
952.000000	 0.842362 
950.000000	 0.849950 
948.000000	 0.859578 
946.000000	 0.870225 
944.000000	 0.878663 
942.000000	 0.881673 
940.000000	 0.880766 
938.000000	 0.878721 
936.000000	 0.873791 
934.000000	 0.867888 
932.000000	 0.862465 
930.000000	 0.856030 
928.000000	 0.847369 
926.000000	 0.837570 
924.000000	 0.827762 
922.000000	 0.818234 
920.000000	 0.810593 
918.000000	 0.806527 
916.000000	 0.805490 
914.000000	 0.807725 
912.000000	 0.812231 
910.000000	 0.819257 
908.000000	 0.828896 
906.000000	 0.840461 
904.000000	 0.852105 
902.000000	 0.866062 
900.000000	 0.886008 
898.000000	 0.912678 
896.000000	 0.945389 
894.000000	 0.983446 
892.000000	 1.029860 
890.000000	 1.081679 
888.000000	 1.132098 
886.000000	 1.178225 
884.000000	 1.218600 
882.000000	 1.245983 
880.000000	 1.261326 
878.000000	 1.271917 
876.000000	 1.270687 
874.000000	 1.253483 
872.000000	 1.231775 
870.000000	 1.210951 
868.000000	 1.187683 
866.000000	 1.163927 
864.000000	 1.141615 
862.000000	 1.127477 
860.000000	 1.116399 
858.000000	 1.103934 
856.000000	 1.095079 
854.000000	 1.088940 
852.000000	 1.083754 
850.000000	 1.078967 
848.000000	 1.075024 
846.000000	 1.067516 
844.000000	 1.056530 
842.000000	 1.045601 
840.000000	 1.030161 
838.000000	 1.010809 
836.000000	 0.986994 
834.000000	 0.954622 
832.000000	 0.917611 
830.000000	 0.875333 
828.000000	 0.826469 
826.000000	 0.777526 
824.000000	 0.736507 
822.000000	 0.704550 
820.000000	 0.679510 
818.000000	 0.660176 
816.000000	 0.645993 
814.000000	 0.635458 
812.000000	 0.628128 
810.000000	 0.622738 
808.000000	 0.617134 
806.000000	 0.612030 
804.000000	 0.607787 
802.000000	 0.603626 
800.000000	 0.598564 
798.000000	 0.592842 
796.000000	 0.587544 
794.000000	 0.582248 
792.000000	 0.576736 
790.000000	 0.571997 
788.000000	 0.567511 
786.000000	 0.563488 
784.000000	 0.559852 
782.000000	 0.556138 
780.000000	 0.552800 
778.000000	 0.550091 
776.000000	 0.547480 
774.000000	 0.544538 
772.000000	 0.542300 
770.000000	 0.541209 
768.000000	 0.541055 
766.000000	 0.539224 
764.000000	 0.537379 
762.000000	 0.537824 
760.000000	 0.537712 
758.000000	 0.536707 
756.000000	 0.535704 
754.000000	 0.534570 
752.000000	 0.532508 
750.000000	 0.530680 
748.000000	 0.529350 
746.000000	 0.527453 
744.000000	 0.525202 
742.000000	 0.521680 
740.000000	 0.517367 
738.000000	 0.513195 
736.000000	 0.508907 
734.000000	 0.503749 
732.000000	 0.498478 
730.000000	 0.493939 
728.000000	 0.489004 
726.000000	 0.484132 
724.000000	 0.479668 
722.000000	 0.475031 
720.000000	 0.471173 
718.000000	 0.469140 
716.000000	 0.468444 
714.000000	 0.466980 
712.000000	 0.464155 
710.000000	 0.460727 
708.000000	 0.456708 
706.000000	 0.450584 
704.000000	 0.441607 
702.000000	 0.431177 
700.000000	 0.421326 
698.000000	 0.412544 
696.000000	 0.404450 
694.000000	 0.397486 
692.000000	 0.391656 
690.000000	 0.386814 
688.000000	 0.381904 
686.000000	 0.376711 
684.000000	 0.372727 
682.000000	 0.369754 
680.000000	 0.366249 
678.000000	 0.363360 
676.000000	 0.360971 
674.000000	 0.357879 
672.000000	 0.355912 
670.000000	 0.354382 
668.000000	 0.353470 
666.000000	 0.350451 
664.000000	 0.346459 
662.000000	 0.343107 
660.000000	 0.340077 
658.000000	 0.338673 
656.000000	 0.337499 
654.000000	 0.335371 
652.000000	 0.332379 
650.000000	 0.330212 
648.000000	 0.328347 
646.000000	 0.325646 
644.000000	 0.323645 
642.000000	 0.322161 
640.000000	 0.319722 
638.000000	 0.316922 
636.000000	 0.314085 
634.000000	 0.311344 
632.000000	 0.307810 
630.000000	 0.303272 
628.000000	 0.298856 
626.000000	 0.294803 
624.000000	 0.290018 
622.000000	 0.284483 
620.000000	 0.278893 
618.000000	 0.274602 
616.000000	 0.270749 
614.000000	 0.266361 
612.000000	 0.262656 
610.000000	 0.258830 
608.000000	 0.253492 
606.000000	 0.249047 
604.000000	 0.247194 
602.000000	 0.245465 
600.000000	 0.242289 
598.000000	 0.237107 
596.000000	 0.232359 
594.000000	 0.228783 
592.000000	 0.226245 
590.000000	 0.222976 
588.000000	 0.219117 
586.000000	 0.215404 
584.000000	 0.211853 
582.000000	 0.208553 
580.000000	 0.205357 
578.000000	 0.202177 
576.000000	 0.200504 
574.000000	 0.196998 
572.000000	 0.192807 
570.000000	 0.190494 
568.000000	 0.188032 
566.000000	 0.185257 
564.000000	 0.183742 
562.000000	 0.182697 
560.000000	 0.181291 
558.000000	 0.180033 
556.000000	 0.178362 
554.000000	 0.176859 
552.000000	 0.177072 
550.000000	 0.177729 
548.000000	 0.176691 
546.000000	 0.175549 
544.000000	 0.174682 
542.000000	 0.174899 
540.000000	 0.176150 
538.000000	 0.177523 
536.000000	 0.177905 
534.000000	 0.177834 
532.000000	 0.177667 
530.000000	 0.178312 
528.000000	 0.180927 
526.000000	 0.183642 
524.000000	 0.182995 
522.000000	 0.183104 
520.000000	 0.185972 
518.000000	 0.188667 
516.000000	 0.190587 
514.000000	 0.191423 
512.000000	 0.193513 
510.000000	 0.197948 
508.000000	 0.202153 
506.000000	 0.206504 
504.000000	 0.213323 
502.000000	 0.222855 
500.000000	 0.229450 
498.000000	 0.236229 
496.000000	 0.247406 
494.000000	 0.261538 
492.000000	 0.276889 
490.000000	 0.290914 
488.000000	 0.304412 
486.000000	 0.319514 
484.000000	 0.334993 
482.000000	 0.350518 
480.000000	 0.365263 
478.000000	 0.379430 
476.000000	 0.393992 
474.000000	 0.407524 
472.000000	 0.421029 
470.000000	 0.432224 
468.000000	 0.440787 
466.000000	 0.445787 
464.000000	 0.450602 
462.000000	 0.457531 
460.000000	 0.462098 
458.000000	 0.465790 
456.000000	 0.467804 
454.000000	 0.467044 
452.000000	 0.465057 
450.000000	 0.463490 

