4400.000000	1.641734 
4398.000000	1.645219 
4396.000000	1.653491 
4394.000000	1.650731 
4392.000000	1.645251 
4390.000000	1.642047 
4388.000000	1.642829 
4386.000000	1.646034 
4384.000000	1.641738 
4382.000000	1.634003 
4380.000000	1.632455 
4378.000000	1.639394 
4376.000000	1.641797 
4374.000000	1.645489 
4372.000000	1.651557 
4370.000000	1.649265 
4368.000000	1.641516 
4366.000000	1.636596 
4364.000000	1.639178 
4362.000000	1.647250 
4360.000000	1.641575 
4358.000000	1.638889 
4356.000000	1.647144 
4354.000000	1.648391 
4352.000000	1.649598 
4350.000000	1.654869 
4348.000000	1.656490 
4346.000000	1.651951 
4344.000000	1.646813 
4342.000000	1.648022 
4340.000000	1.653175 
4338.000000	1.652714 
4336.000000	1.639977 
4334.000000	1.639904 
4332.000000	1.647268 
4330.000000	1.643671 
4328.000000	1.638749 
4326.000000	1.636825 
4324.000000	1.640289 
4322.000000	1.639142 
4320.000000	1.637386 
4318.000000	1.637534 
4316.000000	1.633553 
4314.000000	1.629747 
4312.000000	1.627300 
4310.000000	1.632962 
4308.000000	1.646043 
4306.000000	1.651427 
4304.000000	1.646648 
4302.000000	1.639683 
4300.000000	1.641666 
4298.000000	1.649570 
4296.000000	1.648441 
4294.000000	1.640959 
4292.000000	1.640094 
4290.000000	1.647153 
4288.000000	1.645182 
4286.000000	1.645296 
4284.000000	1.647089 
4282.000000	1.645745 
4280.000000	1.641834 
4278.000000	1.635521 
4276.000000	1.638020 
4274.000000	1.645653 
4272.000000	1.644967 
4270.000000	1.639124 
4268.000000	1.640922 
4266.000000	1.644191 
4264.000000	1.640370 
4262.000000	1.644876 
4260.000000	1.648372 
4258.000000	1.645603 
4256.000000	1.640438 
4254.000000	1.634565 
4252.000000	1.634521 
4250.000000	1.639963 
4248.000000	1.644419 
4246.000000	1.644369 
4244.000000	1.644081 
4242.000000	1.647475 
4240.000000	1.647057 
4238.000000	1.644346 
4236.000000	1.637836 
4234.000000	1.627440 
4232.000000	1.630492 
4230.000000	1.641430 
4228.000000	1.644963 
4226.000000	1.639688 
4224.000000	1.633945 
4222.000000	1.638074 
4220.000000	1.645365 
4218.000000	1.644465 
4216.000000	1.648110 
4214.000000	1.655187 
4212.000000	1.651886 
4210.000000	1.643065 
4208.000000	1.638889 
4206.000000	1.638502 
4204.000000	1.638065 
4202.000000	1.638371 
4200.000000	1.635888 
4198.000000	1.638997 
4196.000000	1.641552 
4194.000000	1.641815 
4192.000000	1.636798 
4190.000000	1.632708 
4188.000000	1.635902 
4186.000000	1.643716 
4184.000000	1.644086 
4182.000000	1.646487 
4180.000000	1.657162 
4178.000000	1.651306 
4176.000000	1.635759 
4174.000000	1.640619 
4172.000000	1.645988 
4170.000000	1.638403 
4168.000000	1.630174 
4166.000000	1.635200 
4164.000000	1.644314 
4162.000000	1.641598 
4160.000000	1.634717 
4158.000000	1.632313 
4156.000000	1.633104 
4154.000000	1.632930 
4152.000000	1.633941 
4150.000000	1.628949 
4148.000000	1.626953 
4146.000000	1.635906 
4144.000000	1.642188 
4142.000000	1.645466 
4140.000000	1.643434 
4138.000000	1.637732 
4136.000000	1.633732 
4134.000000	1.630231 
4132.000000	1.629297 
4130.000000	1.630183 
4128.000000	1.636471 
4126.000000	1.643999 
4124.000000	1.640334 
4122.000000	1.635593 
4120.000000	1.639837 
4118.000000	1.648933 
4116.000000	1.653179 
4114.000000	1.647296 
4112.000000	1.635316 
4110.000000	1.631244 
4108.000000	1.633981 
4106.000000	1.634155 
4104.000000	1.635025 
4102.000000	1.638673 
4100.000000	1.638957 
4098.000000	1.634931 
4096.000000	1.635803 
4094.000000	1.638182 
4092.000000	1.634476 
4090.000000	1.633473 
4088.000000	1.633384 
4086.000000	1.637728 
4084.000000	1.643771 
4082.000000	1.647475 
4080.000000	1.643170 
4078.000000	1.634258 
4076.000000	1.635141 
4074.000000	1.638934 
4072.000000	1.639566 
4070.000000	1.638047 
4068.000000	1.641140 
4066.000000	1.646075 
4064.000000	1.644309 
4062.000000	1.634472 
4060.000000	1.631204 
4058.000000	1.642042 
4056.000000	1.648804 
4054.000000	1.642492 
4052.000000	1.638078 
4050.000000	1.640696 
4048.000000	1.640198 
4046.000000	1.638114 
4044.000000	1.637863 
4042.000000	1.636507 
4040.000000	1.640008 
4038.000000	1.637840 
4036.000000	1.629880 
4034.000000	1.636341 
4032.000000	1.637503 
4030.000000	1.629994 
4028.000000	1.634356 
4026.000000	1.635504 
4024.000000	1.632091 
4022.000000	1.628892 
4020.000000	1.623638 
4018.000000	1.625281 
4016.000000	1.628685 
4014.000000	1.630580 
4012.000000	1.634222 
4010.000000	1.635182 
4008.000000	1.635168 
4006.000000	1.637710 
4004.000000	1.639114 
4002.000000	1.635213 
4000.000000	1.633317 
3998.000000	1.633945 
3996.000000	1.630762 
3994.000000	1.630333 
3992.000000	1.632722 
3990.000000	1.635888 
3988.000000	1.637148 
3986.000000	1.630121 
3984.000000	1.628434 
3982.000000	1.630607 
3980.000000	1.628980 
3978.000000	1.630328 
3976.000000	1.639728 
3974.000000	1.643516 
3972.000000	1.639092 
3970.000000	1.638979 
3968.000000	1.640882 
3966.000000	1.645946 
3964.000000	1.648643 
3962.000000	1.643243 
3960.000000	1.634650 
3958.000000	1.628456 
3956.000000	1.632033 
3954.000000	1.635468 
3952.000000	1.638601 
3950.000000	1.639932 
3948.000000	1.639895 
3946.000000	1.639697 
3944.000000	1.635396 
3942.000000	1.640189 
3940.000000	1.648638 
3938.000000	1.647364 
3936.000000	1.638754 
3934.000000	1.631222 
3932.000000	1.638439 
3930.000000	1.645942 
3928.000000	1.641938 
3926.000000	1.642338 
3924.000000	1.640709 
3922.000000	1.634360 
3920.000000	1.636991 
3918.000000	1.644145 
3916.000000	1.648041 
3914.000000	1.648354 
3912.000000	1.643097 
3910.000000	1.636991 
3908.000000	1.633019 
3906.000000	1.633901 
3904.000000	1.640959 
3902.000000	1.648220 
3900.000000	1.652779 
3898.000000	1.649478 
3896.000000	1.640959 
3894.000000	1.629134 
3892.000000	1.630346 
3890.000000	1.640854 
3888.000000	1.637530 
3886.000000	1.640990 
3884.000000	1.651682 
3882.000000	1.644497 
3880.000000	1.647682 
3878.000000	1.654546 
3876.000000	1.651417 
3874.000000	1.654635 
3872.000000	1.644917 
3870.000000	1.633144 
3868.000000	1.640805 
3866.000000	1.644346 
3864.000000	1.651506 
3862.000000	1.656941 
3860.000000	1.646878 
3858.000000	1.638236 
3856.000000	1.623690 
3854.000000	1.632593 
3852.000000	1.670581 
3850.000000	1.673012 
3848.000000	1.656809 
3846.000000	1.647181 
3844.000000	1.641666 
3842.000000	1.637683 
3840.000000	1.642883 
3838.000000	1.657524 
3836.000000	1.664769 
3834.000000	1.665444 
3832.000000	1.661105 
3830.000000	1.651019 
3828.000000	1.650477 
3826.000000	1.655454 
3824.000000	1.647107 
3822.000000	1.642665 
3820.000000	1.661922 
3818.000000	1.662674 
3816.000000	1.659859 
3814.000000	1.664510 
3812.000000	1.660569 
3810.000000	1.654257 
3808.000000	1.651088 
3806.000000	1.657999 
3804.000000	1.650375 
3802.000000	1.643602 
3800.000000	1.656274 
3798.000000	1.662512 
3796.000000	1.658367 
3794.000000	1.655238 
3792.000000	1.653175 
3790.000000	1.648850 
3788.000000	1.645548 
3786.000000	1.647999 
3784.000000	1.646841 
3782.000000	1.644606 
3780.000000	1.652258 
3778.000000	1.659240 
3776.000000	1.654229 
3774.000000	1.649362 
3772.000000	1.646836 
3770.000000	1.644341 
3768.000000	1.642819 
3766.000000	1.644451 
3764.000000	1.651779 
3762.000000	1.648239 
3760.000000	1.649168 
3758.000000	1.662279 
3756.000000	1.670353 
3754.000000	1.663531 
3752.000000	1.661893 
3750.000000	1.688876 
3748.000000	1.697404 
3746.000000	1.683134 
3744.000000	1.716562 
3742.000000	1.739493 
3740.000000	1.712886 
3738.000000	1.685722 
3736.000000	1.690188 
3734.000000	1.706984 
3732.000000	1.708860 
3730.000000	1.704911 
3728.000000	1.701103 
3726.000000	1.707886 
3724.000000	1.717669 
3722.000000	1.717831 
3720.000000	1.712330 
3718.000000	1.712459 
3716.000000	1.715448 
3714.000000	1.701524 
3712.000000	1.695834 
3710.000000	1.719543 
3708.000000	1.731237 
3706.000000	1.739465 
3704.000000	1.744390 
3702.000000	1.744057 
3700.000000	1.749419 
3698.000000	1.753367 
3696.000000	1.751382 
3694.000000	1.751786 
3692.000000	1.749419 
3690.000000	1.753954 
3688.000000	1.778254 
3686.000000	1.783731 
3684.000000	1.773497 
3682.000000	1.770850 
3680.000000	1.768208 
3678.000000	1.768560 
3676.000000	1.789552 
3674.000000	1.807767 
3672.000000	1.795639 
3670.000000	1.798376 
3668.000000	1.816425 
3666.000000	1.812521 
3664.000000	1.805845 
3662.000000	1.803738 
3660.000000	1.808959 
3658.000000	1.812588 
3656.000000	1.823312 
3654.000000	1.819195 
3652.000000	1.799418 
3650.000000	1.819858 
3648.000000	1.857118 
3646.000000	1.857103 
3644.000000	1.840976 
3642.000000	1.826946 
3640.000000	1.822596 
3638.000000	1.816276 
3636.000000	1.819100 
3634.000000	1.829519 
3632.000000	1.823823 
3630.000000	1.820687 
3628.000000	1.858005 
3626.000000	1.874595 
3624.000000	1.856961 
3622.000000	1.835462 
3620.000000	1.841364 
3618.000000	1.849284 
3616.000000	1.834640 
3614.000000	1.838528 
3612.000000	1.848361 
3610.000000	1.840567 
3608.000000	1.845494 
3606.000000	1.853438 
3604.000000	1.845421 
3602.000000	1.836633 
3600.000000	1.845203 
3598.000000	1.857886 
3596.000000	1.859306 
3594.000000	1.862440 
3592.000000	1.858080 
3590.000000	1.843200 
3588.000000	1.850016 
3586.000000	1.870550 
3584.000000	1.861875 
3582.000000	1.849196 
3580.000000	1.851279 
3578.000000	1.850133 
3576.000000	1.850221 
3574.000000	1.867716 
3572.000000	1.878342 
3570.000000	1.865477 
3568.000000	1.852736 
3566.000000	1.857998 
3564.000000	1.857916 
3562.000000	1.855274 
3560.000000	1.866001 
3558.000000	1.876617 
3556.000000	1.868962 
3554.000000	1.857110 
3552.000000	1.859808 
3550.000000	1.874906 
3548.000000	1.878726 
3546.000000	1.865864 
3544.000000	1.869069 
3542.000000	1.870120 
3540.000000	1.863929 
3538.000000	1.862523 
3536.000000	1.861626 
3534.000000	1.860957 
3532.000000	1.865941 
3530.000000	1.878554 
3528.000000	1.892806 
3526.000000	1.891974 
3524.000000	1.877779 
3522.000000	1.878804 
3520.000000	1.875488 
3518.000000	1.865728 
3516.000000	1.874844 
3514.000000	1.877451 
3512.000000	1.869291 
3510.000000	1.873836 
3508.000000	1.882211 
3506.000000	1.884450 
3504.000000	1.882479 
3502.000000	1.882685 
3500.000000	1.890249 
3498.000000	1.888660 
3496.000000	1.879157 
3494.000000	1.887948 
3492.000000	1.893065 
3490.000000	1.881044 
3488.000000	1.879918 
3486.000000	1.892475 
3484.000000	1.904590 
3482.000000	1.905538 
3480.000000	1.914529 
3478.000000	1.916745 
3476.000000	1.901410 
3474.000000	1.892264 
3472.000000	1.885491 
3470.000000	1.883800 
3468.000000	1.885897 
3466.000000	1.892539 
3464.000000	1.899648 
3462.000000	1.900405 
3460.000000	1.892636 
3458.000000	1.876999 
3456.000000	1.874921 
3454.000000	1.878233 
3452.000000	1.870880 
3450.000000	1.874456 
3448.000000	1.892855 
3446.000000	1.901394 
3444.000000	1.901856 
3442.000000	1.900882 
3440.000000	1.904898 
3438.000000	1.903121 
3436.000000	1.896986 
3434.000000	1.886494 
3432.000000	1.878280 
3430.000000	1.881320 
3428.000000	1.888957 
3426.000000	1.896855 
3424.000000	1.890145 
3422.000000	1.884808 
3420.000000	1.883618 
3418.000000	1.886710 
3416.000000	1.892927 
3414.000000	1.892903 
3412.000000	1.903138 
3410.000000	1.904092 
3408.000000	1.890121 
3406.000000	1.882021 
3404.000000	1.880155 
3402.000000	1.879486 
3400.000000	1.875869 
3398.000000	1.878820 
3396.000000	1.891336 
3394.000000	1.890901 
3392.000000	1.890595 
3390.000000	1.888692 
3388.000000	1.881887 
3386.000000	1.884109 
3384.000000	1.893778 
3382.000000	1.893916 
3380.000000	1.884911 
3378.000000	1.890233 
3376.000000	1.894703 
3374.000000	1.886216 
3372.000000	1.878436 
3370.000000	1.871573 
3368.000000	1.873201 
3366.000000	1.882029 
3364.000000	1.879471 
3362.000000	1.870573 
3360.000000	1.868985 
3358.000000	1.876866 
3356.000000	1.883967 
3354.000000	1.881020 
3352.000000	1.876095 
3350.000000	1.880666 
3348.000000	1.884879 
3346.000000	1.881170 
3344.000000	1.874875 
3342.000000	1.875411 
3340.000000	1.869268 
3338.000000	1.862516 
3336.000000	1.863966 
3334.000000	1.863588 
3332.000000	1.865021 
3330.000000	1.856128 
3328.000000	1.853046 
3326.000000	1.863505 
3324.000000	1.861860 
3322.000000	1.853386 
3320.000000	1.849862 
3318.000000	1.851933 
3316.000000	1.849159 
3314.000000	1.844052 
3312.000000	1.851477 
3310.000000	1.858902 
3308.000000	1.862184 
3306.000000	1.860123 
3304.000000	1.848587 
3302.000000	1.839064 
3300.000000	1.837316 
3298.000000	1.842133 
3296.000000	1.844486 
3294.000000	1.842069 
3292.000000	1.840373 
3290.000000	1.844559 
3288.000000	1.845871 
3286.000000	1.842847 
3284.000000	1.839886 
3282.000000	1.834165 
3280.000000	1.827914 
3278.000000	1.825330 
3276.000000	1.825912 
3274.000000	1.831411 
3272.000000	1.835483 
3270.000000	1.830450 
3268.000000	1.822548 
3266.000000	1.822651 
3264.000000	1.827398 
3262.000000	1.827802 
3260.000000	1.831235 
3258.000000	1.833050 
3256.000000	1.827350 
3254.000000	1.827545 
3252.000000	1.836285 
3250.000000	1.837836 
3248.000000	1.831881 
3246.000000	1.828004 
3244.000000	1.829638 
3242.000000	1.831924 
3240.000000	1.829477 
3238.000000	1.824064 
3236.000000	1.819393 
3234.000000	1.823023 
3232.000000	1.828681 
3230.000000	1.824451 
3228.000000	1.813794 
3226.000000	1.805891 
3224.000000	1.805520 
3222.000000	1.813511 
3220.000000	1.813652 
3218.000000	1.807647 
3216.000000	1.807853 
3214.000000	1.807169 
3212.000000	1.812279 
3210.000000	1.815544 
3208.000000	1.816588 
3206.000000	1.812669 
3204.000000	1.809146 
3202.000000	1.804219 
3200.000000	1.798916 
3198.000000	1.802409 
3196.000000	1.799973 
3194.000000	1.791629 
3192.000000	1.784424 
3190.000000	1.791430 
3188.000000	1.804681 
3186.000000	1.803112 
3184.000000	1.801144 
3182.000000	1.798623 
3180.000000	1.790893 
3178.000000	1.782883 
3176.000000	1.784348 
3174.000000	1.796305 
3172.000000	1.798337 
3170.000000	1.786844 
3168.000000	1.781285 
3166.000000	1.780086 
3164.000000	1.771871 
3162.000000	1.766239 
3160.000000	1.765105 
3158.000000	1.768353 
3156.000000	1.771718 
3154.000000	1.776908 
3152.000000	1.778832 
3150.000000	1.769496 
3148.000000	1.760978 
3146.000000	1.766396 
3144.000000	1.772913 
3142.000000	1.778416 
3140.000000	1.784197 
3138.000000	1.782218 
3136.000000	1.767734 
3134.000000	1.757671 
3132.000000	1.760411 
3130.000000	1.769101 
3128.000000	1.767389 
3126.000000	1.762862 
3124.000000	1.763510 
3122.000000	1.759708 
3120.000000	1.756795 
3118.000000	1.758982 
3116.000000	1.759714 
3114.000000	1.754765 
3112.000000	1.751161 
3110.000000	1.745173 
3108.000000	1.740113 
3106.000000	1.739419 
3104.000000	1.741966 
3102.000000	1.744425 
3100.000000	1.738642 
3098.000000	1.732851 
3096.000000	1.733528 
3094.000000	1.739999 
3092.000000	1.746961 
3090.000000	1.749093 
3088.000000	1.742681 
3086.000000	1.728198 
3084.000000	1.725438 
3082.000000	1.732554 
3080.000000	1.733568 
3078.000000	1.729357 
3076.000000	1.725086 
3074.000000	1.725367 
3072.000000	1.729640 
3070.000000	1.724757 
3068.000000	1.719532 
3066.000000	1.722385 
3064.000000	1.721250 
3062.000000	1.716395 
3060.000000	1.719293 
3058.000000	1.719944 
3056.000000	1.722155 
3054.000000	1.729684 
3052.000000	1.727650 
3050.000000	1.717890 
3048.000000	1.710971 
3046.000000	1.713276 
3044.000000	1.712731 
3042.000000	1.715841 
3040.000000	1.720515 
3038.000000	1.721163 
3036.000000	1.712768 
3034.000000	1.707548 
3032.000000	1.708711 
3030.000000	1.710716 
3028.000000	1.706362 
3026.000000	1.701628 
3024.000000	1.697260 
3022.000000	1.694019 
3020.000000	1.697905 
3018.000000	1.700915 
3016.000000	1.699706 
3014.000000	1.698489 
3012.000000	1.703329 
3010.000000	1.707923 
3008.000000	1.708452 
3006.000000	1.704618 
3004.000000	1.703178 
3002.000000	1.700853 
3000.000000	1.693569 
2998.000000	1.692813 
2996.000000	1.697044 
2994.000000	1.701149 
2992.000000	1.696868 
2990.000000	1.693298 
2988.000000	1.696235 
2986.000000	1.691081 
2984.000000	1.686270 
2982.000000	1.691885 
2980.000000	1.701660 
2978.000000	1.700999 
2976.000000	1.694787 
2974.000000	1.692925 
2972.000000	1.696498 
2970.000000	1.705137 
2968.000000	1.707474 
2966.000000	1.700952 
2964.000000	1.697833 
2962.000000	1.694577 
2960.000000	1.698835 
2958.000000	1.705457 
2956.000000	1.702656 
2954.000000	1.701243 
2952.000000	1.699441 
2950.000000	1.695387 
2948.000000	1.690619 
2946.000000	1.687327 
2944.000000	1.693298 
2942.000000	1.697126 
2940.000000	1.695151 
2938.000000	1.692777 
2936.000000	1.688340 
2934.000000	1.687695 
2932.000000	1.689356 
2930.000000	1.693773 
2928.000000	1.694598 
2926.000000	1.689807 
2924.000000	1.685256 
2922.000000	1.684409 
2920.000000	1.685928 
2918.000000	1.681068 
2916.000000	1.672398 
2914.000000	1.669980 
2912.000000	1.668028 
2910.000000	1.668100 
2908.000000	1.667726 
2906.000000	1.664166 
2904.000000	1.662912 
2902.000000	1.659869 
2900.000000	1.656279 
2898.000000	1.655332 
2896.000000	1.658829 
2894.000000	1.662207 
2892.000000	1.654888 
2890.000000	1.647682 
2888.000000	1.650977 
2886.000000	1.649547 
2884.000000	1.646157 
2882.000000	1.647811 
2880.000000	1.649612 
2878.000000	1.649132 
2876.000000	1.649519 
2874.000000	1.649639 
2872.000000	1.647029 
2870.000000	1.640081 
2868.000000	1.641339 
2866.000000	1.649644 
2864.000000	1.651631 
2862.000000	1.652128 
2860.000000	1.652937 
2858.000000	1.651659 
2856.000000	1.647976 
2854.000000	1.645576 
2852.000000	1.644223 
2850.000000	1.639196 
2848.000000	1.633273 
2846.000000	1.631457 
2844.000000	1.632060 
2842.000000	1.629544 
2840.000000	1.629871 
2838.000000	1.632384 
2836.000000	1.630700 
2834.000000	1.628628 
2832.000000	1.625229 
2830.000000	1.625382 
2828.000000	1.627028 
2826.000000	1.629178 
2824.000000	1.629258 
2822.000000	1.624688 
2820.000000	1.619449 
2818.000000	1.617449 
2816.000000	1.617754 
2814.000000	1.620165 
2812.000000	1.615998 
2810.000000	1.614158 
2808.000000	1.618773 
2806.000000	1.622000 
2804.000000	1.617681 
2802.000000	1.612138 
2800.000000	1.615122 
2798.000000	1.616969 
2796.000000	1.614998 
2794.000000	1.615570 
2792.000000	1.613461 
2790.000000	1.608517 
2788.000000	1.607538 
2786.000000	1.614665 
2784.000000	1.620896 
2782.000000	1.619363 
2780.000000	1.615485 
2778.000000	1.616747 
2776.000000	1.616194 
2774.000000	1.614384 
2772.000000	1.611541 
2770.000000	1.609855 
2768.000000	1.611706 
2766.000000	1.611414 
2764.000000	1.610590 
2762.000000	1.610210 
2760.000000	1.611025 
2758.000000	1.612125 
2756.000000	1.609590 
2754.000000	1.607551 
2752.000000	1.609413 
2750.000000	1.608563 
2748.000000	1.606374 
2746.000000	1.608126 
2744.000000	1.608920 
2742.000000	1.606132 
2740.000000	1.606412 
2738.000000	1.607815 
2736.000000	1.606910 
2734.000000	1.606474 
2732.000000	1.605714 
2730.000000	1.607044 
2728.000000	1.604608 
2726.000000	1.597822 
2724.000000	1.599449 
2722.000000	1.604696 
2720.000000	1.606780 
2718.000000	1.609543 
2716.000000	1.607262 
2714.000000	1.607811 
2712.000000	1.610315 
2710.000000	1.610370 
2708.000000	1.610222 
2706.000000	1.608273 
2704.000000	1.608386 
2702.000000	1.606629 
2700.000000	1.603182 
2698.000000	1.602170 
2696.000000	1.603448 
2694.000000	1.602987 
2692.000000	1.602087 
2690.000000	1.601938 
2688.000000	1.601247 
2686.000000	1.600405 
2684.000000	1.600875 
2682.000000	1.599766 
2680.000000	1.597678 
2678.000000	1.599869 
2676.000000	1.601917 
2674.000000	1.598811 
2672.000000	1.597269 
2670.000000	1.600553 
2668.000000	1.600525 
2666.000000	1.597625 
2664.000000	1.599931 
2662.000000	1.602282 
2660.000000	1.598565 
2658.000000	1.598421 
2656.000000	1.599247 
2654.000000	1.596442 
2652.000000	1.594230 
2650.000000	1.592480 
2648.000000	1.594645 
2646.000000	1.598113 
2644.000000	1.595968 
2642.000000	1.594824 
2640.000000	1.597076 
2638.000000	1.597346 
2636.000000	1.597654 
2634.000000	1.596095 
2632.000000	1.592736 
2630.000000	1.588332 
2628.000000	1.583698 
2626.000000	1.587758 
2624.000000	1.594796 
2622.000000	1.591457 
2620.000000	1.591946 
2618.000000	1.597043 
2616.000000	1.592084 
2614.000000	1.583563 
2612.000000	1.582743 
2610.000000	1.585748 
2608.000000	1.590544 
2606.000000	1.588850 
2604.000000	1.585090 
2602.000000	1.591097 
2600.000000	1.594421 
2598.000000	1.590928 
2596.000000	1.587446 
2594.000000	1.587662 
2592.000000	1.586682 
2590.000000	1.585448 
2588.000000	1.587839 
2586.000000	1.586286 
2584.000000	1.582208 
2582.000000	1.583929 
2580.000000	1.588516 
2578.000000	1.591360 
2576.000000	1.591380 
2574.000000	1.587630 
2572.000000	1.585030 
2570.000000	1.583905 
2568.000000	1.583929 
2566.000000	1.586562 
2564.000000	1.590867 
2562.000000	1.589972 
2560.000000	1.583321 
2558.000000	1.583036 
2556.000000	1.586262 
2554.000000	1.583944 
2552.000000	1.584982 
2550.000000	1.588095 
2548.000000	1.588240 
2546.000000	1.588075 
2544.000000	1.589859 
2542.000000	1.587995 
2540.000000	1.585460 
2538.000000	1.586482 
2536.000000	1.583099 
2534.000000	1.580786 
2532.000000	1.582655 
2530.000000	1.582770 
2528.000000	1.579802 
2526.000000	1.578456 
2524.000000	1.581197 
2522.000000	1.579161 
2520.000000	1.575688 
2518.000000	1.578907 
2516.000000	1.583060 
2514.000000	1.582933 
2512.000000	1.580554 
2510.000000	1.577391 
2508.000000	1.578080 
2506.000000	1.580628 
2504.000000	1.579821 
2502.000000	1.577328 
2500.000000	1.574404 
2498.000000	1.573635 
2496.000000	1.574594 
2494.000000	1.576078 
2492.000000	1.577535 
2490.000000	1.576781 
2488.000000	1.577152 
2486.000000	1.578953 
2484.000000	1.576878 
2482.000000	1.576265 
2480.000000	1.578429 
2478.000000	1.579098 
2476.000000	1.579106 
2474.000000	1.580711 
2472.000000	1.578641 
2470.000000	1.572411 
2468.000000	1.571133 
2466.000000	1.574023 
2464.000000	1.575945 
2462.000000	1.573895 
2460.000000	1.572620 
2458.000000	1.571519 
2456.000000	1.573860 
2454.000000	1.576445 
2452.000000	1.578668 
2450.000000	1.580038 
2448.000000	1.574960 
2446.000000	1.570193 
2444.000000	1.572879 
2442.000000	1.570682 
2440.000000	1.567286 
2438.000000	1.569216 
2436.000000	1.568925 
2434.000000	1.567672 
2432.000000	1.571511 
2430.000000	1.574513 
2428.000000	1.572527 
2426.000000	1.570478 
2424.000000	1.567641 
2422.000000	1.563965 
2420.000000	1.562384 
2418.000000	1.565078 
2416.000000	1.568710 
2414.000000	1.567144 
2412.000000	1.566976 
2410.000000	1.567553 
2408.000000	1.565078 
2406.000000	1.567871 
2404.000000	1.571970 
2402.000000	1.569862 
2400.000000	1.567282 
2398.000000	1.569270 
2396.000000	1.568488 
2394.000000	1.564576 
2392.000000	1.564117 
2390.000000	1.566953 
2388.000000	1.570235 
2386.000000	1.571048 
2384.000000	1.567270 
2382.000000	1.565847 
2380.000000	1.565812 
2378.000000	1.563616 
2376.000000	1.559698 
2374.000000	1.556289 
2372.000000	1.557778 
2370.000000	1.563214 
2368.000000	1.567438 
2366.000000	1.571967 
2364.000000	1.574894 
2362.000000	1.573422 
2360.000000	1.570628 
2358.000000	1.572075 
2356.000000	1.582165 
2354.000000	1.586658 
2352.000000	1.587450 
2350.000000	1.582754 
2348.000000	1.567431 
2346.000000	1.567844 
2344.000000	1.580841 
2342.000000	1.580467 
2340.000000	1.582295 
2338.000000	1.591651 
2336.000000	1.592796 
2334.000000	1.592326 
2332.000000	1.594380 
2330.000000	1.590665 
2328.000000	1.590730 
2326.000000	1.599132 
2324.000000	1.607522 
2322.000000	1.608029 
2320.000000	1.609139 
2318.000000	1.607723 
2316.000000	1.606203 
2314.000000	1.610750 
2312.000000	1.612475 
2310.000000	1.616978 
2308.000000	1.626173 
2306.000000	1.631165 
2304.000000	1.630249 
2302.000000	1.630824 
2300.000000	1.639728 
2298.000000	1.646221 
2296.000000	1.654079 
2294.000000	1.664324 
2292.000000	1.669022 
2290.000000	1.673798 
2288.000000	1.685105 
2286.000000	1.699042 
2284.000000	1.707437 
2282.000000	1.718935 
2280.000000	1.739806 
2278.000000	1.759589 
2276.000000	1.769436 
2274.000000	1.778353 
2272.000000	1.792893 
2270.000000	1.807940 
2268.000000	1.825157 
2266.000000	1.839614 
2264.000000	1.848346 
2262.000000	1.856031 
2260.000000	1.868098 
2258.000000	1.877272 
2256.000000	1.883151 
2254.000000	1.878217 
2252.000000	1.867075 
2250.000000	1.859119 
2248.000000	1.857311 
2246.000000	1.853445 
2244.000000	1.841407 
2242.000000	1.829134 
2240.000000	1.819639 
2238.000000	1.810000 
2236.000000	1.802850 
2234.000000	1.794612 
2232.000000	1.775338 
2230.000000	1.755596 
2228.000000	1.746020 
2226.000000	1.743076 
2224.000000	1.738761 
2222.000000	1.732565 
2220.000000	1.729251 
2218.000000	1.729195 
2216.000000	1.734308 
2214.000000	1.741555 
2212.000000	1.743988 
2210.000000	1.740170 
2208.000000	1.740159 
2206.000000	1.741230 
2204.000000	1.737204 
2202.000000	1.737175 
2200.000000	1.736221 
2198.000000	1.729268 
2196.000000	1.720439 
2194.000000	1.714347 
2192.000000	1.714128 
2190.000000	1.707934 
2188.000000	1.698716 
2186.000000	1.694787 
2184.000000	1.686305 
2182.000000	1.677605 
2180.000000	1.673173 
2178.000000	1.668086 
2176.000000	1.662607 
2174.000000	1.657609 
2172.000000	1.648597 
2170.000000	1.650870 
2168.000000	1.656021 
2166.000000	1.652714 
2164.000000	1.651738 
2162.000000	1.651278 
2160.000000	1.647148 
2158.000000	1.646364 
2156.000000	1.651246 
2154.000000	1.652658 
2152.000000	1.647410 
2150.000000	1.641171 
2148.000000	1.639494 
2146.000000	1.638195 
2144.000000	1.631776 
2142.000000	1.626765 
2140.000000	1.626861 
2138.000000	1.626090 
2136.000000	1.624361 
2134.000000	1.620316 
2132.000000	1.614150 
2130.000000	1.610750 
2128.000000	1.610357 
2126.000000	1.608500 
2124.000000	1.603236 
2122.000000	1.597961 
2120.000000	1.595272 
2118.000000	1.591485 
2116.000000	1.587022 
2114.000000	1.585991 
2112.000000	1.587907 
2110.000000	1.590238 
2108.000000	1.585349 
2106.000000	1.578495 
2104.000000	1.577696 
2102.000000	1.576792 
2100.000000	1.576910 
2098.000000	1.574435 
2096.000000	1.568430 
2094.000000	1.567320 
2092.000000	1.566098 
2090.000000	1.565257 
2088.000000	1.563620 
2086.000000	1.559059 
2084.000000	1.552674 
2082.000000	1.550160 
2080.000000	1.550774 
2078.000000	1.549760 
2076.000000	1.545360 
2074.000000	1.542145 
2072.000000	1.544253 
2070.000000	1.541961 
2068.000000	1.537469 
2066.000000	1.537776 
2064.000000	1.536617 
2062.000000	1.528534 
2060.000000	1.524539 
2058.000000	1.523930 
2056.000000	1.521773 
2054.000000	1.520226 
2052.000000	1.518565 
2050.000000	1.515969 
2048.000000	1.514490 
2046.000000	1.515158 
2044.000000	1.515504 
2042.000000	1.513682 
2040.000000	1.512528 
2038.000000	1.511626 
2036.000000	1.510437 
2034.000000	1.512403 
2032.000000	1.515198 
2030.000000	1.513577 
2028.000000	1.508126 
2026.000000	1.505250 
2024.000000	1.507962 
2022.000000	1.509824 
2020.000000	1.506903 
2018.000000	1.505160 
2016.000000	1.506783 
2014.000000	1.507296 
2012.000000	1.504884 
2010.000000	1.502744 
2008.000000	1.504127 
2006.000000	1.506398 
2004.000000	1.507229 
2002.000000	1.506800 
2000.000000	1.502382 
1998.000000	1.497300 
1996.000000	1.498457 
1994.000000	1.501488 
1992.000000	1.503955 
1990.000000	1.505661 
1988.000000	1.503691 
1986.000000	1.502830 
1984.000000	1.503562 
1982.000000	1.504308 
1980.000000	1.500726 
1978.000000	1.498744 
1976.000000	1.500133 
1974.000000	1.501327 
1972.000000	1.502784 
1970.000000	1.504011 
1968.000000	1.502461 
1966.000000	1.500310 
1964.000000	1.499747 
1962.000000	1.499247 
1960.000000	1.495661 
1958.000000	1.496744 
1956.000000	1.500077 
1954.000000	1.499028 
1952.000000	1.494201 
1950.000000	1.494137 
1948.000000	1.495887 
1946.000000	1.495146 
1944.000000	1.492351 
1942.000000	1.491131 
1940.000000	1.493182 
1938.000000	1.493031 
1936.000000	1.492647 
1934.000000	1.492622 
1932.000000	1.489748 
1930.000000	1.490007 
1928.000000	1.494799 
1926.000000	1.495016 
1924.000000	1.493034 
1922.000000	1.494418 
1920.000000	1.494670 
1918.000000	1.500575 
1916.000000	1.503001 
1914.000000	1.496712 
1912.000000	1.490910 
1910.000000	1.488723 
1908.000000	1.491680 
1906.000000	1.489300 
1904.000000	1.486102 
1902.000000	1.484549 
1900.000000	1.482048 
1898.000000	1.480987 
1896.000000	1.484520 
1894.000000	1.488330 
1892.000000	1.484163 
1890.000000	1.482104 
1888.000000	1.487885 
1886.000000	1.487808 
1884.000000	1.485925 
1882.000000	1.485538 
1880.000000	1.485399 
1878.000000	1.485608 
1876.000000	1.483262 
1874.000000	1.480562 
1872.000000	1.477547 
1870.000000	1.478166 
1868.000000	1.487827 
1866.000000	1.490452 
1864.000000	1.485719 
1862.000000	1.483133 
1860.000000	1.485836 
1858.000000	1.485896 
1856.000000	1.482290 
1854.000000	1.480208 
1852.000000	1.481567 
1850.000000	1.483347 
1848.000000	1.484331 
1846.000000	1.479358 
1844.000000	1.484985 
1842.000000	1.489585 
1840.000000	1.477317 
1838.000000	1.474191 
1836.000000	1.475213 
1834.000000	1.471043 
1832.000000	1.463849 
1830.000000	1.470982 
1828.000000	1.479118 
1826.000000	1.471886 
1824.000000	1.473737 
1822.000000	1.475185 
1820.000000	1.468759 
1818.000000	1.466362 
1816.000000	1.468609 
1814.000000	1.465279 
1812.000000	1.463704 
1810.000000	1.467694 
1808.000000	1.470123 
1806.000000	1.468859 
1804.000000	1.462498 
1802.000000	1.460216 
1800.000000	1.467326 
1798.000000	1.465838 
1796.000000	1.460345 
1794.000000	1.451800 
1792.000000	1.462931 
1790.000000	1.471834 
1788.000000	1.460829 
1786.000000	1.452208 
1784.000000	1.452143 
1782.000000	1.450525 
1780.000000	1.451270 
1778.000000	1.449623 
1776.000000	1.443056 
1774.000000	1.441774 
1772.000000	1.454637 
1770.000000	1.457940 
1768.000000	1.451982 
1766.000000	1.448432 
1764.000000	1.437776 
1762.000000	1.443050 
1760.000000	1.450706 
1758.000000	1.443898 
1756.000000	1.446417 
1754.000000	1.441774 
1752.000000	1.436032 
1750.000000	1.450166 
1748.000000	1.457029 
1746.000000	1.450770 
1744.000000	1.443679 
1742.000000	1.442579 
1740.000000	1.444206 
1738.000000	1.449638 
1736.000000	1.431172 
1734.000000	1.445232 
1732.000000	1.464943 
1730.000000	1.452712 
1728.000000	1.447544 
1726.000000	1.439721 
1724.000000	1.434639 
1722.000000	1.431804 
1720.000000	1.424730 
1718.000000	1.437141 
1716.000000	1.460422 
1714.000000	1.454687 
1712.000000	1.439319 
1710.000000	1.428801 
1708.000000	1.422849 
1706.000000	1.423787 
1704.000000	1.425413 
1702.000000	1.408303 
1700.000000	1.430745 
1698.000000	1.436177 
1696.000000	1.429552 
1694.000000	1.437697 
1692.000000	1.415204 
1690.000000	1.407716 
1688.000000	1.408454 
1686.000000	1.391150 
1684.000000	1.413776 
1682.000000	1.434158 
1680.000000	1.411990 
1678.000000	1.395468 
1676.000000	1.390893 
1674.000000	1.408903 
1672.000000	1.399639 
1670.000000	1.396823 
1668.000000	1.409038 
1666.000000	1.396343 
1664.000000	1.388291 
1662.000000	1.400070 
1660.000000	1.398875 
1658.000000	1.389525 
1656.000000	1.373518 
1654.000000	1.380560 
1652.000000	1.438009 
1650.000000	1.412961 
1648.000000	1.387808 
1646.000000	1.413819 
1644.000000	1.417637 
1642.000000	1.398800 
1640.000000	1.389942 
1638.000000	1.381957 
1636.000000	1.400114 
1634.000000	1.425102 
1632.000000	1.408603 
1630.000000	1.393048 
1628.000000	1.395717 
1626.000000	1.396204 
1624.000000	1.393109 
1622.000000	1.402025 
1620.000000	1.388747 
1618.000000	1.374422 
1616.000000	1.390939 
1614.000000	1.389447 
1612.000000	1.374944 
1610.000000	1.370383 
1608.000000	1.368084 
1606.000000	1.364335 
1604.000000	1.358349 
1602.000000	1.355300 
1600.000000	1.354279 
1598.000000	1.349016 
1596.000000	1.345588 
1594.000000	1.345705 
1592.000000	1.343095 
1590.000000	1.339415 
1588.000000	1.338407 
1586.000000	1.334442 
1584.000000	1.330941 
1582.000000	1.330609 
1580.000000	1.326670 
1578.000000	1.318357 
1576.000000	1.334398 
1574.000000	1.341908 
1572.000000	1.322971 
1570.000000	1.321419 
1568.000000	1.332401 
1566.000000	1.326612 
1564.000000	1.323045 
1562.000000	1.309317 
1560.000000	1.310786 
1558.000000	1.362816 
1556.000000	1.346406 
1554.000000	1.326821 
1552.000000	1.318740 
1550.000000	1.315128 
1548.000000	1.312579 
1546.000000	1.305503 
1544.000000	1.307411 
1542.000000	1.307470 
1540.000000	1.322651 
1538.000000	1.327305 
1536.000000	1.304890 
1534.000000	1.300736 
1532.000000	1.310773 
1530.000000	1.297348 
1528.000000	1.288352 
1526.000000	1.294546 
1524.000000	1.295150 
1522.000000	1.292891 
1520.000000	1.305660 
1518.000000	1.299045 
1516.000000	1.298958 
1514.000000	1.290582 
1512.000000	1.281109 
1510.000000	1.280034 
1508.000000	1.284556 
1506.000000	1.310322 
1504.000000	1.298495 
1502.000000	1.275766 
1500.000000	1.267193 
1498.000000	1.271255 
1496.000000	1.282593 
1494.000000	1.276363 
1492.000000	1.265686 
1490.000000	1.276958 
1488.000000	1.285304 
1486.000000	1.278587 
1484.000000	1.268290 
1482.000000	1.263157 
1480.000000	1.263896 
1478.000000	1.262277 
1476.000000	1.265127 
1474.000000	1.268569 
1472.000000	1.283354 
1470.000000	1.278957 
1468.000000	1.263043 
1466.000000	1.259435 
1464.000000	1.269294 
1462.000000	1.263749 
1460.000000	1.250238 
1458.000000	1.256547 
1456.000000	1.280617 
1454.000000	1.271269 
1452.000000	1.253988 
1450.000000	1.249684 
1448.000000	1.253722 
1446.000000	1.252050 
1444.000000	1.242470 
1442.000000	1.238790 
1440.000000	1.233840 
1438.000000	1.232504 
1436.000000	1.247057 
1434.000000	1.240980 
1432.000000	1.228281 
1430.000000	1.228223 
1428.000000	1.227702 
1426.000000	1.220376 
1424.000000	1.220455 
1422.000000	1.216801 
1420.000000	1.215750 
1418.000000	1.228763 
1416.000000	1.221292 
1414.000000	1.209015 
1412.000000	1.203174 
1410.000000	1.202265 
1408.000000	1.201010 
1406.000000	1.200353 
1404.000000	1.204074 
1402.000000	1.199924 
1400.000000	1.196220 
1398.000000	1.200155 
1396.000000	1.198854 
1394.000000	1.198666 
1392.000000	1.195389 
1390.000000	1.188320 
1388.000000	1.185994 
1386.000000	1.187062 
1384.000000	1.183808 
1382.000000	1.179871 
1380.000000	1.176707 
1378.000000	1.174712 
1376.000000	1.172974 
1374.000000	1.173574 
1372.000000	1.170928 
1370.000000	1.166860 
1368.000000	1.165841 
1366.000000	1.163741 
1364.000000	1.162457 
1362.000000	1.164905 
1360.000000	1.158941 
1358.000000	1.151788 
1356.000000	1.149660 
1354.000000	1.148322 
1352.000000	1.145827 
1350.000000	1.144205 
1348.000000	1.142100 
1346.000000	1.139733 
1344.000000	1.137949 
1342.000000	1.135764 
1340.000000	1.137794 
1338.000000	1.138093 
1336.000000	1.131394 
1334.000000	1.128042 
1332.000000	1.128269 
1330.000000	1.126944 
1328.000000	1.124768 
1326.000000	1.123150 
1324.000000	1.121474 
1322.000000	1.120390 
1320.000000	1.120833 
1318.000000	1.120971 
1316.000000	1.119789 
1314.000000	1.117279 
1312.000000	1.115785 
1310.000000	1.114062 
1308.000000	1.111793 
1306.000000	1.110692 
1304.000000	1.108118 
1302.000000	1.106478 
1300.000000	1.108316 
1298.000000	1.108344 
1296.000000	1.105169 
1294.000000	1.102377 
1292.000000	1.101829 
1290.000000	1.102197 
1288.000000	1.102753 
1286.000000	1.100322 
1284.000000	1.097463 
1282.000000	1.098597 
1280.000000	1.099563 
1278.000000	1.098053 
1276.000000	1.097558 
1274.000000	1.099519 
1272.000000	1.101469 
1270.000000	1.103111 
1268.000000	1.105607 
1266.000000	1.106674 
1264.000000	1.107284 
1262.000000	1.108752 
1260.000000	1.109400 
1258.000000	1.108986 
1256.000000	1.109649 
1254.000000	1.111002 
1252.000000	1.112902 
1250.000000	1.117350 
1248.000000	1.122853 
1246.000000	1.129117 
1244.000000	1.135261 
1242.000000	1.142554 
1240.000000	1.153359 
1238.000000	1.166544 
1236.000000	1.178475 
1234.000000	1.190952 
1232.000000	1.205539 
1230.000000	1.222253 
1228.000000	1.240702 
1226.000000	1.260497 
1224.000000	1.281016 
1222.000000	1.301291 
1220.000000	1.320543 
1218.000000	1.340527 
1216.000000	1.362869 
1214.000000	1.385899 
1212.000000	1.411146 
1210.000000	1.435617 
1208.000000	1.456996 
1206.000000	1.479080 
1204.000000	1.500081 
1202.000000	1.517953 
1200.000000	1.536578 
1198.000000	1.560386 
1196.000000	1.584052 
1194.000000	1.601764 
1192.000000	1.619686 
1190.000000	1.639927 
1188.000000	1.659656 
1186.000000	1.673881 
1184.000000	1.680577 
1182.000000	1.690944 
1180.000000	1.709590 
1178.000000	1.725114 
1176.000000	1.738336 
1174.000000	1.748612 
1172.000000	1.757671 
1170.000000	1.770899 
1168.000000	1.786920 
1166.000000	1.799836 
1164.000000	1.807640 
1162.000000	1.815557 
1160.000000	1.822019 
1158.000000	1.829106 
1156.000000	1.838292 
1154.000000	1.844190 
1152.000000	1.845573 
1150.000000	1.848843 
1148.000000	1.855452 
1146.000000	1.860131 
1144.000000	1.865933 
1142.000000	1.874138 
1140.000000	1.881958 
1138.000000	1.895020 
1136.000000	1.890507 
1134.000000	1.890089 
1132.000000	1.905605 
1130.000000	1.918587 
1128.000000	1.922068 
1126.000000	1.921956 
1124.000000	1.930605 
1122.000000	1.932527 
1120.000000	1.936892 
1118.000000	1.942941 
1116.000000	1.939207 
1114.000000	1.955478 
1112.000000	1.979187 
1110.000000	1.987245 
1108.000000	1.991380 
1106.000000	1.999617 
1104.000000	2.018975 
1102.000000	2.042111 
1100.000000	2.058209 
1098.000000	2.068958 
1096.000000	2.081034 
1094.000000	2.093396 
1092.000000	2.118651 
1090.000000	2.123289 
1088.000000	2.118039 
1086.000000	2.143041 
1084.000000	2.155688 
1082.000000	2.170459 
1080.000000	2.188011 
1078.000000	2.217280 
1076.000000	2.252259 
1074.000000	2.280928 
1072.000000	2.276640 
1070.000000	2.242593 
1068.000000	2.249140 
1066.000000	2.260686 
1064.000000	2.226007 
1062.000000	2.190765 
1060.000000	2.205537 
1058.000000	2.236947 
1056.000000	2.222571 
1054.000000	2.182744 
1052.000000	2.156623 
1050.000000	2.168685 
1048.000000	2.176542 
1046.000000	2.141059 
1044.000000	2.095042 
1042.000000	2.058932 
1040.000000	2.018748 
1038.000000	1.981671 
1036.000000	1.958234 
1034.000000	1.932447 
1032.000000	1.905272 
1030.000000	1.868220 
1028.000000	1.817553 
1026.000000	1.761300 
1024.000000	1.718962 
1022.000000	1.676832 
1020.000000	1.624762 
1018.000000	1.566209 
1016.000000	1.510850 
1014.000000	1.458419 
1012.000000	1.405232 
1010.000000	1.357669 
1008.000000	1.313150 
1006.000000	1.265557 
1004.000000	1.217096 
1002.000000	1.174772 
1000.000000	1.137487 
998.000000	 1.103430 
996.000000	 1.074347 
994.000000	 1.050024 
992.000000	 1.028179 
990.000000	 1.015165 
988.000000	 1.013647 
986.000000	 1.013172 
984.000000	 1.004743 
982.000000	 0.991631 
980.000000	 0.976477 
978.000000	 0.960623 
976.000000	 0.941443 
974.000000	 0.920052 
972.000000	 0.900054 
970.000000	 0.880917 
968.000000	 0.864462 
966.000000	 0.854141 
964.000000	 0.847791 
962.000000	 0.841330 
960.000000	 0.835675 
958.000000	 0.832530 
956.000000	 0.832561 
954.000000	 0.836379 
952.000000	 0.843027 
950.000000	 0.851173 
948.000000	 0.860534 
946.000000	 0.870286 
944.000000	 0.878224 
942.000000	 0.882074 
940.000000	 0.881828 
938.000000	 0.878064 
936.000000	 0.873707 
934.000000	 0.869633 
932.000000	 0.864368 
930.000000	 0.858669 
928.000000	 0.850760 
926.000000	 0.839837 
924.000000	 0.829322 
922.000000	 0.819433 
920.000000	 0.810963 
918.000000	 0.805647 
916.000000	 0.804448 
914.000000	 0.806823 
912.000000	 0.811984 
910.000000	 0.819576 
908.000000	 0.829007 
906.000000	 0.838452 
904.000000	 0.850487 
902.000000	 0.867203 
900.000000	 0.886269 
898.000000	 0.910019 
896.000000	 0.942194 
894.000000	 0.983077 
892.000000	 1.031677 
890.000000	 1.084791 
888.000000	 1.136929 
886.000000	 1.182791 
884.000000	 1.218848 
882.000000	 1.244574 
880.000000	 1.260048 
878.000000	 1.269340 
876.000000	 1.270390 
874.000000	 1.255061 
872.000000	 1.231098 
870.000000	 1.205152 
868.000000	 1.180456 
866.000000	 1.163305 
864.000000	 1.146842 
862.000000	 1.128823 
860.000000	 1.114291 
858.000000	 1.106531 
856.000000	 1.096760 
854.000000	 1.086058 
852.000000	 1.082629 
850.000000	 1.080881 
848.000000	 1.075349 
846.000000	 1.066559 
844.000000	 1.056307 
842.000000	 1.044687 
840.000000	 1.031217 
838.000000	 1.011908 
836.000000	 0.984744 
834.000000	 0.954034 
832.000000	 0.919039 
830.000000	 0.874481 
828.000000	 0.824635 
826.000000	 0.777980 
824.000000	 0.738159 
822.000000	 0.704646 
820.000000	 0.678962 
818.000000	 0.660831 
816.000000	 0.646637 
814.000000	 0.636043 
812.000000	 0.628646 
810.000000	 0.622938 
808.000000	 0.617241 
806.000000	 0.612243 
804.000000	 0.608191 
802.000000	 0.603851 
800.000000	 0.597914 
798.000000	 0.592083 
796.000000	 0.587494 
794.000000	 0.583318 
792.000000	 0.577803 
790.000000	 0.572108 
788.000000	 0.567933 
786.000000	 0.563658 
784.000000	 0.559318 
782.000000	 0.556138 
780.000000	 0.553293 
778.000000	 0.550848 
776.000000	 0.547245 
774.000000	 0.543968 
772.000000	 0.542533 
770.000000	 0.541952 
768.000000	 0.541230 
766.000000	 0.540012 
764.000000	 0.538842 
762.000000	 0.537913 
760.000000	 0.537049 
758.000000	 0.536397 
756.000000	 0.536000 
754.000000	 0.535553 
752.000000	 0.532835 
750.000000	 0.530249 
748.000000	 0.528635 
746.000000	 0.526821 
744.000000	 0.525172 
742.000000	 0.523280 
740.000000	 0.519196 
738.000000	 0.513798 
736.000000	 0.509124 
734.000000	 0.504107 
732.000000	 0.498520 
730.000000	 0.494119 
728.000000	 0.489979 
726.000000	 0.484740 
724.000000	 0.480215 
722.000000	 0.476249 
720.000000	 0.471948 
718.000000	 0.469813 
716.000000	 0.469211 
714.000000	 0.467423 
712.000000	 0.465194 
710.000000	 0.461742 
708.000000	 0.457199 
706.000000	 0.451154 
704.000000	 0.441834 
702.000000	 0.431399 
700.000000	 0.421950 
698.000000	 0.413313 
696.000000	 0.405126 
694.000000	 0.397841 
692.000000	 0.392050 
690.000000	 0.386944 
688.000000	 0.381663 
686.000000	 0.376878 
684.000000	 0.373197 
682.000000	 0.370570 
680.000000	 0.368093 
678.000000	 0.365347 
676.000000	 0.362063 
674.000000	 0.358587 
672.000000	 0.356522 
670.000000	 0.354861 
668.000000	 0.354004 
666.000000	 0.351315 
664.000000	 0.346964 
662.000000	 0.344406 
660.000000	 0.342254 
658.000000	 0.339871 
656.000000	 0.337533 
654.000000	 0.335745 
652.000000	 0.333278 
650.000000	 0.330986 
648.000000	 0.329018 
646.000000	 0.326811 
644.000000	 0.324831 
642.000000	 0.322896 
640.000000	 0.320596 
638.000000	 0.318167 
636.000000	 0.315451 
634.000000	 0.312812 
632.000000	 0.309582 
630.000000	 0.305443 
628.000000	 0.300932 
626.000000	 0.295902 
624.000000	 0.289872 
622.000000	 0.285245 
620.000000	 0.281309 
618.000000	 0.276764 
616.000000	 0.271798 
614.000000	 0.267119 
612.000000	 0.263782 
610.000000	 0.259530 
608.000000	 0.255073 
606.000000	 0.250917 
604.000000	 0.247608 
602.000000	 0.245421 
600.000000	 0.242639 
598.000000	 0.238026 
596.000000	 0.233864 
594.000000	 0.230819 
592.000000	 0.227679 
590.000000	 0.223812 
588.000000	 0.220037 
586.000000	 0.215983 
584.000000	 0.212598 
582.000000	 0.209862 
580.000000	 0.206135 
578.000000	 0.202392 
576.000000	 0.200900 
574.000000	 0.198449 
572.000000	 0.194867 
570.000000	 0.191750 
568.000000	 0.189330 
566.000000	 0.187240 
564.000000	 0.184869 
562.000000	 0.182839 
560.000000	 0.181573 
558.000000	 0.180477 
556.000000	 0.179035 
554.000000	 0.177883 
552.000000	 0.177875 
550.000000	 0.178533 
548.000000	 0.178017 
546.000000	 0.177221 
544.000000	 0.176830 
542.000000	 0.176799 
540.000000	 0.177674 
538.000000	 0.179291 
536.000000	 0.179989 
534.000000	 0.180439 
532.000000	 0.180484 
530.000000	 0.180657 
528.000000	 0.182446 
526.000000	 0.185249 
524.000000	 0.185011 
522.000000	 0.185195 
520.000000	 0.188097 
518.000000	 0.191121 
516.000000	 0.193587 
514.000000	 0.194133 
512.000000	 0.195721 
510.000000	 0.199660 
508.000000	 0.203719 
506.000000	 0.208614 
504.000000	 0.215506 
502.000000	 0.223681 
500.000000	 0.229599 
498.000000	 0.236912 
496.000000	 0.249044 
494.000000	 0.263087 
492.000000	 0.277503 
490.000000	 0.291357 
488.000000	 0.304708 
486.000000	 0.320486 
484.000000	 0.336511 
482.000000	 0.352101 
480.000000	 0.367408 
478.000000	 0.382374 
476.000000	 0.396114 
474.000000	 0.409071 
472.000000	 0.423608 
470.000000	 0.435647 
468.000000	 0.443544 
466.000000	 0.447963 
464.000000	 0.452216 
462.000000	 0.457347 
460.000000	 0.461695 
458.000000	 0.465971 
456.000000	 0.467576 
454.000000	 0.467822 
452.000000	 0.467934 
450.000000	 0.467453 

