4400.000000	1.675624 
4398.000000	1.676085 
4396.000000	1.680001 
4394.000000	1.683239 
4392.000000	1.693201 
4390.000000	1.694352 
4388.000000	1.690543 
4386.000000	1.696477 
4384.000000	1.690919 
4382.000000	1.682730 
4380.000000	1.686285 
4378.000000	1.689103 
4376.000000	1.683879 
4374.000000	1.680676 
4372.000000	1.683449 
4370.000000	1.681585 
4368.000000	1.677521 
4366.000000	1.669622 
4364.000000	1.677009 
4362.000000	1.685196 
4360.000000	1.672077 
4358.000000	1.669777 
4356.000000	1.676911 
4354.000000	1.674751 
4352.000000	1.669917 
4350.000000	1.668723 
4348.000000	1.670896 
4346.000000	1.668163 
4344.000000	1.666350 
4342.000000	1.680835 
4340.000000	1.683329 
4338.000000	1.673651 
4336.000000	1.677004 
4334.000000	1.677442 
4332.000000	1.669269 
4330.000000	1.670886 
4328.000000	1.676213 
4326.000000	1.683099 
4324.000000	1.685055 
4322.000000	1.678898 
4320.000000	1.676965 
4318.000000	1.669641 
4316.000000	1.662183 
4314.000000	1.668655 
4312.000000	1.676232 
4310.000000	1.676822 
4308.000000	1.670794 
4306.000000	1.661518 
4304.000000	1.655398 
4302.000000	1.658843 
4300.000000	1.666538 
4298.000000	1.673846 
4296.000000	1.674252 
4294.000000	1.676198 
4292.000000	1.684209 
4290.000000	1.681287 
4288.000000	1.670111 
4286.000000	1.666216 
4284.000000	1.666850 
4282.000000	1.666682 
4280.000000	1.666716 
4278.000000	1.672013 
4276.000000	1.671090 
4274.000000	1.666514 
4272.000000	1.665703 
4270.000000	1.667639 
4268.000000	1.679892 
4266.000000	1.679595 
4264.000000	1.674551 
4262.000000	1.677615 
4260.000000	1.678680 
4258.000000	1.675055 
4256.000000	1.671931 
4254.000000	1.676021 
4252.000000	1.677561 
4250.000000	1.677753 
4248.000000	1.670809 
4246.000000	1.668395 
4244.000000	1.677181 
4242.000000	1.673558 
4240.000000	1.670557 
4238.000000	1.674492 
4236.000000	1.665080 
4234.000000	1.665650 
4232.000000	1.683859 
4230.000000	1.688603 
4228.000000	1.676404 
4226.000000	1.669602 
4224.000000	1.669433 
4222.000000	1.682257 
4220.000000	1.693630 
4218.000000	1.689589 
4216.000000	1.687408 
4214.000000	1.683719 
4212.000000	1.686818 
4210.000000	1.682636 
4208.000000	1.670600 
4206.000000	1.670571 
4204.000000	1.672281 
4202.000000	1.675163 
4200.000000	1.671897 
4198.000000	1.673109 
4196.000000	1.678676 
4194.000000	1.680066 
4192.000000	1.686320 
4190.000000	1.694618 
4188.000000	1.692925 
4186.000000	1.680591 
4184.000000	1.679170 
4182.000000	1.680264 
4180.000000	1.675295 
4178.000000	1.675369 
4176.000000	1.669506 
4174.000000	1.662578 
4172.000000	1.668868 
4170.000000	1.681665 
4168.000000	1.681033 
4166.000000	1.676394 
4164.000000	1.671804 
4162.000000	1.661822 
4160.000000	1.660712 
4158.000000	1.658773 
4156.000000	1.657811 
4154.000000	1.666134 
4152.000000	1.671979 
4150.000000	1.671061 
4148.000000	1.663775 
4146.000000	1.664119 
4144.000000	1.666139 
4142.000000	1.665449 
4140.000000	1.662431 
4138.000000	1.663832 
4136.000000	1.673368 
4134.000000	1.672651 
4132.000000	1.668236 
4130.000000	1.670033 
4128.000000	1.663737 
4126.000000	1.661537 
4124.000000	1.665137 
4122.000000	1.676837 
4120.000000	1.688063 
4118.000000	1.688168 
4116.000000	1.680185 
4114.000000	1.669975 
4112.000000	1.669080 
4110.000000	1.672676 
4108.000000	1.672048 
4106.000000	1.678735 
4104.000000	1.676316 
4102.000000	1.665449 
4100.000000	1.667832 
4098.000000	1.671527 
4096.000000	1.664673 
4094.000000	1.665923 
4092.000000	1.676547 
4090.000000	1.676429 
4088.000000	1.669970 
4086.000000	1.674374 
4084.000000	1.679496 
4082.000000	1.674047 
4080.000000	1.670271 
4078.000000	1.667577 
4076.000000	1.667514 
4074.000000	1.671887 
4072.000000	1.674252 
4070.000000	1.683469 
4068.000000	1.691447 
4066.000000	1.679264 
4064.000000	1.666620 
4062.000000	1.675496 
4060.000000	1.687151 
4058.000000	1.686486 
4056.000000	1.683159 
4054.000000	1.678503 
4052.000000	1.676276 
4050.000000	1.678162 
4048.000000	1.675574 
4046.000000	1.666591 
4044.000000	1.665842 
4042.000000	1.672666 
4040.000000	1.667028 
4038.000000	1.657227 
4036.000000	1.661058 
4034.000000	1.672997 
4032.000000	1.684059 
4030.000000	1.681073 
4028.000000	1.665540 
4026.000000	1.656631 
4024.000000	1.663479 
4022.000000	1.674076 
4020.000000	1.668723 
4018.000000	1.669840 
4016.000000	1.670271 
4014.000000	1.665616 
4012.000000	1.665904 
4010.000000	1.670649 
4008.000000	1.674062 
4006.000000	1.665089 
4004.000000	1.656697 
4002.000000	1.657298 
4000.000000	1.656790 
3998.000000	1.662012 
3996.000000	1.667148 
3994.000000	1.667951 
3992.000000	1.672301 
3990.000000	1.671741 
3988.000000	1.668303 
3986.000000	1.664276 
3984.000000	1.656551 
3982.000000	1.658678 
3980.000000	1.670319 
3978.000000	1.673754 
3976.000000	1.669646 
3974.000000	1.664381 
3972.000000	1.659817 
3970.000000	1.665410 
3968.000000	1.668154 
3966.000000	1.665626 
3964.000000	1.657938 
3962.000000	1.657929 
3960.000000	1.668815 
3958.000000	1.676930 
3956.000000	1.679086 
3954.000000	1.674365 
3952.000000	1.676556 
3950.000000	1.681431 
3948.000000	1.679120 
3946.000000	1.667485 
3944.000000	1.662626 
3942.000000	1.671556 
3940.000000	1.672593 
3938.000000	1.662631 
3936.000000	1.661727 
3934.000000	1.665588 
3932.000000	1.666274 
3930.000000	1.664721 
3928.000000	1.664534 
3926.000000	1.662340 
3924.000000	1.664774 
3922.000000	1.671148 
3920.000000	1.668409 
3918.000000	1.662436 
3916.000000	1.659372 
3914.000000	1.666245 
3912.000000	1.666259 
3910.000000	1.661015 
3908.000000	1.651431 
3906.000000	1.644693 
3904.000000	1.651102 
3902.000000	1.665727 
3900.000000	1.673763 
3898.000000	1.676424 
3896.000000	1.683399 
3894.000000	1.676232 
3892.000000	1.661537 
3890.000000	1.667538 
3888.000000	1.668332 
3886.000000	1.661779 
3884.000000	1.664941 
3882.000000	1.664104 
3880.000000	1.664100 
3878.000000	1.666355 
3876.000000	1.663579 
3874.000000	1.661053 
3872.000000	1.670125 
3870.000000	1.688486 
3868.000000	1.684684 
3866.000000	1.668211 
3864.000000	1.662912 
3862.000000	1.665693 
3860.000000	1.667365 
3858.000000	1.662455 
3856.000000	1.651979 
3854.000000	1.652123 
3852.000000	1.672812 
3850.000000	1.676090 
3848.000000	1.668501 
3846.000000	1.662659 
3844.000000	1.663512 
3842.000000	1.673798 
3840.000000	1.679982 
3838.000000	1.679338 
3836.000000	1.683524 
3834.000000	1.683094 
3832.000000	1.672374 
3830.000000	1.665995 
3828.000000	1.666677 
3826.000000	1.668356 
3824.000000	1.661922 
3822.000000	1.655000 
3820.000000	1.671595 
3818.000000	1.678591 
3816.000000	1.668173 
3814.000000	1.676380 
3812.000000	1.674732 
3810.000000	1.663550 
3808.000000	1.664381 
3806.000000	1.675030 
3804.000000	1.663488 
3802.000000	1.656790 
3800.000000	1.681883 
3798.000000	1.684064 
3796.000000	1.672442 
3794.000000	1.677960 
3792.000000	1.684064 
3790.000000	1.676217 
3788.000000	1.665343 
3786.000000	1.663250 
3784.000000	1.670523 
3782.000000	1.671610 
3780.000000	1.664295 
3778.000000	1.668771 
3776.000000	1.674086 
3774.000000	1.668409 
3772.000000	1.663393 
3770.000000	1.665549 
3768.000000	1.675030 
3766.000000	1.680820 
3764.000000	1.676896 
3762.000000	1.671571 
3760.000000	1.674898 
3758.000000	1.681764 
3756.000000	1.667851 
3754.000000	1.655515 
3752.000000	1.665128 
3750.000000	1.682267 
3748.000000	1.686949 
3746.000000	1.665545 
3744.000000	1.667235 
3742.000000	1.688370 
3740.000000	1.683829 
3738.000000	1.679190 
3736.000000	1.688128 
3734.000000	1.697080 
3732.000000	1.698458 
3730.000000	1.697064 
3728.000000	1.687629 
3726.000000	1.674565 
3724.000000	1.677644 
3722.000000	1.686441 
3720.000000	1.686964 
3718.000000	1.685150 
3716.000000	1.684815 
3714.000000	1.685181 
3712.000000	1.697033 
3710.000000	1.710174 
3708.000000	1.701587 
3706.000000	1.703167 
3704.000000	1.697817 
3702.000000	1.684079 
3700.000000	1.688577 
3698.000000	1.689731 
3696.000000	1.687347 
3694.000000	1.689675 
3692.000000	1.694126 
3690.000000	1.697142 
3688.000000	1.703821 
3686.000000	1.716778 
3684.000000	1.716719 
3682.000000	1.707501 
3680.000000	1.708166 
3678.000000	1.705873 
3676.000000	1.706151 
3674.000000	1.726534 
3672.000000	1.733994 
3670.000000	1.735816 
3668.000000	1.741738 
3666.000000	1.736916 
3664.000000	1.730329 
3662.000000	1.726182 
3660.000000	1.723829 
3658.000000	1.718773 
3656.000000	1.717037 
3654.000000	1.724850 
3652.000000	1.724098 
3650.000000	1.714959 
3648.000000	1.731499 
3646.000000	1.755101 
3644.000000	1.743569 
3642.000000	1.724191 
3640.000000	1.723775 
3638.000000	1.722959 
3636.000000	1.718464 
3634.000000	1.715432 
3632.000000	1.705526 
3630.000000	1.697038 
3628.000000	1.713362 
3626.000000	1.727528 
3624.000000	1.729401 
3622.000000	1.726468 
3620.000000	1.723441 
3618.000000	1.729262 
3616.000000	1.732828 
3614.000000	1.724691 
3612.000000	1.721490 
3610.000000	1.722248 
3608.000000	1.722106 
3606.000000	1.727429 
3604.000000	1.724093 
3602.000000	1.723714 
3600.000000	1.719890 
3598.000000	1.720341 
3596.000000	1.726606 
3594.000000	1.716730 
3592.000000	1.710940 
3590.000000	1.704743 
3588.000000	1.705447 
3586.000000	1.717804 
3584.000000	1.717296 
3582.000000	1.708796 
3580.000000	1.697554 
3578.000000	1.703340 
3576.000000	1.715486 
3574.000000	1.714342 
3572.000000	1.707448 
3570.000000	1.703282 
3568.000000	1.707026 
3566.000000	1.719591 
3564.000000	1.721359 
3562.000000	1.714058 
3560.000000	1.714846 
3558.000000	1.718442 
3556.000000	1.716444 
3554.000000	1.713116 
3552.000000	1.717302 
3550.000000	1.721534 
3548.000000	1.713046 
3546.000000	1.710280 
3544.000000	1.716929 
3542.000000	1.716266 
3540.000000	1.707622 
3538.000000	1.704193 
3536.000000	1.710190 
3534.000000	1.711637 
3532.000000	1.710488 
3530.000000	1.715099 
3528.000000	1.711552 
3526.000000	1.711541 
3524.000000	1.715303 
3522.000000	1.722379 
3520.000000	1.729279 
3518.000000	1.725835 
3516.000000	1.715540 
3514.000000	1.710105 
3512.000000	1.710413 
3510.000000	1.704838 
3508.000000	1.704460 
3506.000000	1.712678 
3504.000000	1.716746 
3502.000000	1.716148 
3500.000000	1.712512 
3498.000000	1.716331 
3496.000000	1.718941 
3494.000000	1.715427 
3492.000000	1.713640 
3490.000000	1.713774 
3488.000000	1.718145 
3486.000000	1.716148 
3484.000000	1.703884 
3482.000000	1.699975 
3480.000000	1.706573 
3478.000000	1.706546 
3476.000000	1.702499 
3474.000000	1.708865 
3472.000000	1.707337 
3470.000000	1.707137 
3468.000000	1.710562 
3466.000000	1.709320 
3464.000000	1.709781 
3462.000000	1.705153 
3460.000000	1.700962 
3458.000000	1.702577 
3456.000000	1.701207 
3454.000000	1.700645 
3452.000000	1.707754 
3450.000000	1.715276 
3448.000000	1.712485 
3446.000000	1.711941 
3444.000000	1.710913 
3442.000000	1.708087 
3440.000000	1.709309 
3438.000000	1.706041 
3436.000000	1.709951 
3434.000000	1.713308 
3432.000000	1.711328 
3430.000000	1.707242 
3428.000000	1.701436 
3426.000000	1.698303 
3424.000000	1.694736 
3422.000000	1.700110 
3420.000000	1.705694 
3418.000000	1.703737 
3416.000000	1.698510 
3414.000000	1.695567 
3412.000000	1.696559 
3410.000000	1.697441 
3408.000000	1.699690 
3406.000000	1.703058 
3404.000000	1.703413 
3402.000000	1.694229 
3400.000000	1.693988 
3398.000000	1.704670 
3396.000000	1.700635 
3394.000000	1.701592 
3392.000000	1.702906 
3390.000000	1.696179 
3388.000000	1.697373 
3386.000000	1.704733 
3384.000000	1.709479 
3382.000000	1.696050 
3380.000000	1.679427 
3378.000000	1.680542 
3376.000000	1.692043 
3374.000000	1.693237 
3372.000000	1.691666 
3370.000000	1.698913 
3368.000000	1.696740 
3366.000000	1.694137 
3364.000000	1.694500 
3362.000000	1.688355 
3360.000000	1.683299 
3358.000000	1.684629 
3356.000000	1.684684 
3354.000000	1.682551 
3352.000000	1.683674 
3350.000000	1.685692 
3348.000000	1.690157 
3346.000000	1.694280 
3344.000000	1.692135 
3342.000000	1.692986 
3340.000000	1.689508 
3338.000000	1.680477 
3336.000000	1.684349 
3334.000000	1.690360 
3332.000000	1.686159 
3330.000000	1.684324 
3328.000000	1.691905 
3326.000000	1.689372 
3324.000000	1.681600 
3322.000000	1.685873 
3320.000000	1.686677 
3318.000000	1.683529 
3316.000000	1.686355 
3314.000000	1.688229 
3312.000000	1.687826 
3310.000000	1.686808 
3308.000000	1.688694 
3306.000000	1.685406 
3304.000000	1.683714 
3302.000000	1.682730 
3300.000000	1.678271 
3298.000000	1.677378 
3296.000000	1.674991 
3294.000000	1.673510 
3292.000000	1.678172 
3290.000000	1.687478 
3288.000000	1.682471 
3286.000000	1.668322 
3284.000000	1.668839 
3282.000000	1.668043 
3280.000000	1.666600 
3278.000000	1.671280 
3276.000000	1.675839 
3274.000000	1.675540 
3272.000000	1.671532 
3270.000000	1.669051 
3268.000000	1.672150 
3266.000000	1.679883 
3264.000000	1.673305 
3262.000000	1.664033 
3260.000000	1.663097 
3258.000000	1.658079 
3256.000000	1.659420 
3254.000000	1.665286 
3252.000000	1.668467 
3250.000000	1.667553 
3248.000000	1.663012 
3246.000000	1.664568 
3244.000000	1.665583 
3242.000000	1.666696 
3240.000000	1.668544 
3238.000000	1.664214 
3236.000000	1.659264 
3234.000000	1.662388 
3232.000000	1.671756 
3230.000000	1.672369 
3228.000000	1.669501 
3226.000000	1.667760 
3224.000000	1.664774 
3222.000000	1.659093 
3220.000000	1.659164 
3218.000000	1.660129 
3216.000000	1.656330 
3214.000000	1.662807 
3212.000000	1.662826 
3210.000000	1.662041 
3208.000000	1.662397 
3206.000000	1.653995 
3204.000000	1.651320 
3202.000000	1.654238 
3200.000000	1.659051 
3198.000000	1.658400 
3196.000000	1.653440 
3194.000000	1.657976 
3192.000000	1.657896 
3190.000000	1.650014 
3188.000000	1.648004 
3186.000000	1.650740 
3184.000000	1.653641 
3182.000000	1.656706 
3180.000000	1.657289 
3178.000000	1.654551 
3176.000000	1.657891 
3174.000000	1.660011 
3172.000000	1.659812 
3170.000000	1.661694 
3168.000000	1.654864 
3166.000000	1.653823 
3164.000000	1.655655 
3162.000000	1.654981 
3160.000000	1.654387 
3158.000000	1.655608 
3156.000000	1.654341 
3154.000000	1.650958 
3152.000000	1.654537 
3150.000000	1.650597 
3148.000000	1.645292 
3146.000000	1.645255 
3144.000000	1.648647 
3142.000000	1.655936 
3140.000000	1.655627 
3138.000000	1.648004 
3136.000000	1.642151 
3134.000000	1.645452 
3132.000000	1.652704 
3130.000000	1.653207 
3128.000000	1.650435 
3126.000000	1.650810 
3124.000000	1.649880 
3122.000000	1.646956 
3120.000000	1.656054 
3118.000000	1.656105 
3116.000000	1.646313 
3114.000000	1.645113 
3112.000000	1.647461 
3110.000000	1.649820 
3108.000000	1.643967 
3106.000000	1.638096 
3104.000000	1.635419 
3102.000000	1.636722 
3100.000000	1.646483 
3098.000000	1.649810 
3096.000000	1.646772 
3094.000000	1.649390 
3092.000000	1.650268 
3090.000000	1.645717 
3088.000000	1.643361 
3086.000000	1.640112 
3084.000000	1.637184 
3082.000000	1.646703 
3080.000000	1.650111 
3078.000000	1.646066 
3076.000000	1.648638 
3074.000000	1.645717 
3072.000000	1.639891 
3070.000000	1.635915 
3068.000000	1.636973 
3066.000000	1.640872 
3064.000000	1.643188 
3062.000000	1.648919 
3060.000000	1.651037 
3058.000000	1.647617 
3056.000000	1.642824 
3054.000000	1.645017 
3052.000000	1.647309 
3050.000000	1.641638 
3048.000000	1.646258 
3046.000000	1.647093 
3044.000000	1.642633 
3042.000000	1.639968 
3040.000000	1.633937 
3038.000000	1.632846 
3036.000000	1.635982 
3034.000000	1.633683 
3032.000000	1.629734 
3030.000000	1.632016 
3028.000000	1.634623 
3026.000000	1.631807 
3024.000000	1.632735 
3022.000000	1.634726 
3020.000000	1.636507 
3018.000000	1.636484 
3016.000000	1.641013 
3014.000000	1.646818 
3012.000000	1.644428 
3010.000000	1.641031 
3008.000000	1.635571 
3006.000000	1.635007 
3004.000000	1.636672 
3002.000000	1.639652 
3000.000000	1.640221 
2998.000000	1.641579 
2996.000000	1.650643 
2994.000000	1.647199 
2992.000000	1.640632 
2990.000000	1.638263 
2988.000000	1.637139 
2986.000000	1.637103 
2984.000000	1.635387 
2982.000000	1.634324 
2980.000000	1.634244 
2978.000000	1.635548 
2976.000000	1.635258 
2974.000000	1.638218 
2972.000000	1.641947 
2970.000000	1.638159 
2968.000000	1.638294 
2966.000000	1.644844 
2964.000000	1.648460 
2962.000000	1.645365 
2960.000000	1.648716 
2958.000000	1.655159 
2956.000000	1.653095 
2954.000000	1.651640 
2952.000000	1.652453 
2950.000000	1.651543 
2948.000000	1.648018 
2946.000000	1.644734 
2944.000000	1.646951 
2942.000000	1.646162 
2940.000000	1.649288 
2938.000000	1.651631 
2936.000000	1.651190 
2934.000000	1.653067 
2932.000000	1.651933 
2930.000000	1.658009 
2928.000000	1.663217 
2926.000000	1.662383 
2924.000000	1.658211 
2922.000000	1.656133 
2920.000000	1.656462 
2918.000000	1.652239 
2916.000000	1.655965 
2914.000000	1.659051 
2912.000000	1.654486 
2910.000000	1.651121 
2908.000000	1.648022 
2906.000000	1.645402 
2904.000000	1.641806 
2902.000000	1.641765 
2900.000000	1.639178 
2898.000000	1.637593 
2896.000000	1.642197 
2894.000000	1.640244 
2892.000000	1.641421 
2890.000000	1.643234 
2888.000000	1.638885 
2886.000000	1.636148 
2884.000000	1.633567 
2882.000000	1.630656 
2880.000000	1.626791 
2878.000000	1.629818 
2876.000000	1.635709 
2874.000000	1.635504 
2872.000000	1.631652 
2870.000000	1.631896 
2868.000000	1.638308 
2866.000000	1.643375 
2864.000000	1.640755 
2862.000000	1.634494 
2860.000000	1.634802 
2858.000000	1.638542 
2856.000000	1.640632 
2854.000000	1.641706 
2852.000000	1.635606 
2850.000000	1.631001 
2848.000000	1.631838 
2846.000000	1.631457 
2844.000000	1.627577 
2842.000000	1.625434 
2840.000000	1.628649 
2838.000000	1.628267 
2836.000000	1.627375 
2834.000000	1.629280 
2832.000000	1.629072 
2830.000000	1.628003 
2828.000000	1.621943 
2826.000000	1.622382 
2824.000000	1.623903 
2822.000000	1.619449 
2820.000000	1.619380 
2818.000000	1.622130 
2816.000000	1.626230 
2814.000000	1.627107 
2812.000000	1.627335 
2810.000000	1.624064 
2808.000000	1.619346 
2806.000000	1.621199 
2804.000000	1.623690 
2802.000000	1.624204 
2800.000000	1.623411 
2798.000000	1.624941 
2796.000000	1.625137 
2794.000000	1.624565 
2792.000000	1.627037 
2790.000000	1.626471 
2788.000000	1.624840 
2786.000000	1.619380 
2784.000000	1.615630 
2782.000000	1.615959 
2780.000000	1.615891 
2778.000000	1.618154 
2776.000000	1.616562 
2774.000000	1.618029 
2772.000000	1.618468 
2770.000000	1.618317 
2768.000000	1.618412 
2766.000000	1.614925 
2764.000000	1.617347 
2762.000000	1.616421 
2760.000000	1.614559 
2758.000000	1.618885 
2756.000000	1.621536 
2754.000000	1.619919 
2752.000000	1.615293 
2750.000000	1.614943 
2748.000000	1.615263 
2746.000000	1.617102 
2744.000000	1.619514 
2742.000000	1.615275 
2740.000000	1.611156 
2738.000000	1.615886 
2736.000000	1.622746 
2734.000000	1.622729 
2732.000000	1.623272 
2730.000000	1.620636 
2728.000000	1.616224 
2726.000000	1.619316 
2724.000000	1.619738 
2722.000000	1.617741 
2720.000000	1.616755 
2718.000000	1.614879 
2716.000000	1.615357 
2714.000000	1.616537 
2712.000000	1.614798 
2710.000000	1.612316 
2708.000000	1.616224 
2706.000000	1.619135 
2704.000000	1.617390 
2702.000000	1.616023 
2700.000000	1.611080 
2698.000000	1.610657 
2696.000000	1.614120 
2694.000000	1.615446 
2692.000000	1.613240 
2690.000000	1.610670 
2688.000000	1.615861 
2686.000000	1.620623 
2684.000000	1.619531 
2682.000000	1.612231 
2680.000000	1.612346 
2678.000000	1.614640 
2676.000000	1.612539 
2674.000000	1.611570 
2672.000000	1.607040 
2670.000000	1.607992 
2668.000000	1.609089 
2666.000000	1.606483 
2664.000000	1.610319 
2662.000000	1.612125 
2660.000000	1.612429 
2658.000000	1.609640 
2656.000000	1.610522 
2654.000000	1.613354 
2652.000000	1.607253 
2650.000000	1.606353 
2648.000000	1.609931 
2646.000000	1.612408 
2644.000000	1.610716 
2642.000000	1.607547 
2640.000000	1.607563 
2638.000000	1.608937 
2636.000000	1.611122 
2634.000000	1.610581 
2632.000000	1.609072 
2630.000000	1.606081 
2628.000000	1.606726 
2626.000000	1.608172 
2624.000000	1.607186 
2622.000000	1.608265 
2620.000000	1.608218 
2618.000000	1.607941 
2616.000000	1.606968 
2614.000000	1.605413 
2612.000000	1.605021 
2610.000000	1.605994 
2608.000000	1.608996 
2606.000000	1.607350 
2604.000000	1.606324 
2602.000000	1.605292 
2600.000000	1.602800 
2598.000000	1.603631 
2596.000000	1.600203 
2594.000000	1.598881 
2592.000000	1.602327 
2590.000000	1.604346 
2588.000000	1.601624 
2586.000000	1.600293 
2584.000000	1.602232 
2582.000000	1.597125 
2580.000000	1.593024 
2578.000000	1.597986 
2576.000000	1.605033 
2574.000000	1.603926 
2572.000000	1.599597 
2570.000000	1.604925 
2568.000000	1.610163 
2566.000000	1.609497 
2564.000000	1.604458 
2562.000000	1.601041 
2560.000000	1.604571 
2558.000000	1.604942 
2556.000000	1.603926 
2554.000000	1.602385 
2552.000000	1.600244 
2550.000000	1.600339 
2548.000000	1.604180 
2546.000000	1.605872 
2544.000000	1.600355 
2542.000000	1.598249 
2540.000000	1.601094 
2538.000000	1.603863 
2536.000000	1.603003 
2534.000000	1.598573 
2532.000000	1.597551 
2530.000000	1.594108 
2528.000000	1.592391 
2526.000000	1.595580 
2524.000000	1.597166 
2522.000000	1.595446 
2520.000000	1.594189 
2518.000000	1.597088 
2516.000000	1.596646 
2514.000000	1.594437 
2512.000000	1.598327 
2510.000000	1.598984 
2508.000000	1.597814 
2506.000000	1.594177 
2504.000000	1.594104 
2502.000000	1.590932 
2500.000000	1.587186 
2498.000000	1.589111 
2496.000000	1.590819 
2494.000000	1.593235 
2492.000000	1.591259 
2490.000000	1.588063 
2488.000000	1.591008 
2486.000000	1.593194 
2484.000000	1.592286 
2482.000000	1.590375 
2480.000000	1.589706 
2478.000000	1.587262 
2476.000000	1.586530 
2474.000000	1.589047 
2472.000000	1.591610 
2470.000000	1.592557 
2468.000000	1.586662 
2466.000000	1.581544 
2464.000000	1.584724 
2462.000000	1.587999 
2460.000000	1.589175 
2458.000000	1.588741 
2456.000000	1.584409 
2454.000000	1.585181 
2452.000000	1.590423 
2450.000000	1.588203 
2448.000000	1.586834 
2446.000000	1.584915 
2444.000000	1.582604 
2442.000000	1.583833 
2440.000000	1.586618 
2438.000000	1.591105 
2436.000000	1.590492 
2434.000000	1.583373 
2432.000000	1.577849 
2430.000000	1.579035 
2428.000000	1.581204 
2426.000000	1.579849 
2424.000000	1.581876 
2422.000000	1.581497 
2420.000000	1.577117 
2418.000000	1.576519 
2416.000000	1.576031 
2414.000000	1.577947 
2412.000000	1.578546 
2410.000000	1.575856 
2408.000000	1.575536 
2406.000000	1.579857 
2404.000000	1.582798 
2402.000000	1.579208 
2400.000000	1.577825 
2398.000000	1.581682 
2396.000000	1.582307 
2394.000000	1.581287 
2392.000000	1.577312 
2390.000000	1.577434 
2388.000000	1.577864 
2386.000000	1.579176 
2384.000000	1.576851 
2382.000000	1.569439 
2380.000000	1.568717 
2378.000000	1.570177 
2376.000000	1.577704 
2374.000000	1.579644 
2372.000000	1.576008 
2370.000000	1.587714 
2368.000000	1.603331 
2366.000000	1.606019 
2364.000000	1.600801 
2362.000000	1.607664 
2360.000000	1.612100 
2358.000000	1.609164 
2356.000000	1.613044 
2354.000000	1.614542 
2352.000000	1.605747 
2350.000000	1.591630 
2348.000000	1.579279 
2346.000000	1.570224 
2344.000000	1.577309 
2342.000000	1.592695 
2340.000000	1.594356 
2338.000000	1.600380 
2336.000000	1.608929 
2334.000000	1.609489 
2332.000000	1.607475 
2330.000000	1.605626 
2328.000000	1.604205 
2326.000000	1.600343 
2324.000000	1.602323 
2322.000000	1.601165 
2320.000000	1.598240 
2318.000000	1.592391 
2316.000000	1.586434 
2314.000000	1.586702 
2312.000000	1.589167 
2310.000000	1.594331 
2308.000000	1.597363 
2306.000000	1.595711 
2304.000000	1.594319 
2302.000000	1.594205 
2300.000000	1.592764 
2298.000000	1.590254 
2296.000000	1.596332 
2294.000000	1.600880 
2292.000000	1.602473 
2290.000000	1.608483 
2288.000000	1.612641 
2286.000000	1.614712 
2284.000000	1.618253 
2282.000000	1.625487 
2280.000000	1.630753 
2278.000000	1.632966 
2276.000000	1.640940 
2274.000000	1.652607 
2272.000000	1.657275 
2270.000000	1.658310 
2268.000000	1.664468 
2266.000000	1.672846 
2264.000000	1.680319 
2262.000000	1.687882 
2260.000000	1.691610 
2258.000000	1.698050 
2256.000000	1.701753 
2254.000000	1.705006 
2252.000000	1.708791 
2250.000000	1.707269 
2248.000000	1.710839 
2246.000000	1.710360 
2244.000000	1.702890 
2242.000000	1.703329 
2240.000000	1.708643 
2238.000000	1.710009 
2236.000000	1.701983 
2234.000000	1.694890 
2232.000000	1.692568 
2230.000000	1.697250 
2228.000000	1.697018 
2226.000000	1.687539 
2224.000000	1.680984 
2222.000000	1.684865 
2220.000000	1.691763 
2218.000000	1.693201 
2216.000000	1.696776 
2214.000000	1.701274 
2212.000000	1.704188 
2210.000000	1.711307 
2208.000000	1.715663 
2206.000000	1.715948 
2204.000000	1.717069 
2202.000000	1.720069 
2200.000000	1.723293 
2198.000000	1.723107 
2196.000000	1.723271 
2194.000000	1.718572 
2192.000000	1.719749 
2190.000000	1.722746 
2188.000000	1.723402 
2186.000000	1.720504 
2184.000000	1.713924 
2182.000000	1.707100 
2180.000000	1.697373 
2178.000000	1.698504 
2176.000000	1.695680 
2174.000000	1.693676 
2172.000000	1.700801 
2170.000000	1.699737 
2168.000000	1.700199 
2166.000000	1.697936 
2164.000000	1.699478 
2162.000000	1.706725 
2160.000000	1.712720 
2158.000000	1.713357 
2156.000000	1.705021 
2154.000000	1.710605 
2152.000000	1.729423 
2150.000000	1.746077 
2148.000000	1.756074 
2146.000000	1.763895 
2144.000000	1.774505 
2142.000000	1.776097 
2140.000000	1.779343 
2138.000000	1.779268 
2136.000000	1.769612 
2134.000000	1.765412 
2132.000000	1.763288 
2130.000000	1.767377 
2128.000000	1.772815 
2126.000000	1.781310 
2124.000000	1.790024 
2122.000000	1.807554 
2120.000000	1.835994 
2118.000000	1.849020 
2116.000000	1.852220 
2114.000000	1.854584 
2112.000000	1.852958 
2110.000000	1.841817 
2108.000000	1.828283 
2106.000000	1.823954 
2104.000000	1.814118 
2102.000000	1.797765 
2100.000000	1.779917 
2098.000000	1.769350 
2096.000000	1.773171 
2094.000000	1.787649 
2092.000000	1.807926 
2090.000000	1.813390 
2088.000000	1.805586 
2086.000000	1.798109 
2084.000000	1.794980 
2082.000000	1.790439 
2080.000000	1.774290 
2078.000000	1.756960 
2076.000000	1.741133 
2074.000000	1.723879 
2072.000000	1.693497 
2070.000000	1.660830 
2068.000000	1.638470 
2066.000000	1.611736 
2064.000000	1.591724 
2062.000000	1.576683 
2060.000000	1.565477 
2058.000000	1.556703 
2056.000000	1.545182 
2054.000000	1.536699 
2052.000000	1.533356 
2050.000000	1.534173 
2048.000000	1.530521 
2046.000000	1.526021 
2044.000000	1.526316 
2042.000000	1.525003 
2040.000000	1.523452 
2038.000000	1.520741 
2036.000000	1.520333 
2034.000000	1.518548 
2032.000000	1.515843 
2030.000000	1.513662 
2028.000000	1.507139 
2026.000000	1.507696 
2024.000000	1.510078 
2022.000000	1.510729 
2020.000000	1.512299 
2018.000000	1.514030 
2016.000000	1.513516 
2014.000000	1.506883 
2012.000000	1.506610 
2010.000000	1.508583 
2008.000000	1.509452 
2006.000000	1.508546 
2004.000000	1.505886 
2002.000000	1.506441 
2000.000000	1.505867 
1998.000000	1.505442 
1996.000000	1.504695 
1994.000000	1.503084 
1992.000000	1.504358 
1990.000000	1.503361 
1988.000000	1.501612 
1986.000000	1.502158 
1984.000000	1.501041 
1982.000000	1.499025 
1980.000000	1.501425 
1978.000000	1.503413 
1976.000000	1.497544 
1974.000000	1.494770 
1972.000000	1.494495 
1970.000000	1.495388 
1968.000000	1.494560 
1966.000000	1.495162 
1964.000000	1.497385 
1962.000000	1.495372 
1960.000000	1.494363 
1958.000000	1.493614 
1956.000000	1.493079 
1954.000000	1.493005 
1952.000000	1.492438 
1950.000000	1.491054 
1948.000000	1.485105 
1946.000000	1.484435 
1944.000000	1.488101 
1942.000000	1.495683 
1940.000000	1.498809 
1938.000000	1.493040 
1936.000000	1.491378 
1934.000000	1.491182 
1932.000000	1.490183 
1930.000000	1.488534 
1928.000000	1.484331 
1926.000000	1.480418 
1924.000000	1.481913 
1922.000000	1.487729 
1920.000000	1.483845 
1918.000000	1.484116 
1916.000000	1.489562 
1914.000000	1.485143 
1912.000000	1.478953 
1910.000000	1.475185 
1908.000000	1.478172 
1906.000000	1.478630 
1904.000000	1.477028 
1902.000000	1.477914 
1900.000000	1.478593 
1898.000000	1.477637 
1896.000000	1.475132 
1894.000000	1.476582 
1892.000000	1.476544 
1890.000000	1.480033 
1888.000000	1.485298 
1886.000000	1.478499 
1884.000000	1.476678 
1882.000000	1.475751 
1880.000000	1.472276 
1878.000000	1.471984 
1876.000000	1.471963 
1874.000000	1.468695 
1872.000000	1.460497 
1870.000000	1.459697 
1868.000000	1.470878 
1866.000000	1.474379 
1864.000000	1.469777 
1862.000000	1.466547 
1860.000000	1.466622 
1858.000000	1.465977 
1856.000000	1.465040 
1854.000000	1.463695 
1852.000000	1.466783 
1850.000000	1.466380 
1848.000000	1.460874 
1846.000000	1.458654 
1844.000000	1.467575 
1842.000000	1.476324 
1840.000000	1.468378 
1838.000000	1.459995 
1836.000000	1.456736 
1834.000000	1.456220 
1832.000000	1.455416 
1830.000000	1.461048 
1828.000000	1.464684 
1826.000000	1.457522 
1824.000000	1.459142 
1822.000000	1.457920 
1820.000000	1.449361 
1818.000000	1.448116 
1816.000000	1.450189 
1814.000000	1.446075 
1812.000000	1.443059 
1810.000000	1.448959 
1808.000000	1.454976 
1806.000000	1.450531 
1804.000000	1.445194 
1802.000000	1.444747 
1800.000000	1.448034 
1798.000000	1.449760 
1796.000000	1.448578 
1794.000000	1.443260 
1792.000000	1.446941 
1790.000000	1.454575 
1788.000000	1.447225 
1786.000000	1.437133 
1784.000000	1.439849 
1782.000000	1.440282 
1780.000000	1.440805 
1778.000000	1.440882 
1776.000000	1.433362 
1774.000000	1.426941 
1772.000000	1.441691 
1770.000000	1.451273 
1768.000000	1.444425 
1766.000000	1.438992 
1764.000000	1.423669 
1762.000000	1.425855 
1760.000000	1.435016 
1758.000000	1.426808 
1756.000000	1.427364 
1754.000000	1.420359 
1752.000000	1.415080 
1750.000000	1.426988 
1748.000000	1.430762 
1746.000000	1.427544 
1744.000000	1.421718 
1742.000000	1.420915 
1740.000000	1.421844 
1738.000000	1.422068 
1736.000000	1.403847 
1734.000000	1.418868 
1732.000000	1.440354 
1730.000000	1.424703 
1728.000000	1.421131 
1726.000000	1.418613 
1724.000000	1.415470 
1722.000000	1.412161 
1720.000000	1.398269 
1718.000000	1.403011 
1716.000000	1.427229 
1714.000000	1.426473 
1712.000000	1.413626 
1710.000000	1.403984 
1708.000000	1.395434 
1706.000000	1.396702 
1704.000000	1.403252 
1702.000000	1.386610 
1700.000000	1.408023 
1698.000000	1.412546 
1696.000000	1.400518 
1694.000000	1.408359 
1692.000000	1.391561 
1690.000000	1.383820 
1688.000000	1.380846 
1686.000000	1.369228 
1684.000000	1.393053 
1682.000000	1.406022 
1680.000000	1.389160 
1678.000000	1.374444 
1676.000000	1.366128 
1674.000000	1.377940 
1672.000000	1.369287 
1670.000000	1.365710 
1668.000000	1.378699 
1666.000000	1.371061 
1664.000000	1.359170 
1662.000000	1.368977 
1660.000000	1.368921 
1658.000000	1.358444 
1656.000000	1.343047 
1654.000000	1.341794 
1652.000000	1.388182 
1650.000000	1.371575 
1648.000000	1.350095 
1646.000000	1.364131 
1644.000000	1.366299 
1642.000000	1.354241 
1640.000000	1.346921 
1638.000000	1.335799 
1636.000000	1.343763 
1634.000000	1.365258 
1632.000000	1.352175 
1630.000000	1.339440 
1628.000000	1.340042 
1626.000000	1.339802 
1624.000000	1.342418 
1622.000000	1.350390 
1620.000000	1.338529 
1618.000000	1.327738 
1616.000000	1.343955 
1614.000000	1.345983 
1612.000000	1.333020 
1610.000000	1.330046 
1608.000000	1.327560 
1606.000000	1.323754 
1604.000000	1.322721 
1602.000000	1.322551 
1600.000000	1.321990 
1598.000000	1.319056 
1596.000000	1.316991 
1594.000000	1.313625 
1592.000000	1.308796 
1590.000000	1.307743 
1588.000000	1.309760 
1586.000000	1.308598 
1584.000000	1.305446 
1582.000000	1.304677 
1580.000000	1.303389 
1578.000000	1.296368 
1576.000000	1.307825 
1574.000000	1.310325 
1572.000000	1.293859 
1570.000000	1.295529 
1568.000000	1.306959 
1566.000000	1.300554 
1564.000000	1.295465 
1562.000000	1.282363 
1560.000000	1.281849 
1558.000000	1.327314 
1556.000000	1.314570 
1554.000000	1.296980 
1552.000000	1.291039 
1550.000000	1.287073 
1548.000000	1.283417 
1546.000000	1.275015 
1544.000000	1.276415 
1542.000000	1.279411 
1540.000000	1.298643 
1538.000000	1.303526 
1536.000000	1.276995 
1534.000000	1.271308 
1532.000000	1.280561 
1530.000000	1.269810 
1528.000000	1.261831 
1526.000000	1.264432 
1524.000000	1.266106 
1522.000000	1.267620 
1520.000000	1.279670 
1518.000000	1.268261 
1516.000000	1.267122 
1514.000000	1.263094 
1512.000000	1.254646 
1510.000000	1.249835 
1508.000000	1.247601 
1506.000000	1.273996 
1504.000000	1.270587 
1502.000000	1.250723 
1500.000000	1.243174 
1498.000000	1.243887 
1496.000000	1.250330 
1494.000000	1.247952 
1492.000000	1.238866 
1490.000000	1.245553 
1488.000000	1.253021 
1486.000000	1.247575 
1484.000000	1.237683 
1482.000000	1.235106 
1480.000000	1.234234 
1478.000000	1.229920 
1476.000000	1.230677 
1474.000000	1.232163 
1472.000000	1.243820 
1470.000000	1.239094 
1468.000000	1.226404 
1466.000000	1.225319 
1464.000000	1.233434 
1462.000000	1.229335 
1460.000000	1.218612 
1458.000000	1.227169 
1456.000000	1.248445 
1454.000000	1.237105 
1452.000000	1.221354 
1450.000000	1.216901 
1448.000000	1.216668 
1446.000000	1.217198 
1444.000000	1.213083 
1442.000000	1.207600 
1440.000000	1.201691 
1438.000000	1.198735 
1436.000000	1.206920 
1434.000000	1.203073 
1432.000000	1.192997 
1430.000000	1.192154 
1428.000000	1.190311 
1426.000000	1.182856 
1424.000000	1.182935 
1422.000000	1.181263 
1420.000000	1.180100 
1418.000000	1.185998 
1416.000000	1.178915 
1414.000000	1.171149 
1412.000000	1.168395 
1410.000000	1.166000 
1408.000000	1.161776 
1406.000000	1.160699 
1404.000000	1.161730 
1402.000000	1.156933 
1400.000000	1.152342 
1398.000000	1.154563 
1396.000000	1.153998 
1394.000000	1.154472 
1392.000000	1.150766 
1390.000000	1.142065 
1388.000000	1.139245 
1386.000000	1.138802 
1384.000000	1.136174 
1382.000000	1.135117 
1380.000000	1.132080 
1378.000000	1.128716 
1376.000000	1.125965 
1374.000000	1.127296 
1372.000000	1.124829 
1370.000000	1.119445 
1368.000000	1.117671 
1366.000000	1.113954 
1364.000000	1.110487 
1362.000000	1.110563 
1360.000000	1.107782 
1358.000000	1.102233 
1356.000000	1.097565 
1354.000000	1.096955 
1352.000000	1.094608 
1350.000000	1.091589 
1348.000000	1.088919 
1346.000000	1.085957 
1344.000000	1.082380 
1342.000000	1.079520 
1340.000000	1.080574 
1338.000000	1.078209 
1336.000000	1.073544 
1334.000000	1.071576 
1332.000000	1.069556 
1330.000000	1.068596 
1328.000000	1.066819 
1326.000000	1.063570 
1324.000000	1.061774 
1322.000000	1.059917 
1320.000000	1.056022 
1318.000000	1.052468 
1316.000000	1.050910 
1314.000000	1.048961 
1312.000000	1.047135 
1310.000000	1.044583 
1308.000000	1.043120 
1306.000000	1.040905 
1304.000000	1.039217 
1302.000000	1.037440 
1300.000000	1.034141 
1298.000000	1.032045 
1296.000000	1.029939 
1294.000000	1.027775 
1292.000000	1.026131 
1290.000000	1.023739 
1288.000000	1.021196 
1286.000000	1.018498 
1284.000000	1.016219 
1282.000000	1.013638 
1280.000000	1.010401 
1278.000000	1.006655 
1276.000000	1.002406 
1274.000000	1.000281 
1272.000000	0.997525 
1270.000000	0.994503 
1268.000000	0.992382 
1266.000000	0.990211 
1264.000000	0.988216 
1262.000000	0.987579 
1260.000000	0.988152 
1258.000000	0.985170 
1256.000000	0.980875 
1254.000000	0.978675 
1252.000000	0.975805 
1250.000000	0.973761 
1248.000000	0.972469 
1246.000000	0.971565 
1244.000000	0.969987 
1242.000000	0.969010 
1240.000000	0.968015 
1238.000000	0.966913 
1236.000000	0.966551 
1234.000000	0.965663 
1232.000000	0.965152 
1230.000000	0.964952 
1228.000000	0.966061 
1226.000000	0.967719 
1224.000000	0.967992 
1222.000000	0.969498 
1220.000000	0.972093 
1218.000000	0.975931 
1216.000000	0.979864 
1214.000000	0.983975 
1212.000000	0.988350 
1210.000000	0.993105 
1208.000000	1.000628 
1206.000000	1.007539 
1204.000000	1.013825 
1202.000000	1.021445 
1200.000000	1.030161 
1198.000000	1.040440 
1196.000000	1.050076 
1194.000000	1.060730 
1192.000000	1.071105 
1190.000000	1.080881 
1188.000000	1.092147 
1186.000000	1.103133 
1184.000000	1.113866 
1182.000000	1.125614 
1180.000000	1.138504 
1178.000000	1.148179 
1176.000000	1.158334 
1174.000000	1.169309 
1172.000000	1.177441 
1170.000000	1.187578 
1168.000000	1.198231 
1166.000000	1.209583 
1164.000000	1.219972 
1162.000000	1.227097 
1160.000000	1.235922 
1158.000000	1.245045 
1156.000000	1.254263 
1154.000000	1.261908 
1152.000000	1.269444 
1150.000000	1.277679 
1148.000000	1.285196 
1146.000000	1.295050 
1144.000000	1.301714 
1142.000000	1.307146 
1140.000000	1.312892 
1138.000000	1.317840 
1136.000000	1.320322 
1134.000000	1.323141 
1132.000000	1.333083 
1130.000000	1.338997 
1128.000000	1.341114 
1126.000000	1.346291 
1124.000000	1.351991 
1122.000000	1.355605 
1120.000000	1.356915 
1118.000000	1.360255 
1116.000000	1.365808 
1114.000000	1.372514 
1112.000000	1.377278 
1110.000000	1.382479 
1108.000000	1.385841 
1106.000000	1.388757 
1104.000000	1.397692 
1102.000000	1.395998 
1100.000000	1.396070 
1098.000000	1.404223 
1096.000000	1.410791 
1094.000000	1.415066 
1092.000000	1.412985 
1090.000000	1.414612 
1088.000000	1.421571 
1086.000000	1.428335 
1084.000000	1.434256 
1082.000000	1.438753 
1080.000000	1.443197 
1078.000000	1.443757 
1076.000000	1.446654 
1074.000000	1.448409 
1072.000000	1.453715 
1070.000000	1.462934 
1068.000000	1.466671 
1066.000000	1.469435 
1064.000000	1.470266 
1062.000000	1.472537 
1060.000000	1.471764 
1058.000000	1.468570 
1056.000000	1.465279 
1054.000000	1.460533 
1052.000000	1.458538 
1050.000000	1.453626 
1048.000000	1.446272 
1046.000000	1.434712 
1044.000000	1.425538 
1042.000000	1.419216 
1040.000000	1.407300 
1038.000000	1.397904 
1036.000000	1.385024 
1034.000000	1.371139 
1032.000000	1.359603 
1030.000000	1.344708 
1028.000000	1.328011 
1026.000000	1.306269 
1024.000000	1.283708 
1022.000000	1.262961 
1020.000000	1.243142 
1018.000000	1.221765 
1016.000000	1.197575 
1014.000000	1.173503 
1012.000000	1.145922 
1010.000000	1.118554 
1008.000000	1.093891 
1006.000000	1.069040 
1004.000000	1.043199 
1002.000000	1.016258 
1000.000000	0.992629 
998.000000	 0.972180 
996.000000	 0.954370 
994.000000	 0.940346 
992.000000	 0.930870 
990.000000	 0.924911 
988.000000	 0.923501 
986.000000	 0.931989 
984.000000	 0.943488 
982.000000	 0.952587 
980.000000	 0.958675 
978.000000	 0.956945 
976.000000	 0.949014 
974.000000	 0.934599 
972.000000	 0.914692 
970.000000	 0.891707 
968.000000	 0.870379 
966.000000	 0.853821 
964.000000	 0.840425 
962.000000	 0.829460 
960.000000	 0.819299 
958.000000	 0.811467 
956.000000	 0.805644 
954.000000	 0.802736 
952.000000	 0.803702 
950.000000	 0.806135 
948.000000	 0.812234 
946.000000	 0.820742 
944.000000	 0.830165 
942.000000	 0.839603 
940.000000	 0.845133 
938.000000	 0.846096 
936.000000	 0.844558 
934.000000	 0.841619 
932.000000	 0.835277 
930.000000	 0.828387 
928.000000	 0.821634 
926.000000	 0.814681 
924.000000	 0.809823 
922.000000	 0.805619 
920.000000	 0.805287 
918.000000	 0.807358 
916.000000	 0.807916 
914.000000	 0.805476 
912.000000	 0.799953 
910.000000	 0.797531 
908.000000	 0.797447 
906.000000	 0.794607 
904.000000	 0.786729 
902.000000	 0.778384 
900.000000	 0.772693 
898.000000	 0.768640 
896.000000	 0.766811 
894.000000	 0.767954 
892.000000	 0.775700 
890.000000	 0.788582 
888.000000	 0.803724 
886.000000	 0.820728 
884.000000	 0.837596 
882.000000	 0.851980 
880.000000	 0.864113 
878.000000	 0.874244 
876.000000	 0.882171 
874.000000	 0.888828 
872.000000	 0.894213 
870.000000	 0.896188 
868.000000	 0.898847 
866.000000	 0.900044 
864.000000	 0.897378 
862.000000	 0.892858 
860.000000	 0.890143 
858.000000	 0.889425 
856.000000	 0.885603 
854.000000	 0.881178 
852.000000	 0.876799 
850.000000	 0.873571 
848.000000	 0.872109 
846.000000	 0.870082 
844.000000	 0.867852 
842.000000	 0.863633 
840.000000	 0.859734 
838.000000	 0.855560 
836.000000	 0.848178 
834.000000	 0.837892 
832.000000	 0.823369 
830.000000	 0.807048 
828.000000	 0.787636 
826.000000	 0.764770 
824.000000	 0.741733 
822.000000	 0.722937 
820.000000	 0.706259 
818.000000	 0.687982 
816.000000	 0.673202 
814.000000	 0.659906 
812.000000	 0.648328 
810.000000	 0.639704 
808.000000	 0.631266 
806.000000	 0.623308 
804.000000	 0.614679 
802.000000	 0.606187 
800.000000	 0.597278 
798.000000	 0.588121 
796.000000	 0.580404 
794.000000	 0.572386 
792.000000	 0.562969 
790.000000	 0.552763 
788.000000	 0.544148 
786.000000	 0.535742 
784.000000	 0.526503 
782.000000	 0.517603 
780.000000	 0.509822 
778.000000	 0.503149 
776.000000	 0.496522 
774.000000	 0.490211 
772.000000	 0.484149 
770.000000	 0.477960 
768.000000	 0.472600 
766.000000	 0.467551 
764.000000	 0.463988 
762.000000	 0.460105 
760.000000	 0.456020 
758.000000	 0.453684 
756.000000	 0.452551 
754.000000	 0.451405 
752.000000	 0.449880 
750.000000	 0.449088 
748.000000	 0.448675 
746.000000	 0.448675 
744.000000	 0.449541 
742.000000	 0.450263 
740.000000	 0.451753 
738.000000	 0.452874 
736.000000	 0.453800 
734.000000	 0.455231 
732.000000	 0.456518 
730.000000	 0.456870 
728.000000	 0.457695 
726.000000	 0.460314 
724.000000	 0.462777 
722.000000	 0.466101 
720.000000	 0.469491 
718.000000	 0.472524 
716.000000	 0.476064 
714.000000	 0.479330 
712.000000	 0.483127 
710.000000	 0.485706 
708.000000	 0.486798 
706.000000	 0.487843 
704.000000	 0.486379 
702.000000	 0.482699 
700.000000	 0.478456 
698.000000	 0.475684 
696.000000	 0.472553 
694.000000	 0.470158 
692.000000	 0.470180 
690.000000	 0.471369 
688.000000	 0.474157 
686.000000	 0.477814 
684.000000	 0.481810 
682.000000	 0.486184 
680.000000	 0.491788 
678.000000	 0.498916 
676.000000	 0.506921 
674.000000	 0.515286 
672.000000	 0.519904 
670.000000	 0.525971 
668.000000	 0.534389 
666.000000	 0.525385 
664.000000	 0.513633 
662.000000	 0.503881 
660.000000	 0.495936 
658.000000	 0.488941 
656.000000	 0.483281 
654.000000	 0.479329 
652.000000	 0.476650 
650.000000	 0.476657 
648.000000	 0.479355 
646.000000	 0.484566 
644.000000	 0.491075 
642.000000	 0.498238 
640.000000	 0.506451 
638.000000	 0.514536 
636.000000	 0.523674 
634.000000	 0.532984 
632.000000	 0.541248 
630.000000	 0.544061 
628.000000	 0.540648 
626.000000	 0.532228 
624.000000	 0.514210 
622.000000	 0.488987 
620.000000	 0.458592 
618.000000	 0.424350 
616.000000	 0.389054 
614.000000	 0.356981 
612.000000	 0.330427 
610.000000	 0.309508 
608.000000	 0.292080 
606.000000	 0.274351 
604.000000	 0.259138 
602.000000	 0.247508 
600.000000	 0.237151 
598.000000	 0.226667 
596.000000	 0.216518 
594.000000	 0.207738 
592.000000	 0.199944 
590.000000	 0.193167 
588.000000	 0.186618 
586.000000	 0.180001 
584.000000	 0.175414 
582.000000	 0.170158 
580.000000	 0.164851 
578.000000	 0.160014 
576.000000	 0.154577 
574.000000	 0.148836 
572.000000	 0.143106 
570.000000	 0.137439 
568.000000	 0.132511 
566.000000	 0.129159 
564.000000	 0.125805 
562.000000	 0.122196 
560.000000	 0.118458 
558.000000	 0.114507 
556.000000	 0.111663 
554.000000	 0.108698 
552.000000	 0.106253 
550.000000	 0.104562 
548.000000	 0.102998 
546.000000	 0.101967 
544.000000	 0.099674 
542.000000	 0.097528 
540.000000	 0.096376 
538.000000	 0.095395 
536.000000	 0.093815 
534.000000	 0.092554 
532.000000	 0.091890 
530.000000	 0.090371 
528.000000	 0.088909 
526.000000	 0.088474 
524.000000	 0.087536 
522.000000	 0.087828 
520.000000	 0.089188 
518.000000	 0.089820 
516.000000	 0.090076 
514.000000	 0.091848 
512.000000	 0.094150 
510.000000	 0.094805 
508.000000	 0.094328 
506.000000	 0.093388 
504.000000	 0.093097 
502.000000	 0.092077 
500.000000	 0.091132 
498.000000	 0.091526 
496.000000	 0.092077 
494.000000	 0.092537 
492.000000	 0.092909 
490.000000	 0.094568 
488.000000	 0.095979 
486.000000	 0.098581 
484.000000	 0.102671 
482.000000	 0.104742 
480.000000	 0.106578 
478.000000	 0.109188 
476.000000	 0.112516 
474.000000	 0.115159 
472.000000	 0.117061 
470.000000	 0.118384 
468.000000	 0.119672 
466.000000	 0.121874 
464.000000	 0.123138 
462.000000	 0.124757 
460.000000	 0.126639 
458.000000	 0.128465 
456.000000	 0.128032 
454.000000	 0.126293 
452.000000	 0.125928 
450.000000	 0.124937 

