4400.000000	1.673412 
4398.000000	1.677447 
4396.000000	1.687075 
4394.000000	1.686034 
4392.000000	1.683269 
4390.000000	1.686275 
4388.000000	1.679754 
4386.000000	1.673270 
4384.000000	1.669772 
4382.000000	1.672695 
4380.000000	1.681719 
4378.000000	1.683244 
4376.000000	1.682431 
4374.000000	1.673930 
4372.000000	1.661238 
4370.000000	1.665334 
4368.000000	1.674340 
4366.000000	1.675246 
4364.000000	1.674614 
4362.000000	1.670566 
4360.000000	1.670838 
4358.000000	1.678567 
4356.000000	1.680418 
4354.000000	1.680299 
4352.000000	1.676920 
4350.000000	1.674267 
4348.000000	1.674957 
4346.000000	1.675158 
4344.000000	1.682581 
4342.000000	1.689118 
4340.000000	1.675187 
4338.000000	1.666091 
4336.000000	1.677738 
4334.000000	1.682436 
4332.000000	1.672846 
4330.000000	1.661062 
4328.000000	1.658188 
4326.000000	1.670193 
4324.000000	1.672807 
4322.000000	1.663126 
4320.000000	1.662550 
4318.000000	1.668149 
4316.000000	1.680750 
4314.000000	1.687302 
4312.000000	1.678710 
4310.000000	1.674399 
4308.000000	1.680716 
4306.000000	1.675682 
4304.000000	1.669961 
4302.000000	1.670314 
4300.000000	1.666038 
4298.000000	1.664176 
4296.000000	1.667903 
4294.000000	1.675550 
4292.000000	1.675457 
4290.000000	1.670799 
4288.000000	1.677511 
4286.000000	1.688406 
4284.000000	1.686949 
4282.000000	1.668873 
4280.000000	1.655215 
4278.000000	1.660726 
4276.000000	1.664874 
4274.000000	1.666475 
4272.000000	1.669158 
4270.000000	1.669390 
4268.000000	1.670755 
4266.000000	1.669196 
4264.000000	1.666475 
4262.000000	1.670590 
4260.000000	1.677723 
4258.000000	1.673573 
4256.000000	1.668284 
4254.000000	1.665933 
4252.000000	1.665943 
4250.000000	1.669883 
4248.000000	1.668366 
4246.000000	1.662802 
4244.000000	1.661946 
4242.000000	1.667168 
4240.000000	1.670421 
4238.000000	1.667423 
4236.000000	1.665602 
4234.000000	1.670503 
4232.000000	1.677201 
4230.000000	1.673632 
4228.000000	1.667769 
4226.000000	1.661456 
4224.000000	1.662583 
4222.000000	1.667505 
4220.000000	1.665094 
4218.000000	1.666821 
4216.000000	1.667966 
4214.000000	1.663942 
4212.000000	1.665276 
4210.000000	1.669694 
4208.000000	1.676075 
4206.000000	1.681018 
4204.000000	1.672291 
4202.000000	1.669990 
4200.000000	1.678868 
4198.000000	1.678705 
4196.000000	1.675319 
4194.000000	1.667884 
4192.000000	1.662855 
4190.000000	1.664334 
4188.000000	1.665511 
4186.000000	1.665521 
4184.000000	1.671430 
4182.000000	1.680398 
4180.000000	1.681684 
4178.000000	1.670159 
4176.000000	1.659656 
4174.000000	1.657091 
4172.000000	1.667951 
4170.000000	1.673349 
4168.000000	1.667500 
4166.000000	1.665252 
4164.000000	1.670557 
4162.000000	1.676916 
4160.000000	1.679779 
4158.000000	1.676773 
4156.000000	1.670736 
4154.000000	1.666903 
4152.000000	1.665765 
4150.000000	1.665760 
4148.000000	1.662207 
4146.000000	1.664123 
4144.000000	1.673344 
4142.000000	1.674062 
4140.000000	1.663694 
4138.000000	1.655557 
4136.000000	1.660816 
4134.000000	1.667644 
4132.000000	1.669617 
4130.000000	1.671931 
4128.000000	1.669946 
4126.000000	1.661808 
4124.000000	1.663655 
4122.000000	1.668163 
4120.000000	1.662802 
4118.000000	1.647387 
4116.000000	1.640655 
4114.000000	1.655861 
4112.000000	1.667509 
4110.000000	1.661841 
4108.000000	1.659755 
4106.000000	1.661247 
4104.000000	1.664731 
4102.000000	1.667432 
4100.000000	1.667832 
4098.000000	1.666932 
4096.000000	1.664401 
4094.000000	1.663999 
4092.000000	1.664142 
4090.000000	1.659509 
4088.000000	1.660399 
4086.000000	1.666754 
4084.000000	1.670319 
4082.000000	1.672048 
4080.000000	1.668182 
4078.000000	1.661684 
4076.000000	1.663241 
4074.000000	1.670019 
4072.000000	1.672461 
4070.000000	1.669627 
4068.000000	1.669414 
4066.000000	1.667837 
4064.000000	1.661765 
4062.000000	1.662074 
4060.000000	1.664061 
4058.000000	1.665425 
4056.000000	1.670072 
4054.000000	1.674335 
4052.000000	1.674335 
4050.000000	1.670513 
4048.000000	1.665976 
4046.000000	1.661029 
4044.000000	1.656241 
4042.000000	1.664276 
4040.000000	1.667148 
4038.000000	1.661689 
4036.000000	1.660773 
4034.000000	1.662283 
4032.000000	1.663121 
4030.000000	1.654205 
4028.000000	1.653879 
4026.000000	1.661751 
4024.000000	1.662060 
4022.000000	1.658183 
4020.000000	1.659216 
4018.000000	1.664219 
4016.000000	1.668530 
4014.000000	1.665885 
4012.000000	1.664181 
4010.000000	1.662474 
4008.000000	1.656941 
4006.000000	1.657477 
4004.000000	1.659547 
4002.000000	1.657199 
4000.000000	1.658046 
3998.000000	1.659273 
3996.000000	1.659859 
3994.000000	1.660522 
3992.000000	1.667932 
3990.000000	1.675143 
3988.000000	1.670086 
3986.000000	1.675241 
3984.000000	1.678522 
3982.000000	1.669341 
3980.000000	1.659949 
3978.000000	1.655313 
3976.000000	1.657472 
3974.000000	1.656058 
3972.000000	1.659207 
3970.000000	1.667663 
3968.000000	1.663446 
3966.000000	1.659131 
3964.000000	1.660370 
3962.000000	1.655861 
3960.000000	1.656711 
3958.000000	1.665204 
3956.000000	1.662179 
3954.000000	1.657858 
3952.000000	1.657416 
3950.000000	1.653963 
3948.000000	1.658296 
3946.000000	1.665037 
3944.000000	1.670004 
3942.000000	1.668226 
3940.000000	1.662755 
3938.000000	1.659826 
3936.000000	1.656363 
3934.000000	1.658438 
3932.000000	1.660659 
3930.000000	1.662797 
3928.000000	1.665991 
3926.000000	1.662412 
3924.000000	1.658909 
3922.000000	1.656936 
3920.000000	1.651148 
3918.000000	1.651933 
3916.000000	1.667837 
3914.000000	1.666437 
3912.000000	1.652035 
3910.000000	1.653776 
3908.000000	1.657265 
3906.000000	1.651942 
3904.000000	1.658593 
3902.000000	1.665919 
3900.000000	1.673529 
3898.000000	1.675864 
3896.000000	1.662359 
3894.000000	1.652565 
3892.000000	1.653939 
3890.000000	1.662359 
3888.000000	1.657011 
3886.000000	1.651761 
3884.000000	1.665267 
3882.000000	1.672442 
3880.000000	1.673910 
3878.000000	1.668019 
3876.000000	1.656969 
3874.000000	1.657646 
3872.000000	1.658254 
3870.000000	1.651933 
3868.000000	1.651571 
3866.000000	1.651557 
3864.000000	1.654402 
3862.000000	1.657303 
3860.000000	1.665890 
3858.000000	1.658990 
3856.000000	1.635817 
3854.000000	1.643070 
3852.000000	1.681073 
3850.000000	1.680289 
3848.000000	1.669835 
3846.000000	1.666283 
3844.000000	1.664558 
3842.000000	1.656903 
3840.000000	1.651301 
3838.000000	1.665449 
3836.000000	1.676940 
3834.000000	1.665238 
3832.000000	1.659552 
3830.000000	1.667726 
3828.000000	1.667307 
3826.000000	1.664114 
3824.000000	1.656340 
3822.000000	1.651158 
3820.000000	1.664314 
3818.000000	1.661058 
3816.000000	1.659779 
3814.000000	1.678261 
3812.000000	1.678330 
3810.000000	1.667591 
3808.000000	1.658603 
3806.000000	1.659760 
3804.000000	1.658324 
3802.000000	1.654944 
3800.000000	1.668704 
3798.000000	1.671751 
3796.000000	1.669719 
3794.000000	1.672159 
3792.000000	1.672067 
3790.000000	1.669520 
3788.000000	1.660901 
3786.000000	1.658169 
3784.000000	1.662065 
3782.000000	1.663140 
3780.000000	1.664444 
3778.000000	1.668038 
3776.000000	1.668535 
3774.000000	1.668091 
3772.000000	1.662659 
3770.000000	1.656166 
3768.000000	1.664085 
3766.000000	1.672793 
3764.000000	1.676591 
3762.000000	1.666101 
3760.000000	1.656527 
3758.000000	1.660716 
3756.000000	1.663780 
3754.000000	1.656635 
3752.000000	1.653991 
3750.000000	1.666749 
3748.000000	1.671605 
3746.000000	1.654948 
3744.000000	1.670920 
3742.000000	1.688754 
3740.000000	1.673807 
3738.000000	1.662931 
3736.000000	1.674732 
3734.000000	1.679863 
3732.000000	1.679714 
3730.000000	1.681491 
3728.000000	1.674766 
3726.000000	1.671144 
3724.000000	1.668916 
3722.000000	1.667432 
3720.000000	1.670949 
3718.000000	1.672914 
3716.000000	1.669985 
3714.000000	1.659618 
3712.000000	1.659197 
3710.000000	1.670096 
3708.000000	1.678320 
3706.000000	1.686330 
3704.000000	1.684945 
3702.000000	1.684454 
3700.000000	1.687993 
3698.000000	1.682421 
3696.000000	1.678705 
3694.000000	1.678730 
3692.000000	1.679734 
3690.000000	1.683055 
3688.000000	1.691223 
3686.000000	1.700411 
3684.000000	1.693599 
3682.000000	1.687317 
3680.000000	1.685080 
3678.000000	1.679472 
3676.000000	1.687559 
3674.000000	1.707195 
3672.000000	1.707881 
3670.000000	1.705531 
3668.000000	1.706531 
3666.000000	1.702687 
3664.000000	1.699400 
3662.000000	1.691834 
3660.000000	1.680626 
3658.000000	1.678858 
3656.000000	1.697002 
3654.000000	1.703157 
3652.000000	1.690122 
3650.000000	1.691732 
3648.000000	1.711099 
3646.000000	1.720923 
3644.000000	1.707121 
3642.000000	1.693206 
3640.000000	1.691529 
3638.000000	1.689250 
3636.000000	1.687700 
3634.000000	1.689483 
3632.000000	1.688512 
3630.000000	1.686270 
3628.000000	1.703921 
3626.000000	1.709781 
3624.000000	1.698975 
3622.000000	1.690680 
3620.000000	1.691147 
3618.000000	1.700043 
3616.000000	1.703732 
3614.000000	1.699053 
3612.000000	1.697095 
3610.000000	1.695100 
3608.000000	1.695870 
3606.000000	1.693134 
3604.000000	1.686813 
3602.000000	1.686703 
3600.000000	1.682760 
3598.000000	1.681038 
3596.000000	1.684339 
3594.000000	1.687534 
3592.000000	1.687786 
3590.000000	1.686979 
3588.000000	1.693860 
3586.000000	1.695110 
3584.000000	1.688931 
3582.000000	1.676802 
3580.000000	1.675565 
3578.000000	1.684079 
3576.000000	1.690548 
3574.000000	1.692033 
3572.000000	1.686436 
3570.000000	1.681943 
3568.000000	1.688108 
3566.000000	1.699032 
3564.000000	1.699389 
3562.000000	1.687796 
3560.000000	1.680706 
3558.000000	1.686894 
3556.000000	1.689205 
3554.000000	1.685667 
3552.000000	1.688497 
3550.000000	1.694152 
3548.000000	1.690771 
3546.000000	1.685306 
3544.000000	1.687675 
3542.000000	1.695300 
3540.000000	1.694065 
3538.000000	1.686768 
3536.000000	1.688370 
3534.000000	1.687715 
3532.000000	1.683904 
3530.000000	1.680388 
3528.000000	1.683030 
3526.000000	1.688593 
3524.000000	1.691102 
3522.000000	1.686924 
3520.000000	1.686838 
3518.000000	1.690472 
3516.000000	1.689980 
3514.000000	1.684935 
3512.000000	1.682197 
3510.000000	1.682058 
3508.000000	1.683279 
3506.000000	1.685010 
3504.000000	1.684159 
3502.000000	1.684759 
3500.000000	1.685662 
3498.000000	1.689468 
3496.000000	1.693058 
3494.000000	1.690528 
3492.000000	1.687932 
3490.000000	1.693390 
3488.000000	1.693349 
3486.000000	1.685181 
3484.000000	1.678083 
3482.000000	1.682132 
3480.000000	1.688598 
3478.000000	1.685261 
3476.000000	1.683055 
3474.000000	1.684469 
3472.000000	1.684264 
3470.000000	1.683374 
3468.000000	1.684099 
3466.000000	1.678779 
3464.000000	1.678202 
3462.000000	1.687660 
3460.000000	1.688284 
3458.000000	1.679759 
3456.000000	1.677235 
3454.000000	1.685226 
3452.000000	1.685943 
3450.000000	1.679422 
3448.000000	1.680205 
3446.000000	1.682083 
3444.000000	1.681436 
3442.000000	1.685426 
3440.000000	1.687771 
3438.000000	1.683479 
3436.000000	1.680537 
3434.000000	1.675280 
3432.000000	1.675771 
3430.000000	1.680091 
3428.000000	1.673441 
3426.000000	1.672130 
3424.000000	1.673886 
3422.000000	1.676095 
3420.000000	1.685958 
3418.000000	1.684279 
3416.000000	1.673256 
3414.000000	1.673383 
3412.000000	1.677669 
3410.000000	1.681590 
3408.000000	1.683289 
3406.000000	1.680760 
3404.000000	1.680487 
3402.000000	1.681774 
3400.000000	1.684154 
3398.000000	1.687171 
3396.000000	1.685918 
3394.000000	1.680264 
3392.000000	1.676714 
3390.000000	1.678690 
3388.000000	1.680944 
3386.000000	1.686225 
3384.000000	1.687756 
3382.000000	1.679096 
3380.000000	1.676792 
3378.000000	1.679244 
3376.000000	1.679779 
3374.000000	1.682167 
3372.000000	1.676916 
3370.000000	1.673563 
3368.000000	1.675364 
3366.000000	1.679754 
3364.000000	1.680721 
3362.000000	1.678853 
3360.000000	1.683614 
3358.000000	1.680487 
3356.000000	1.674345 
3354.000000	1.676026 
3352.000000	1.674203 
3350.000000	1.673529 
3348.000000	1.678715 
3346.000000	1.678582 
3344.000000	1.666499 
3342.000000	1.661039 
3340.000000	1.670750 
3338.000000	1.677758 
3336.000000	1.675133 
3334.000000	1.667100 
3332.000000	1.662431 
3330.000000	1.663565 
3328.000000	1.665717 
3326.000000	1.669723 
3324.000000	1.674834 
3322.000000	1.677103 
3320.000000	1.678068 
3318.000000	1.673617 
3316.000000	1.672578 
3314.000000	1.673061 
3312.000000	1.671333 
3310.000000	1.668718 
3308.000000	1.663360 
3306.000000	1.664845 
3304.000000	1.669602 
3302.000000	1.666024 
3300.000000	1.663159 
3298.000000	1.666879 
3296.000000	1.666235 
3294.000000	1.661988 
3292.000000	1.662726 
3290.000000	1.665113 
3288.000000	1.665386 
3286.000000	1.666817 
3284.000000	1.666485 
3282.000000	1.667553 
3280.000000	1.670620 
3278.000000	1.668704 
3276.000000	1.663574 
3274.000000	1.664740 
3272.000000	1.663870 
3270.000000	1.660858 
3268.000000	1.663050 
3266.000000	1.666485 
3264.000000	1.664300 
3262.000000	1.664080 
3260.000000	1.664764 
3258.000000	1.659821 
3256.000000	1.653519 
3254.000000	1.655618 
3252.000000	1.662497 
3250.000000	1.664979 
3248.000000	1.664520 
3246.000000	1.662888 
3244.000000	1.659680 
3242.000000	1.656049 
3240.000000	1.658725 
3238.000000	1.667076 
3236.000000	1.668993 
3234.000000	1.664023 
3232.000000	1.656772 
3230.000000	1.654028 
3228.000000	1.655847 
3226.000000	1.657529 
3224.000000	1.654630 
3222.000000	1.654252 
3220.000000	1.658513 
3218.000000	1.658655 
3216.000000	1.659122 
3214.000000	1.657896 
3212.000000	1.658990 
3210.000000	1.661732 
3208.000000	1.659429 
3206.000000	1.649917 
3204.000000	1.651403 
3202.000000	1.656086 
3200.000000	1.650458 
3198.000000	1.643853 
3196.000000	1.642469 
3194.000000	1.646212 
3192.000000	1.650778 
3190.000000	1.648956 
3188.000000	1.645095 
3186.000000	1.645196 
3184.000000	1.647360 
3182.000000	1.650120 
3180.000000	1.651984 
3178.000000	1.653911 
3176.000000	1.653105 
3174.000000	1.649815 
3172.000000	1.650643 
3170.000000	1.654117 
3168.000000	1.650787 
3166.000000	1.642860 
3164.000000	1.639151 
3162.000000	1.642415 
3160.000000	1.648119 
3158.000000	1.654532 
3156.000000	1.653095 
3154.000000	1.650842 
3152.000000	1.647401 
3150.000000	1.644159 
3148.000000	1.647296 
3146.000000	1.646075 
3144.000000	1.641548 
3142.000000	1.639886 
3140.000000	1.642956 
3138.000000	1.653007 
3136.000000	1.653804 
3134.000000	1.645324 
3132.000000	1.641416 
3130.000000	1.644346 
3128.000000	1.649164 
3126.000000	1.652793 
3124.000000	1.653100 
3122.000000	1.653776 
3120.000000	1.650842 
3118.000000	1.644972 
3116.000000	1.646676 
3114.000000	1.649335 
3112.000000	1.645127 
3110.000000	1.645177 
3108.000000	1.651046 
3106.000000	1.651840 
3104.000000	1.646653 
3102.000000	1.641765 
3100.000000	1.643498 
3098.000000	1.645173 
3096.000000	1.641525 
3094.000000	1.639020 
3092.000000	1.638790 
3090.000000	1.637728 
3088.000000	1.640999 
3086.000000	1.644337 
3084.000000	1.645429 
3082.000000	1.647622 
3080.000000	1.645869 
3078.000000	1.643548 
3076.000000	1.643302 
3074.000000	1.643147 
3072.000000	1.642742 
3070.000000	1.643689 
3068.000000	1.645782 
3066.000000	1.645031 
3064.000000	1.647613 
3062.000000	1.645846 
3060.000000	1.638578 
3058.000000	1.640130 
3056.000000	1.644063 
3054.000000	1.639268 
3052.000000	1.635208 
3050.000000	1.637741 
3048.000000	1.638182 
3046.000000	1.639060 
3044.000000	1.644373 
3042.000000	1.648271 
3040.000000	1.643347 
3038.000000	1.637714 
3036.000000	1.638619 
3034.000000	1.643489 
3032.000000	1.643794 
3030.000000	1.642756 
3028.000000	1.644990 
3026.000000	1.641961 
3024.000000	1.636641 
3022.000000	1.637108 
3020.000000	1.635861 
3018.000000	1.635982 
3016.000000	1.641965 
3014.000000	1.644223 
3012.000000	1.646162 
3010.000000	1.646997 
3008.000000	1.640977 
3006.000000	1.637436 
3004.000000	1.637813 
3002.000000	1.641171 
3000.000000	1.642756 
2998.000000	1.638623 
2996.000000	1.639900 
2994.000000	1.641484 
2992.000000	1.637791 
2990.000000	1.635741 
2988.000000	1.639187 
2986.000000	1.640922 
2984.000000	1.640063 
2982.000000	1.637283 
2980.000000	1.638605 
2978.000000	1.646382 
2976.000000	1.650805 
2974.000000	1.647466 
2972.000000	1.646978 
2970.000000	1.646529 
2968.000000	1.644720 
2966.000000	1.648643 
2964.000000	1.651283 
2962.000000	1.648018 
2960.000000	1.645699 
2958.000000	1.647420 
2956.000000	1.645145 
2954.000000	1.641852 
2952.000000	1.640922 
2950.000000	1.642747 
2948.000000	1.646510 
2946.000000	1.643111 
2944.000000	1.641797 
2942.000000	1.644821 
2940.000000	1.647144 
2938.000000	1.645690 
2936.000000	1.643621 
2934.000000	1.644606 
2932.000000	1.649510 
2930.000000	1.654149 
2928.000000	1.652114 
2926.000000	1.650856 
2924.000000	1.658447 
2922.000000	1.663894 
2920.000000	1.659651 
2918.000000	1.655159 
2916.000000	1.652044 
2914.000000	1.646203 
2912.000000	1.643001 
2910.000000	1.643748 
2908.000000	1.642642 
2906.000000	1.640569 
2904.000000	1.641902 
2902.000000	1.640216 
2900.000000	1.637957 
2898.000000	1.640800 
2896.000000	1.642792 
2894.000000	1.640334 
2892.000000	1.636583 
2890.000000	1.635316 
2888.000000	1.637818 
2886.000000	1.637741 
2884.000000	1.637678 
2882.000000	1.639245 
2880.000000	1.638740 
2878.000000	1.637584 
2876.000000	1.637395 
2874.000000	1.636601 
2872.000000	1.636565 
2870.000000	1.636811 
2868.000000	1.639688 
2866.000000	1.636569 
2864.000000	1.634329 
2862.000000	1.634570 
2860.000000	1.635007 
2858.000000	1.640913 
2856.000000	1.642060 
2854.000000	1.636646 
2852.000000	1.631940 
2850.000000	1.632984 
2848.000000	1.636780 
2846.000000	1.637355 
2844.000000	1.631683 
2842.000000	1.629187 
2840.000000	1.632397 
2838.000000	1.631475 
2836.000000	1.625395 
2834.000000	1.620896 
2832.000000	1.621017 
2830.000000	1.623842 
2828.000000	1.623537 
2826.000000	1.619397 
2824.000000	1.620386 
2822.000000	1.623233 
2820.000000	1.618829 
2818.000000	1.616113 
2816.000000	1.616828 
2814.000000	1.616905 
2812.000000	1.620813 
2810.000000	1.622560 
2808.000000	1.617655 
2806.000000	1.616134 
2804.000000	1.617454 
2802.000000	1.619859 
2800.000000	1.622955 
2798.000000	1.619941 
2796.000000	1.617021 
2794.000000	1.620692 
2792.000000	1.621822 
2790.000000	1.618068 
2788.000000	1.615647 
2786.000000	1.619238 
2784.000000	1.621506 
2782.000000	1.619174 
2780.000000	1.617076 
2778.000000	1.613371 
2776.000000	1.614717 
2774.000000	1.620623 
2772.000000	1.618390 
2770.000000	1.616699 
2768.000000	1.615925 
2766.000000	1.614341 
2764.000000	1.615998 
2762.000000	1.619604 
2760.000000	1.621722 
2758.000000	1.621289 
2756.000000	1.618838 
2754.000000	1.613499 
2752.000000	1.608180 
2750.000000	1.608189 
2748.000000	1.612586 
2746.000000	1.612070 
2744.000000	1.610395 
2742.000000	1.615412 
2740.000000	1.619247 
2738.000000	1.617514 
2736.000000	1.618287 
2734.000000	1.618248 
2732.000000	1.614964 
2730.000000	1.611901 
2728.000000	1.609779 
2726.000000	1.611837 
2724.000000	1.615314 
2722.000000	1.614623 
2720.000000	1.616918 
2718.000000	1.615399 
2716.000000	1.610759 
2714.000000	1.610712 
2712.000000	1.614371 
2710.000000	1.615071 
2708.000000	1.610759 
2706.000000	1.609025 
2704.000000	1.611528 
2702.000000	1.608462 
2700.000000	1.603174 
2698.000000	1.605747 
2696.000000	1.609704 
2694.000000	1.608034 
2692.000000	1.606094 
2690.000000	1.605943 
2688.000000	1.605392 
2686.000000	1.606341 
2684.000000	1.606349 
2682.000000	1.606173 
2680.000000	1.606353 
2678.000000	1.605405 
2676.000000	1.602651 
2674.000000	1.601735 
2672.000000	1.602124 
2670.000000	1.604392 
2668.000000	1.610433 
2666.000000	1.612265 
2664.000000	1.610028 
2662.000000	1.606215 
2660.000000	1.603606 
2658.000000	1.602551 
2656.000000	1.602460 
2654.000000	1.605371 
2652.000000	1.605810 
2650.000000	1.609586 
2648.000000	1.613125 
2646.000000	1.608840 
2644.000000	1.604742 
2642.000000	1.602750 
2640.000000	1.603103 
2638.000000	1.606223 
2636.000000	1.605313 
2634.000000	1.599268 
2632.000000	1.600199 
2630.000000	1.602970 
2628.000000	1.599498 
2626.000000	1.598166 
2624.000000	1.602286 
2622.000000	1.607417 
2620.000000	1.609388 
2618.000000	1.608420 
2616.000000	1.610535 
2614.000000	1.608916 
2612.000000	1.605259 
2610.000000	1.603547 
2608.000000	1.603157 
2606.000000	1.600083 
2604.000000	1.599441 
2602.000000	1.601132 
2600.000000	1.601251 
2598.000000	1.600776 
2596.000000	1.600215 
2594.000000	1.601797 
2592.000000	1.602174 
2590.000000	1.600120 
2588.000000	1.601297 
2586.000000	1.605084 
2584.000000	1.604567 
2582.000000	1.597019 
2580.000000	1.592160 
2578.000000	1.593697 
2576.000000	1.595927 
2574.000000	1.601202 
2572.000000	1.602141 
2570.000000	1.597937 
2568.000000	1.595768 
2566.000000	1.597797 
2564.000000	1.602050 
2562.000000	1.598101 
2560.000000	1.597609 
2558.000000	1.600120 
2556.000000	1.598499 
2554.000000	1.594132 
2552.000000	1.595584 
2550.000000	1.599791 
2548.000000	1.601504 
2546.000000	1.597658 
2544.000000	1.594661 
2542.000000	1.596810 
2540.000000	1.597269 
2538.000000	1.593437 
2536.000000	1.592249 
2534.000000	1.593693 
2532.000000	1.598277 
2530.000000	1.601442 
2528.000000	1.597363 
2526.000000	1.593381 
2524.000000	1.595285 
2522.000000	1.596393 
2520.000000	1.592800 
2518.000000	1.593283 
2516.000000	1.595972 
2514.000000	1.595666 
2512.000000	1.593125 
2510.000000	1.592934 
2508.000000	1.594624 
2506.000000	1.595723 
2504.000000	1.594250 
2502.000000	1.592201 
2500.000000	1.593015 
2498.000000	1.594665 
2496.000000	1.594315 
2494.000000	1.593011 
2492.000000	1.592217 
2490.000000	1.590722 
2488.000000	1.587927 
2486.000000	1.586838 
2484.000000	1.589521 
2482.000000	1.593352 
2480.000000	1.588565 
2478.000000	1.581406 
2476.000000	1.581343 
2474.000000	1.580483 
2472.000000	1.579239 
2470.000000	1.581410 
2468.000000	1.585241 
2466.000000	1.586322 
2464.000000	1.584740 
2462.000000	1.582830 
2460.000000	1.584700 
2458.000000	1.584318 
2456.000000	1.582659 
2454.000000	1.586430 
2452.000000	1.586646 
2450.000000	1.585783 
2448.000000	1.584254 
2446.000000	1.582101 
2444.000000	1.584505 
2442.000000	1.585002 
2440.000000	1.583159 
2438.000000	1.582849 
2436.000000	1.581453 
2434.000000	1.580920 
2432.000000	1.584489 
2430.000000	1.588653 
2428.000000	1.588332 
2426.000000	1.585568 
2424.000000	1.580160 
2422.000000	1.576008 
2420.000000	1.577402 
2418.000000	1.579562 
2416.000000	1.579794 
2414.000000	1.583107 
2412.000000	1.585154 
2410.000000	1.583000 
2408.000000	1.584012 
2406.000000	1.585353 
2404.000000	1.578868 
2402.000000	1.573488 
2400.000000	1.573046 
2398.000000	1.572636 
2396.000000	1.574544 
2394.000000	1.575723 
2392.000000	1.574905 
2390.000000	1.572492 
2388.000000	1.572295 
2386.000000	1.571692 
2384.000000	1.570924 
2382.000000	1.568311 
2380.000000	1.564671 
2378.000000	1.563517 
2376.000000	1.561682 
2374.000000	1.556770 
2372.000000	1.554919 
2370.000000	1.555146 
2368.000000	1.556110 
2366.000000	1.560246 
2364.000000	1.566564 
2362.000000	1.562993 
2360.000000	1.553506 
2358.000000	1.557337 
2356.000000	1.566701 
2354.000000	1.577007 
2352.000000	1.581501 
2350.000000	1.575042 
2348.000000	1.559923 
2346.000000	1.553232 
2344.000000	1.556047 
2342.000000	1.562275 
2340.000000	1.567381 
2338.000000	1.567343 
2336.000000	1.565866 
2334.000000	1.568369 
2332.000000	1.571936 
2330.000000	1.570632 
2328.000000	1.565226 
2326.000000	1.563957 
2324.000000	1.564736 
2322.000000	1.565961 
2320.000000	1.571237 
2318.000000	1.577735 
2316.000000	1.580294 
2314.000000	1.580837 
2312.000000	1.578233 
2310.000000	1.572032 
2308.000000	1.572485 
2306.000000	1.578186 
2304.000000	1.583595 
2302.000000	1.583476 
2300.000000	1.581572 
2298.000000	1.581666 
2296.000000	1.582125 
2294.000000	1.584103 
2292.000000	1.586986 
2290.000000	1.584982 
2288.000000	1.583925 
2286.000000	1.587470 
2284.000000	1.591303 
2282.000000	1.597166 
2280.000000	1.604633 
2278.000000	1.608899 
2276.000000	1.606989 
2274.000000	1.608588 
2272.000000	1.611850 
2270.000000	1.612433 
2268.000000	1.615698 
2266.000000	1.622447 
2264.000000	1.626796 
2262.000000	1.627963 
2260.000000	1.633326 
2258.000000	1.637126 
2256.000000	1.638303 
2254.000000	1.645484 
2252.000000	1.650699 
2250.000000	1.649325 
2248.000000	1.649473 
2246.000000	1.649168 
2244.000000	1.649935 
2242.000000	1.649395 
2240.000000	1.645296 
2238.000000	1.644127 
2236.000000	1.647080 
2234.000000	1.649228 
2232.000000	1.647208 
2230.000000	1.645869 
2228.000000	1.648919 
2226.000000	1.651218 
2224.000000	1.651422 
2222.000000	1.647236 
2220.000000	1.644931 
2218.000000	1.652909 
2216.000000	1.660470 
2214.000000	1.661480 
2212.000000	1.661039 
2210.000000	1.662812 
2208.000000	1.668091 
2206.000000	1.676812 
2204.000000	1.683439 
2202.000000	1.687962 
2200.000000	1.689574 
2198.000000	1.690375 
2196.000000	1.693308 
2194.000000	1.694172 
2192.000000	1.694946 
2190.000000	1.695644 
2188.000000	1.695392 
2186.000000	1.696874 
2184.000000	1.695886 
2182.000000	1.692828 
2180.000000	1.693753 
2178.000000	1.694357 
2176.000000	1.691407 
2174.000000	1.689260 
2172.000000	1.688557 
2170.000000	1.686758 
2168.000000	1.689615 
2166.000000	1.694434 
2164.000000	1.700001 
2162.000000	1.706736 
2160.000000	1.711429 
2158.000000	1.715981 
2156.000000	1.718459 
2154.000000	1.723495 
2152.000000	1.737888 
2150.000000	1.761856 
2148.000000	1.785819 
2146.000000	1.800613 
2144.000000	1.812414 
2142.000000	1.821009 
2140.000000	1.827294 
2138.000000	1.824977 
2136.000000	1.815199 
2134.000000	1.815354 
2132.000000	1.816154 
2130.000000	1.818213 
2128.000000	1.827113 
2126.000000	1.841831 
2124.000000	1.857736 
2122.000000	1.873526 
2120.000000	1.895589 
2118.000000	1.922467 
2116.000000	1.942052 
2114.000000	1.945444 
2112.000000	1.947210 
2110.000000	1.944295 
2108.000000	1.931809 
2106.000000	1.923941 
2104.000000	1.917310 
2102.000000	1.902294 
2100.000000	1.883626 
2098.000000	1.870173 
2096.000000	1.869399 
2094.000000	1.881848 
2092.000000	1.898745 
2090.000000	1.910801 
2088.000000	1.909059 
2086.000000	1.898721 
2084.000000	1.887628 
2082.000000	1.872861 
2080.000000	1.856276 
2078.000000	1.839650 
2076.000000	1.815720 
2074.000000	1.794625 
2072.000000	1.766717 
2070.000000	1.729368 
2068.000000	1.694895 
2066.000000	1.660892 
2064.000000	1.636309 
2062.000000	1.616002 
2060.000000	1.598491 
2058.000000	1.584843 
2056.000000	1.572079 
2054.000000	1.562173 
2052.000000	1.554032 
2050.000000	1.549896 
2048.000000	1.546871 
2046.000000	1.541111 
2044.000000	1.536556 
2042.000000	1.535266 
2040.000000	1.536906 
2038.000000	1.538137 
2036.000000	1.536464 
2034.000000	1.531548 
2032.000000	1.526567 
2030.000000	1.525409 
2028.000000	1.527822 
2026.000000	1.529231 
2024.000000	1.524670 
2022.000000	1.520220 
2020.000000	1.520199 
2018.000000	1.521150 
2016.000000	1.523259 
2014.000000	1.523259 
2012.000000	1.519770 
2010.000000	1.519219 
2008.000000	1.519373 
2006.000000	1.519233 
2004.000000	1.517892 
2002.000000	1.513334 
2000.000000	1.512589 
1998.000000	1.514622 
1996.000000	1.514182 
1994.000000	1.513341 
1992.000000	1.515663 
1990.000000	1.516336 
1988.000000	1.512383 
1986.000000	1.511730 
1984.000000	1.513685 
1982.000000	1.514054 
1980.000000	1.515134 
1978.000000	1.516206 
1976.000000	1.512902 
1974.000000	1.510504 
1972.000000	1.512137 
1970.000000	1.510712 
1968.000000	1.509582 
1966.000000	1.510991 
1964.000000	1.508076 
1962.000000	1.504947 
1960.000000	1.503773 
1958.000000	1.504259 
1956.000000	1.503634 
1954.000000	1.500523 
1952.000000	1.498284 
1950.000000	1.498930 
1948.000000	1.497313 
1946.000000	1.495411 
1944.000000	1.495333 
1942.000000	1.495813 
1940.000000	1.496105 
1938.000000	1.494205 
1936.000000	1.494896 
1934.000000	1.494466 
1932.000000	1.494353 
1930.000000	1.497922 
1928.000000	1.498499 
1926.000000	1.494602 
1924.000000	1.492152 
1922.000000	1.492503 
1920.000000	1.492535 
1918.000000	1.496134 
1916.000000	1.499113 
1914.000000	1.496543 
1912.000000	1.492374 
1910.000000	1.488308 
1908.000000	1.489271 
1906.000000	1.491953 
1904.000000	1.493117 
1902.000000	1.493614 
1900.000000	1.493762 
1898.000000	1.490612 
1896.000000	1.488978 
1894.000000	1.490964 
1892.000000	1.488353 
1890.000000	1.485675 
1888.000000	1.486242 
1886.000000	1.482761 
1884.000000	1.482522 
1882.000000	1.481850 
1880.000000	1.479093 
1878.000000	1.478082 
1876.000000	1.477902 
1874.000000	1.478076 
1872.000000	1.474524 
1870.000000	1.473759 
1868.000000	1.485304 
1866.000000	1.487563 
1864.000000	1.479243 
1862.000000	1.476914 
1860.000000	1.477805 
1858.000000	1.473309 
1856.000000	1.471227 
1854.000000	1.472442 
1852.000000	1.472798 
1850.000000	1.471227 
1848.000000	1.469515 
1846.000000	1.464032 
1844.000000	1.470355 
1842.000000	1.476656 
1840.000000	1.468232 
1838.000000	1.467636 
1836.000000	1.472679 
1834.000000	1.471549 
1832.000000	1.465409 
1830.000000	1.466650 
1828.000000	1.469030 
1826.000000	1.464367 
1824.000000	1.466847 
1822.000000	1.465493 
1820.000000	1.459509 
1818.000000	1.456925 
1816.000000	1.458056 
1814.000000	1.456129 
1812.000000	1.454210 
1810.000000	1.459190 
1808.000000	1.461862 
1806.000000	1.459387 
1804.000000	1.455165 
1802.000000	1.452202 
1800.000000	1.457958 
1798.000000	1.458981 
1796.000000	1.454272 
1794.000000	1.448526 
1792.000000	1.457305 
1790.000000	1.463915 
1788.000000	1.453132 
1786.000000	1.445526 
1784.000000	1.447558 
1782.000000	1.446211 
1780.000000	1.445246 
1778.000000	1.443550 
1776.000000	1.437413 
1774.000000	1.432529 
1772.000000	1.441992 
1770.000000	1.449506 
1768.000000	1.445197 
1766.000000	1.442898 
1764.000000	1.434147 
1762.000000	1.434870 
1760.000000	1.440991 
1758.000000	1.435818 
1756.000000	1.437240 
1754.000000	1.432361 
1752.000000	1.428260 
1750.000000	1.439567 
1748.000000	1.440588 
1746.000000	1.434729 
1744.000000	1.429644 
1742.000000	1.428821 
1740.000000	1.434290 
1738.000000	1.440536 
1736.000000	1.420727 
1734.000000	1.432891 
1732.000000	1.452715 
1730.000000	1.438651 
1728.000000	1.432358 
1726.000000	1.428982 
1724.000000	1.428196 
1722.000000	1.427691 
1720.000000	1.416698 
1718.000000	1.421675 
1716.000000	1.440988 
1714.000000	1.437164 
1712.000000	1.427021 
1710.000000	1.417970 
1708.000000	1.409779 
1706.000000	1.412324 
1704.000000	1.416166 
1702.000000	1.395985 
1700.000000	1.414698 
1698.000000	1.422493 
1696.000000	1.416477 
1694.000000	1.427542 
1692.000000	1.410024 
1690.000000	1.400283 
1688.000000	1.397226 
1686.000000	1.382254 
1684.000000	1.403957 
1682.000000	1.421593 
1680.000000	1.401412 
1678.000000	1.390031 
1676.000000	1.385771 
1674.000000	1.400130 
1672.000000	1.394201 
1670.000000	1.393153 
1668.000000	1.402841 
1666.000000	1.389942 
1664.000000	1.378100 
1662.000000	1.388557 
1660.000000	1.390886 
1658.000000	1.380197 
1656.000000	1.361589 
1654.000000	1.359840 
1652.000000	1.406017 
1650.000000	1.387073 
1648.000000	1.361384 
1646.000000	1.376370 
1644.000000	1.383507 
1642.000000	1.371982 
1640.000000	1.363552 
1638.000000	1.353318 
1636.000000	1.362783 
1634.000000	1.384818 
1632.000000	1.372089 
1630.000000	1.358746 
1628.000000	1.359442 
1626.000000	1.359224 
1624.000000	1.356320 
1622.000000	1.363265 
1620.000000	1.351749 
1618.000000	1.338902 
1616.000000	1.358628 
1614.000000	1.363516 
1612.000000	1.349604 
1610.000000	1.345435 
1608.000000	1.344763 
1606.000000	1.341355 
1604.000000	1.340141 
1602.000000	1.342035 
1600.000000	1.342465 
1598.000000	1.339790 
1596.000000	1.336165 
1594.000000	1.334606 
1592.000000	1.333602 
1590.000000	1.331725 
1588.000000	1.330804 
1586.000000	1.328541 
1584.000000	1.327298 
1582.000000	1.324256 
1580.000000	1.319403 
1578.000000	1.310608 
1576.000000	1.323202 
1574.000000	1.332390 
1572.000000	1.315162 
1570.000000	1.313684 
1568.000000	1.324933 
1566.000000	1.315929 
1564.000000	1.309821 
1562.000000	1.296788 
1560.000000	1.292140 
1558.000000	1.337566 
1556.000000	1.330990 
1554.000000	1.317543 
1552.000000	1.314051 
1550.000000	1.309422 
1548.000000	1.302337 
1546.000000	1.292840 
1544.000000	1.295800 
1542.000000	1.299763 
1540.000000	1.312639 
1538.000000	1.321180 
1536.000000	1.299342 
1534.000000	1.289926 
1532.000000	1.299627 
1530.000000	1.291791 
1528.000000	1.286718 
1526.000000	1.289135 
1524.000000	1.286082 
1522.000000	1.283956 
1520.000000	1.296917 
1518.000000	1.290364 
1516.000000	1.288773 
1514.000000	1.282787 
1512.000000	1.272320 
1510.000000	1.265276 
1508.000000	1.267889 
1506.000000	1.300393 
1504.000000	1.294963 
1502.000000	1.272729 
1500.000000	1.262410 
1498.000000	1.264954 
1496.000000	1.276312 
1494.000000	1.275040 
1492.000000	1.266022 
1490.000000	1.270917 
1488.000000	1.277601 
1486.000000	1.272369 
1484.000000	1.263197 
1482.000000	1.259579 
1480.000000	1.257477 
1478.000000	1.253932 
1476.000000	1.257096 
1474.000000	1.257774 
1472.000000	1.266946 
1470.000000	1.264651 
1468.000000	1.251871 
1466.000000	1.249310 
1464.000000	1.260133 
1462.000000	1.256410 
1460.000000	1.241452 
1458.000000	1.243472 
1456.000000	1.268624 
1454.000000	1.264118 
1452.000000	1.248612 
1450.000000	1.242401 
1448.000000	1.241319 
1446.000000	1.241790 
1444.000000	1.236166 
1442.000000	1.232285 
1440.000000	1.225422 
1438.000000	1.218519 
1436.000000	1.231022 
1434.000000	1.230374 
1432.000000	1.216956 
1430.000000	1.214063 
1428.000000	1.214715 
1426.000000	1.208497 
1424.000000	1.207753 
1422.000000	1.203154 
1420.000000	1.198261 
1418.000000	1.206446 
1416.000000	1.201513 
1414.000000	1.193191 
1412.000000	1.188299 
1410.000000	1.184629 
1408.000000	1.180740 
1406.000000	1.179522 
1404.000000	1.183697 
1402.000000	1.181151 
1400.000000	1.176561 
1398.000000	1.176624 
1396.000000	1.173705 
1394.000000	1.174311 
1392.000000	1.171526 
1390.000000	1.164669 
1388.000000	1.163654 
1386.000000	1.165271 
1384.000000	1.161374 
1382.000000	1.156592 
1380.000000	1.152105 
1378.000000	1.148060 
1376.000000	1.145704 
1374.000000	1.146216 
1372.000000	1.143393 
1370.000000	1.139474 
1368.000000	1.139118 
1366.000000	1.135937 
1364.000000	1.129849 
1362.000000	1.129914 
1360.000000	1.128151 
1358.000000	1.123594 
1356.000000	1.119551 
1354.000000	1.117894 
1352.000000	1.115616 
1350.000000	1.112061 
1348.000000	1.110684 
1346.000000	1.108187 
1344.000000	1.103502 
1342.000000	1.099816 
1340.000000	1.098801 
1338.000000	1.097564 
1336.000000	1.092894 
1334.000000	1.090020 
1332.000000	1.089228 
1330.000000	1.087770 
1328.000000	1.085640 
1326.000000	1.084108 
1324.000000	1.082673 
1322.000000	1.080105 
1320.000000	1.076973 
1318.000000	1.075184 
1316.000000	1.072637 
1314.000000	1.069760 
1312.000000	1.068654 
1310.000000	1.065497 
1308.000000	1.061522 
1306.000000	1.059303 
1304.000000	1.058062 
1302.000000	1.055646 
1300.000000	1.052513 
1298.000000	1.050448 
1296.000000	1.048038 
1294.000000	1.044359 
1292.000000	1.041472 
1290.000000	1.038404 
1288.000000	1.035060 
1286.000000	1.031650 
1284.000000	1.028840 
1282.000000	1.026907 
1280.000000	1.023813 
1278.000000	1.020225 
1276.000000	1.018089 
1274.000000	1.015984 
1272.000000	1.013546 
1270.000000	1.010551 
1268.000000	1.006999 
1266.000000	1.003112 
1264.000000	0.999914 
1262.000000	0.997742 
1260.000000	0.995403 
1258.000000	0.992713 
1256.000000	0.989605 
1254.000000	0.986153 
1252.000000	0.981892 
1250.000000	0.979207 
1248.000000	0.976886 
1246.000000	0.974484 
1244.000000	0.972275 
1242.000000	0.969864 
1240.000000	0.966940 
1238.000000	0.964026 
1236.000000	0.960740 
1234.000000	0.957798 
1232.000000	0.955317 
1230.000000	0.953197 
1228.000000	0.950872 
1226.000000	0.948863 
1224.000000	0.946784 
1222.000000	0.943841 
1220.000000	0.941084 
1218.000000	0.939646 
1216.000000	0.938600 
1214.000000	0.936484 
1212.000000	0.934407 
1210.000000	0.933897 
1208.000000	0.933500 
1206.000000	0.933138 
1204.000000	0.932611 
1202.000000	0.931395 
1200.000000	0.932235 
1198.000000	0.932894 
1196.000000	0.932637 
1194.000000	0.933401 
1192.000000	0.934863 
1190.000000	0.936674 
1188.000000	0.939413 
1186.000000	0.942776 
1184.000000	0.945539 
1182.000000	0.947840 
1180.000000	0.952338 
1178.000000	0.957468 
1176.000000	0.961450 
1174.000000	0.965350 
1172.000000	0.969522 
1170.000000	0.974430 
1168.000000	0.980225 
1166.000000	0.985545 
1164.000000	0.990637 
1162.000000	0.995925 
1160.000000	1.001346 
1158.000000	1.007081 
1156.000000	1.012090 
1154.000000	1.017318 
1152.000000	1.023430 
1150.000000	1.030686 
1148.000000	1.036786 
1146.000000	1.040599 
1144.000000	1.046152 
1142.000000	1.053688 
1140.000000	1.059266 
1138.000000	1.063065 
1136.000000	1.067482 
1134.000000	1.072345 
1132.000000	1.077405 
1130.000000	1.082577 
1128.000000	1.087685 
1126.000000	1.091413 
1124.000000	1.095178 
1122.000000	1.100346 
1120.000000	1.104376 
1118.000000	1.107749 
1116.000000	1.112489 
1114.000000	1.115356 
1112.000000	1.119062 
1110.000000	1.124790 
1108.000000	1.128049 
1106.000000	1.129838 
1104.000000	1.132151 
1102.000000	1.135479 
1100.000000	1.138946 
1098.000000	1.139491 
1096.000000	1.140185 
1094.000000	1.142432 
1092.000000	1.145417 
1090.000000	1.148003 
1088.000000	1.148784 
1086.000000	1.148657 
1084.000000	1.150164 
1082.000000	1.152551 
1080.000000	1.154756 
1078.000000	1.154544 
1076.000000	1.154547 
1074.000000	1.155264 
1072.000000	1.156533 
1070.000000	1.158774 
1068.000000	1.157929 
1066.000000	1.155380 
1064.000000	1.157215 
1062.000000	1.159446 
1060.000000	1.158264 
1058.000000	1.157078 
1056.000000	1.155600 
1054.000000	1.151698 
1052.000000	1.148908 
1050.000000	1.149574 
1048.000000	1.150069 
1046.000000	1.145650 
1044.000000	1.139643 
1042.000000	1.135038 
1040.000000	1.128415 
1038.000000	1.120766 
1036.000000	1.114924 
1034.000000	1.107432 
1032.000000	1.098085 
1030.000000	1.088784 
1028.000000	1.077992 
1026.000000	1.067214 
1024.000000	1.056303 
1022.000000	1.044515 
1020.000000	1.031232 
1018.000000	1.017737 
1016.000000	1.004828 
1014.000000	0.991003 
1012.000000	0.976842 
1010.000000	0.962426 
1008.000000	0.946629 
1006.000000	0.930437 
1004.000000	0.914961 
1002.000000	0.900007 
1000.000000	0.885908 
998.000000	 0.872613 
996.000000	 0.860164 
994.000000	 0.849833 
992.000000	 0.842622 
990.000000	 0.837871 
988.000000	 0.836322 
986.000000	 0.839499 
984.000000	 0.845606 
982.000000	 0.852253 
980.000000	 0.858970 
978.000000	 0.862009 
976.000000	 0.861436 
974.000000	 0.855774 
972.000000	 0.843860 
970.000000	 0.829095 
968.000000	 0.814045 
966.000000	 0.800273 
964.000000	 0.788998 
962.000000	 0.779821 
960.000000	 0.771922 
958.000000	 0.765036 
956.000000	 0.758876 
954.000000	 0.753595 
952.000000	 0.749923 
950.000000	 0.748256 
948.000000	 0.748972 
946.000000	 0.751690 
944.000000	 0.755461 
942.000000	 0.760518 
940.000000	 0.766696 
938.000000	 0.772424 
936.000000	 0.775714 
934.000000	 0.776401 
932.000000	 0.774775 
930.000000	 0.772414 
928.000000	 0.770167 
926.000000	 0.768401 
924.000000	 0.768228 
922.000000	 0.771434 
920.000000	 0.778705 
918.000000	 0.787958 
916.000000	 0.795231 
914.000000	 0.798491 
912.000000	 0.798403 
910.000000	 0.797954 
908.000000	 0.797924 
906.000000	 0.793576 
904.000000	 0.783648 
902.000000	 0.772318 
900.000000	 0.759960 
898.000000	 0.744524 
896.000000	 0.727710 
894.000000	 0.711979 
892.000000	 0.698872 
890.000000	 0.688652 
888.000000	 0.680792 
886.000000	 0.675865 
884.000000	 0.674463 
882.000000	 0.675898 
880.000000	 0.678505 
878.000000	 0.681428 
876.000000	 0.684230 
874.000000	 0.687734 
872.000000	 0.691341 
870.000000	 0.695337 
868.000000	 0.698901 
866.000000	 0.700417 
864.000000	 0.702132 
862.000000	 0.702730 
860.000000	 0.700967 
858.000000	 0.698959 
856.000000	 0.696325 
854.000000	 0.692996 
852.000000	 0.690783 
850.000000	 0.689580 
848.000000	 0.688391 
846.000000	 0.687210 
844.000000	 0.686751 
842.000000	 0.686884 
840.000000	 0.685721 
838.000000	 0.683500 
836.000000	 0.681183 
834.000000	 0.677561 
832.000000	 0.673423 
830.000000	 0.669821 
828.000000	 0.664304 
826.000000	 0.656850 
824.000000	 0.649337 
822.000000	 0.642652 
820.000000	 0.635974 
818.000000	 0.629236 
816.000000	 0.623490 
814.000000	 0.619051 
812.000000	 0.614423 
810.000000	 0.609729 
808.000000	 0.604989 
806.000000	 0.599440 
804.000000	 0.593371 
802.000000	 0.588381 
800.000000	 0.582769 
798.000000	 0.575718 
796.000000	 0.568379 
794.000000	 0.560789 
792.000000	 0.552700 
790.000000	 0.543689 
788.000000	 0.534283 
786.000000	 0.525110 
784.000000	 0.515563 
782.000000	 0.506047 
780.000000	 0.496469 
778.000000	 0.486902 
776.000000	 0.477742 
774.000000	 0.468960 
772.000000	 0.460910 
770.000000	 0.453252 
768.000000	 0.445816 
766.000000	 0.438831 
764.000000	 0.432471 
762.000000	 0.426524 
760.000000	 0.420788 
758.000000	 0.415675 
756.000000	 0.411867 
754.000000	 0.408947 
752.000000	 0.406385 
750.000000	 0.403918 
748.000000	 0.402979 
746.000000	 0.402835 
744.000000	 0.402754 
742.000000	 0.402992 
740.000000	 0.404490 
738.000000	 0.406123 
736.000000	 0.407788 
734.000000	 0.409926 
732.000000	 0.412814 
730.000000	 0.416435 
728.000000	 0.420413 
726.000000	 0.424936 
724.000000	 0.429154 
722.000000	 0.433228 
720.000000	 0.438171 
718.000000	 0.443942 
716.000000	 0.448954 
714.000000	 0.453969 
712.000000	 0.458790 
710.000000	 0.463286 
708.000000	 0.468111 
706.000000	 0.472683 
704.000000	 0.475400 
702.000000	 0.477706 
700.000000	 0.480388 
698.000000	 0.483236 
696.000000	 0.486995 
694.000000	 0.491960 
692.000000	 0.497209 
690.000000	 0.504138 
688.000000	 0.512714 
686.000000	 0.521557 
684.000000	 0.531038 
682.000000	 0.540513 
680.000000	 0.550960 
678.000000	 0.562705 
676.000000	 0.573834 
674.000000	 0.583683 
672.000000	 0.590172 
670.000000	 0.589221 
668.000000	 0.590108 
666.000000	 0.591454 
664.000000	 0.582583 
662.000000	 0.570695 
660.000000	 0.560066 
658.000000	 0.551641 
656.000000	 0.544776 
654.000000	 0.539496 
652.000000	 0.535816 
650.000000	 0.535662 
648.000000	 0.539502 
646.000000	 0.546718 
644.000000	 0.554613 
642.000000	 0.563012 
640.000000	 0.572620 
638.000000	 0.583097 
636.000000	 0.594498 
634.000000	 0.607959 
632.000000	 0.620708 
630.000000	 0.627979 
628.000000	 0.627339 
626.000000	 0.616411 
624.000000	 0.591575 
622.000000	 0.554143 
620.000000	 0.510771 
618.000000	 0.465367 
616.000000	 0.423077 
614.000000	 0.385523 
612.000000	 0.352184 
610.000000	 0.324553 
608.000000	 0.301750 
606.000000	 0.281029 
604.000000	 0.262723 
602.000000	 0.247786 
600.000000	 0.236979 
598.000000	 0.226616 
596.000000	 0.216797 
594.000000	 0.207537 
592.000000	 0.199995 
590.000000	 0.193901 
588.000000	 0.187918 
586.000000	 0.181800 
584.000000	 0.176375 
582.000000	 0.170869 
580.000000	 0.165435 
578.000000	 0.159878 
576.000000	 0.153714 
574.000000	 0.147097 
572.000000	 0.140208 
570.000000	 0.133460 
568.000000	 0.127560 
566.000000	 0.123169 
564.000000	 0.119678 
562.000000	 0.115168 
560.000000	 0.110113 
558.000000	 0.105952 
556.000000	 0.101901 
554.000000	 0.098134 
552.000000	 0.096325 
550.000000	 0.095672 
548.000000	 0.094187 
546.000000	 0.091231 
544.000000	 0.087442 
542.000000	 0.084718 
540.000000	 0.082757 
538.000000	 0.080827 
536.000000	 0.079028 
534.000000	 0.077437 
532.000000	 0.075157 
530.000000	 0.073435 
528.000000	 0.072625 
526.000000	 0.072011 
524.000000	 0.070674 
522.000000	 0.070075 
520.000000	 0.070292 
518.000000	 0.070651 
516.000000	 0.072043 
514.000000	 0.073457 
512.000000	 0.073798 
510.000000	 0.073342 
508.000000	 0.072857 
506.000000	 0.071730 
504.000000	 0.070192 
502.000000	 0.068310 
500.000000	 0.065454 
498.000000	 0.063125 
496.000000	 0.061666 
494.000000	 0.060289 
492.000000	 0.059673 
490.000000	 0.058781 
488.000000	 0.057620 
486.000000	 0.056935 
484.000000	 0.055634 
482.000000	 0.053726 
480.000000	 0.053025 
478.000000	 0.052383 
476.000000	 0.050605 
474.000000	 0.049607 
472.000000	 0.049373 
470.000000	 0.047845 
468.000000	 0.046186 
466.000000	 0.044399 
464.000000	 0.043003 
462.000000	 0.042335 
460.000000	 0.041786 
458.000000	 0.040151 
456.000000	 0.038071 
454.000000	 0.037559 
452.000000	 0.037001 
450.000000	 0.036003 

