4400.000000	1.676055 
4398.000000	1.665626 
4396.000000	1.666442 
4394.000000	1.675339 
4392.000000	1.673920 
4390.000000	1.666182 
4388.000000	1.660987 
4386.000000	1.657792 
4384.000000	1.659557 
4382.000000	1.670387 
4380.000000	1.670692 
4378.000000	1.660337 
4376.000000	1.664252 
4374.000000	1.666994 
4372.000000	1.659415 
4370.000000	1.654275 
4368.000000	1.653007 
4366.000000	1.648368 
4364.000000	1.645832 
4362.000000	1.654766 
4360.000000	1.660934 
4358.000000	1.662626 
4356.000000	1.667023 
4354.000000	1.661243 
4352.000000	1.657637 
4350.000000	1.657844 
4348.000000	1.655960 
4346.000000	1.656063 
4344.000000	1.655913 
4342.000000	1.656185 
4340.000000	1.654224 
4338.000000	1.659245 
4336.000000	1.660939 
4334.000000	1.649002 
4332.000000	1.649949 
4330.000000	1.655847 
4328.000000	1.651909 
4326.000000	1.651450 
4324.000000	1.655533 
4322.000000	1.650912 
4320.000000	1.641085 
4318.000000	1.645763 
4316.000000	1.649081 
4314.000000	1.647456 
4312.000000	1.649039 
4310.000000	1.650546 
4308.000000	1.649690 
4306.000000	1.651427 
4304.000000	1.656523 
4302.000000	1.660451 
4300.000000	1.661157 
4298.000000	1.658857 
4296.000000	1.657594 
4294.000000	1.663365 
4292.000000	1.668472 
4290.000000	1.662712 
4288.000000	1.656349 
4286.000000	1.654930 
4284.000000	1.656040 
4282.000000	1.654864 
4280.000000	1.657322 
4278.000000	1.658853 
4276.000000	1.654453 
4274.000000	1.652425 
4272.000000	1.651519 
4270.000000	1.646166 
4268.000000	1.642774 
4266.000000	1.651209 
4264.000000	1.664219 
4262.000000	1.663083 
4260.000000	1.650254 
4258.000000	1.650727 
4256.000000	1.660011 
4254.000000	1.665252 
4252.000000	1.666701 
4250.000000	1.661366 
4248.000000	1.654644 
4246.000000	1.652704 
4244.000000	1.650333 
4242.000000	1.646891 
4240.000000	1.643466 
4238.000000	1.644830 
4236.000000	1.653734 
4234.000000	1.664334 
4232.000000	1.661062 
4230.000000	1.652774 
4228.000000	1.658174 
4226.000000	1.667784 
4224.000000	1.667264 
4222.000000	1.659793 
4220.000000	1.657350 
4218.000000	1.654738 
4216.000000	1.649949 
4214.000000	1.655089 
4212.000000	1.663899 
4210.000000	1.662516 
4208.000000	1.657933 
4206.000000	1.651176 
4204.000000	1.651872 
4202.000000	1.658112 
4200.000000	1.656856 
4198.000000	1.652993 
4196.000000	1.648004 
4194.000000	1.650560 
4192.000000	1.654135 
4190.000000	1.651580 
4188.000000	1.655679 
4186.000000	1.662650 
4184.000000	1.661646 
4182.000000	1.655749 
4180.000000	1.654845 
4178.000000	1.662502 
4176.000000	1.658183 
4174.000000	1.645004 
4172.000000	1.640488 
4170.000000	1.642751 
4168.000000	1.649750 
4166.000000	1.656030 
4164.000000	1.657058 
4162.000000	1.655014 
4160.000000	1.652993 
4158.000000	1.651696 
4156.000000	1.650903 
4154.000000	1.643798 
4152.000000	1.639760 
4150.000000	1.651933 
4148.000000	1.659736 
4146.000000	1.651097 
4144.000000	1.648744 
4142.000000	1.651696 
4140.000000	1.658282 
4138.000000	1.658957 
4136.000000	1.655014 
4134.000000	1.651320 
4132.000000	1.652174 
4130.000000	1.649076 
4128.000000	1.647456 
4126.000000	1.648855 
4124.000000	1.651482 
4122.000000	1.656598 
4120.000000	1.653729 
4118.000000	1.650495 
4116.000000	1.655594 
4114.000000	1.661765 
4112.000000	1.656659 
4110.000000	1.648331 
4108.000000	1.647719 
4106.000000	1.644346 
4104.000000	1.642778 
4102.000000	1.648285 
4100.000000	1.648938 
4098.000000	1.643366 
4096.000000	1.646767 
4094.000000	1.655683 
4092.000000	1.656213 
4090.000000	1.650685 
4088.000000	1.654322 
4086.000000	1.647162 
4084.000000	1.642524 
4082.000000	1.650185 
4080.000000	1.654719 
4078.000000	1.654117 
4076.000000	1.651019 
4074.000000	1.646194 
4072.000000	1.647631 
4070.000000	1.650014 
4068.000000	1.654902 
4066.000000	1.656598 
4064.000000	1.660901 
4062.000000	1.666043 
4060.000000	1.660295 
4058.000000	1.650379 
4056.000000	1.648804 
4054.000000	1.658324 
4052.000000	1.663493 
4050.000000	1.657086 
4048.000000	1.656866 
4046.000000	1.663074 
4044.000000	1.661855 
4042.000000	1.655519 
4040.000000	1.652193 
4038.000000	1.654247 
4036.000000	1.654911 
4034.000000	1.650463 
4032.000000	1.648271 
4030.000000	1.652425 
4028.000000	1.658037 
4026.000000	1.651761 
4024.000000	1.649870 
4022.000000	1.651065 
4020.000000	1.645214 
4018.000000	1.646841 
4016.000000	1.650032 
4014.000000	1.654504 
4012.000000	1.657279 
4010.000000	1.656706 
4008.000000	1.654593 
4006.000000	1.655393 
4004.000000	1.655318 
4002.000000	1.650801 
4000.000000	1.650143 
3998.000000	1.648873 
3996.000000	1.643329 
3994.000000	1.644917 
3992.000000	1.649981 
3990.000000	1.653958 
3988.000000	1.654916 
3986.000000	1.649242 
3984.000000	1.647337 
3982.000000	1.651009 
3980.000000	1.649903 
3978.000000	1.644077 
3976.000000	1.644442 
3974.000000	1.647383 
3972.000000	1.648873 
3970.000000	1.642260 
3968.000000	1.636170 
3966.000000	1.645598 
3964.000000	1.655135 
3962.000000	1.653342 
3960.000000	1.646685 
3958.000000	1.647838 
3956.000000	1.651107 
3954.000000	1.647939 
3952.000000	1.644236 
3950.000000	1.650592 
3948.000000	1.660030 
3946.000000	1.660479 
3944.000000	1.659150 
3942.000000	1.655384 
3940.000000	1.647847 
3938.000000	1.647364 
3936.000000	1.646772 
3934.000000	1.645392 
3932.000000	1.649926 
3930.000000	1.653277 
3928.000000	1.651751 
3926.000000	1.648965 
3924.000000	1.652839 
3922.000000	1.649025 
3920.000000	1.647456 
3918.000000	1.655019 
3916.000000	1.660797 
3914.000000	1.661646 
3912.000000	1.659897 
3910.000000	1.651287 
3908.000000	1.648679 
3906.000000	1.651292 
3904.000000	1.654149 
3902.000000	1.660105 
3900.000000	1.663746 
3898.000000	1.668322 
3896.000000	1.665933 
3894.000000	1.655033 
3892.000000	1.657623 
3890.000000	1.671100 
3888.000000	1.667601 
3886.000000	1.662440 
3884.000000	1.664783 
3882.000000	1.652342 
3880.000000	1.649510 
3878.000000	1.657769 
3876.000000	1.651984 
3874.000000	1.647626 
3872.000000	1.648818 
3870.000000	1.654733 
3868.000000	1.659571 
3866.000000	1.659973 
3864.000000	1.668346 
3862.000000	1.671056 
3860.000000	1.670038 
3858.000000	1.654986 
3856.000000	1.630275 
3854.000000	1.627015 
3852.000000	1.664979 
3850.000000	1.676812 
3848.000000	1.665621 
3846.000000	1.653697 
3844.000000	1.650143 
3842.000000	1.653846 
3840.000000	1.658961 
3838.000000	1.667745 
3836.000000	1.676699 
3834.000000	1.670513 
3832.000000	1.658773 
3830.000000	1.656805 
3828.000000	1.656448 
3826.000000	1.658612 
3824.000000	1.655622 
3822.000000	1.654948 
3820.000000	1.665645 
3818.000000	1.661371 
3816.000000	1.663546 
3814.000000	1.670503 
3812.000000	1.666341 
3810.000000	1.660631 
3808.000000	1.658390 
3806.000000	1.668564 
3804.000000	1.666567 
3802.000000	1.652458 
3800.000000	1.659741 
3798.000000	1.670770 
3796.000000	1.667110 
3794.000000	1.666240 
3792.000000	1.660806 
3790.000000	1.648767 
3788.000000	1.647958 
3786.000000	1.655913 
3784.000000	1.657500 
3782.000000	1.649321 
3780.000000	1.648008 
3778.000000	1.656946 
3776.000000	1.659108 
3774.000000	1.656781 
3772.000000	1.655974 
3770.000000	1.663136 
3768.000000	1.668260 
3766.000000	1.665943 
3764.000000	1.672189 
3762.000000	1.672271 
3760.000000	1.669056 
3758.000000	1.671765 
3756.000000	1.664936 
3754.000000	1.657303 
3752.000000	1.669259 
3750.000000	1.697111 
3748.000000	1.711259 
3746.000000	1.700531 
3744.000000	1.708574 
3742.000000	1.720091 
3740.000000	1.706631 
3738.000000	1.699519 
3736.000000	1.705752 
3734.000000	1.715765 
3732.000000	1.724318 
3730.000000	1.720722 
3728.000000	1.711504 
3726.000000	1.715438 
3724.000000	1.723649 
3722.000000	1.720352 
3720.000000	1.720989 
3718.000000	1.725813 
3716.000000	1.724158 
3714.000000	1.720020 
3712.000000	1.725609 
3710.000000	1.737034 
3708.000000	1.745852 
3706.000000	1.744086 
3704.000000	1.736661 
3702.000000	1.746308 
3700.000000	1.755944 
3698.000000	1.749686 
3696.000000	1.751698 
3694.000000	1.762275 
3692.000000	1.767619 
3690.000000	1.778385 
3688.000000	1.790017 
3686.000000	1.788367 
3684.000000	1.784273 
3682.000000	1.784153 
3680.000000	1.782613 
3678.000000	1.782933 
3676.000000	1.806326 
3674.000000	1.828911 
3672.000000	1.815145 
3670.000000	1.809726 
3668.000000	1.837095 
3666.000000	1.844559 
3664.000000	1.836349 
3662.000000	1.833869 
3660.000000	1.823664 
3658.000000	1.819783 
3656.000000	1.837643 
3654.000000	1.845530 
3652.000000	1.833142 
3650.000000	1.839650 
3648.000000	1.854651 
3646.000000	1.868281 
3644.000000	1.864248 
3642.000000	1.849825 
3640.000000	1.843720 
3638.000000	1.843200 
3636.000000	1.843193 
3634.000000	1.842904 
3632.000000	1.842702 
3630.000000	1.845951 
3628.000000	1.865447 
3626.000000	1.878084 
3624.000000	1.863694 
3622.000000	1.846249 
3620.000000	1.853504 
3618.000000	1.876749 
3616.000000	1.869667 
3614.000000	1.854695 
3612.000000	1.854807 
3610.000000	1.858446 
3608.000000	1.869560 
3606.000000	1.873627 
3604.000000	1.858580 
3602.000000	1.850177 
3600.000000	1.862131 
3598.000000	1.869797 
3596.000000	1.870458 
3594.000000	1.869828 
3592.000000	1.873379 
3590.000000	1.860371 
3588.000000	1.852574 
3586.000000	1.868794 
3584.000000	1.882369 
3582.000000	1.878162 
3580.000000	1.871573 
3578.000000	1.868350 
3576.000000	1.862651 
3574.000000	1.860438 
3572.000000	1.864385 
3570.000000	1.867494 
3568.000000	1.871920 
3566.000000	1.885173 
3564.000000	1.888804 
3562.000000	1.882305 
3560.000000	1.876570 
3558.000000	1.865021 
3556.000000	1.864771 
3554.000000	1.872167 
3552.000000	1.879369 
3550.000000	1.881777 
3548.000000	1.885292 
3546.000000	1.899977 
3544.000000	1.896241 
3542.000000	1.881076 
3540.000000	1.880085 
3538.000000	1.887652 
3536.000000	1.887380 
3534.000000	1.879690 
3532.000000	1.884927 
3530.000000	1.901270 
3528.000000	1.901229 
3526.000000	1.886821 
3524.000000	1.886750 
3522.000000	1.891958 
3520.000000	1.890942 
3518.000000	1.884244 
3516.000000	1.878022 
3514.000000	1.887828 
3512.000000	1.894922 
3510.000000	1.898221 
3508.000000	1.906164 
3506.000000	1.907417 
3504.000000	1.908422 
3502.000000	1.909992 
3500.000000	1.899911 
3498.000000	1.888660 
3496.000000	1.898671 
3494.000000	1.908187 
3492.000000	1.898753 
3490.000000	1.892644 
3488.000000	1.890837 
3486.000000	1.886837 
3484.000000	1.891740 
3482.000000	1.893980 
3480.000000	1.897762 
3478.000000	1.902575 
3476.000000	1.906639 
3474.000000	1.901848 
3472.000000	1.890378 
3470.000000	1.902385 
3468.000000	1.910877 
3466.000000	1.902005 
3464.000000	1.899369 
3462.000000	1.902798 
3460.000000	1.906882 
3458.000000	1.906197 
3456.000000	1.901097 
3454.000000	1.897623 
3452.000000	1.899073 
3450.000000	1.901072 
3448.000000	1.894248 
3446.000000	1.894801 
3444.000000	1.903121 
3442.000000	1.902145 
3440.000000	1.897264 
3438.000000	1.897992 
3436.000000	1.901402 
3434.000000	1.900084 
3432.000000	1.898835 
3430.000000	1.899229 
3428.000000	1.904914 
3426.000000	1.910691 
3424.000000	1.910397 
3422.000000	1.903395 
3420.000000	1.892483 
3418.000000	1.900742 
3416.000000	1.912296 
3414.000000	1.907659 
3412.000000	1.906447 
3410.000000	1.905330 
3408.000000	1.895606 
3406.000000	1.890451 
3404.000000	1.888700 
3402.000000	1.895126 
3400.000000	1.911958 
3398.000000	1.909782 
3396.000000	1.900248 
3394.000000	1.887836 
3392.000000	1.886869 
3390.000000	1.898835 
3388.000000	1.901105 
3386.000000	1.893478 
3384.000000	1.894045 
3382.000000	1.902244 
3380.000000	1.888965 
3378.000000	1.873828 
3376.000000	1.880839 
3374.000000	1.882582 
3372.000000	1.886192 
3370.000000	1.893243 
3368.000000	1.890081 
3366.000000	1.885547 
3364.000000	1.880250 
3362.000000	1.879983 
3360.000000	1.870120 
3358.000000	1.872552 
3356.000000	1.879847 
3354.000000	1.873635 
3352.000000	1.881461 
3350.000000	1.887636 
3348.000000	1.876695 
3346.000000	1.869928 
3344.000000	1.877787 
3342.000000	1.886670 
3340.000000	1.888796 
3338.000000	1.884363 
3336.000000	1.867685 
3334.000000	1.860897 
3332.000000	1.868358 
3330.000000	1.867479 
3328.000000	1.863724 
3326.000000	1.864491 
3324.000000	1.865295 
3322.000000	1.866488 
3320.000000	1.866161 
3318.000000	1.864362 
3316.000000	1.864688 
3314.000000	1.858461 
3312.000000	1.855074 
3310.000000	1.865644 
3308.000000	1.874115 
3306.000000	1.867113 
3304.000000	1.862025 
3302.000000	1.863611 
3300.000000	1.867136 
3298.000000	1.878867 
3296.000000	1.880446 
3294.000000	1.870342 
3292.000000	1.866427 
3290.000000	1.860011 
3288.000000	1.850691 
3286.000000	1.848449 
3284.000000	1.848954 
3282.000000	1.843337 
3280.000000	1.843980 
3278.000000	1.851153 
3276.000000	1.855422 
3274.000000	1.857557 
3272.000000	1.851514 
3270.000000	1.846343 
3268.000000	1.840847 
3266.000000	1.839915 
3264.000000	1.847624 
3262.000000	1.845015 
3260.000000	1.843835 
3258.000000	1.844103 
3256.000000	1.846430 
3254.000000	1.844407 
3252.000000	1.835831 
3250.000000	1.836257 
3248.000000	1.848295 
3246.000000	1.852080 
3244.000000	1.835788 
3242.000000	1.832036 
3240.000000	1.841249 
3238.000000	1.836356 
3236.000000	1.826252 
3234.000000	1.828506 
3232.000000	1.836697 
3230.000000	1.833262 
3228.000000	1.825746 
3226.000000	1.832501 
3224.000000	1.834506 
3222.000000	1.818308 
3220.000000	1.815781 
3218.000000	1.821758 
3216.000000	1.815761 
3214.000000	1.817927 
3212.000000	1.824334 
3210.000000	1.812588 
3208.000000	1.809760 
3206.000000	1.814874 
3204.000000	1.816262 
3202.000000	1.820318 
3200.000000	1.821195 
3198.000000	1.820270 
3196.000000	1.817580 
3194.000000	1.817084 
3192.000000	1.817342 
3190.000000	1.815354 
3188.000000	1.809920 
3186.000000	1.799359 
3184.000000	1.798116 
3182.000000	1.802455 
3180.000000	1.804351 
3178.000000	1.808899 
3176.000000	1.812945 
3174.000000	1.810067 
3172.000000	1.796739 
3170.000000	1.787529 
3168.000000	1.790516 
3166.000000	1.794199 
3164.000000	1.790011 
3162.000000	1.782394 
3160.000000	1.781592 
3158.000000	1.782168 
3156.000000	1.779967 
3154.000000	1.786534 
3152.000000	1.792520 
3150.000000	1.792308 
3148.000000	1.790394 
3146.000000	1.780516 
3144.000000	1.776970 
3142.000000	1.779367 
3140.000000	1.780641 
3138.000000	1.777534 
3136.000000	1.768669 
3134.000000	1.764364 
3132.000000	1.768633 
3130.000000	1.767801 
3128.000000	1.763690 
3126.000000	1.762952 
3124.000000	1.762491 
3122.000000	1.764785 
3120.000000	1.767419 
3118.000000	1.768450 
3116.000000	1.761922 
3114.000000	1.754312 
3112.000000	1.753138 
3110.000000	1.755927 
3108.000000	1.757594 
3106.000000	1.755408 
3104.000000	1.747887 
3102.000000	1.744425 
3100.000000	1.743122 
3098.000000	1.748275 
3096.000000	1.751213 
3094.000000	1.744120 
3092.000000	1.743960 
3090.000000	1.749274 
3088.000000	1.744086 
3086.000000	1.740893 
3084.000000	1.743237 
3082.000000	1.743644 
3080.000000	1.742126 
3078.000000	1.740888 
3076.000000	1.741526 
3074.000000	1.742664 
3072.000000	1.742441 
3070.000000	1.738489 
3068.000000	1.737769 
3066.000000	1.742195 
3064.000000	1.744057 
3062.000000	1.737752 
3060.000000	1.729268 
3058.000000	1.725262 
3056.000000	1.721986 
3054.000000	1.716379 
3052.000000	1.717885 
3050.000000	1.722751 
3048.000000	1.725736 
3046.000000	1.726661 
3044.000000	1.721539 
3042.000000	1.723616 
3040.000000	1.727777 
3038.000000	1.719570 
3036.000000	1.710546 
3034.000000	1.707306 
3032.000000	1.708299 
3030.000000	1.713854 
3028.000000	1.715749 
3026.000000	1.711515 
3024.000000	1.706573 
3022.000000	1.704749 
3020.000000	1.710004 
3018.000000	1.710381 
3016.000000	1.704523 
3014.000000	1.702875 
3012.000000	1.706920 
3010.000000	1.706704 
3008.000000	1.703931 
3006.000000	1.703654 
3004.000000	1.703099 
3002.000000	1.706683 
3000.000000	1.706710 
2998.000000	1.700515 
2996.000000	1.700598 
2994.000000	1.707474 
2992.000000	1.709320 
2990.000000	1.704036 
2988.000000	1.700100 
2986.000000	1.705368 
2984.000000	1.704329 
2982.000000	1.701113 
2980.000000	1.698551 
2978.000000	1.697735 
2976.000000	1.704387 
2974.000000	1.713897 
2972.000000	1.714793 
2970.000000	1.709003 
2968.000000	1.707142 
2966.000000	1.710317 
2964.000000	1.710599 
2962.000000	1.709029 
2960.000000	1.706704 
2958.000000	1.704460 
2956.000000	1.704067 
2954.000000	1.701082 
2952.000000	1.698458 
2950.000000	1.700718 
2948.000000	1.705085 
2946.000000	1.703319 
2944.000000	1.708309 
2942.000000	1.712021 
2940.000000	1.705442 
2938.000000	1.703000 
2936.000000	1.702807 
2934.000000	1.704817 
2932.000000	1.705846 
2930.000000	1.708219 
2928.000000	1.707084 
2926.000000	1.702515 
2924.000000	1.699275 
2922.000000	1.696153 
2920.000000	1.694300 
2918.000000	1.693932 
2916.000000	1.690051 
2914.000000	1.684329 
2912.000000	1.683824 
2910.000000	1.685968 
2908.000000	1.684319 
2906.000000	1.680815 
2904.000000	1.681520 
2902.000000	1.676134 
2900.000000	1.668486 
2898.000000	1.669622 
2896.000000	1.668955 
2894.000000	1.663698 
2892.000000	1.661001 
2890.000000	1.667235 
2888.000000	1.668776 
2886.000000	1.668105 
2884.000000	1.671868 
2882.000000	1.671056 
2880.000000	1.669781 
2878.000000	1.664200 
2876.000000	1.661352 
2874.000000	1.662864 
2872.000000	1.658735 
2870.000000	1.662421 
2868.000000	1.668014 
2866.000000	1.668120 
2864.000000	1.664147 
2862.000000	1.662855 
2860.000000	1.664472 
2858.000000	1.663345 
2856.000000	1.664510 
2854.000000	1.663827 
2852.000000	1.658810 
2850.000000	1.654056 
2848.000000	1.649025 
2846.000000	1.647070 
2844.000000	1.641307 
2842.000000	1.639778 
2840.000000	1.648975 
2838.000000	1.651784 
2836.000000	1.645173 
2834.000000	1.640393 
2832.000000	1.639828 
2830.000000	1.640673 
2828.000000	1.638493 
2826.000000	1.638731 
2824.000000	1.640845 
2822.000000	1.639489 
2820.000000	1.635660 
2818.000000	1.636076 
2816.000000	1.635490 
2814.000000	1.633691 
2812.000000	1.635034 
2810.000000	1.634561 
2808.000000	1.632664 
2806.000000	1.634949 
2804.000000	1.637332 
2802.000000	1.633602 
2800.000000	1.628619 
2798.000000	1.629019 
2796.000000	1.633015 
2794.000000	1.629421 
2792.000000	1.621302 
2790.000000	1.622408 
2788.000000	1.624749 
2786.000000	1.625002 
2784.000000	1.623711 
2782.000000	1.623846 
2780.000000	1.624949 
2778.000000	1.622868 
2776.000000	1.621839 
2774.000000	1.625369 
2772.000000	1.629055 
2770.000000	1.628438 
2768.000000	1.625351 
2766.000000	1.622503 
2764.000000	1.625277 
2762.000000	1.625080 
2760.000000	1.619635 
2758.000000	1.618171 
2756.000000	1.620619 
2754.000000	1.620450 
2752.000000	1.619376 
2750.000000	1.615472 
2748.000000	1.616400 
2746.000000	1.621904 
2744.000000	1.621190 
2742.000000	1.620178 
2740.000000	1.619410 
2738.000000	1.616884 
2736.000000	1.615963 
2734.000000	1.615058 
2732.000000	1.615925 
2730.000000	1.615310 
2728.000000	1.616579 
2726.000000	1.620118 
2724.000000	1.618704 
2722.000000	1.616143 
2720.000000	1.616896 
2718.000000	1.618468 
2716.000000	1.618326 
2714.000000	1.621090 
2712.000000	1.623281 
2710.000000	1.620463 
2708.000000	1.616597 
2706.000000	1.616010 
2704.000000	1.614742 
2702.000000	1.611257 
2700.000000	1.606604 
2698.000000	1.609750 
2696.000000	1.614410 
2694.000000	1.618326 
2692.000000	1.618665 
2690.000000	1.612883 
2688.000000	1.608697 
2686.000000	1.609282 
2684.000000	1.610231 
2682.000000	1.610556 
2680.000000	1.612904 
2678.000000	1.612193 
2676.000000	1.611397 
2674.000000	1.610336 
2672.000000	1.607908 
2670.000000	1.610822 
2668.000000	1.608092 
2666.000000	1.600595 
2664.000000	1.600124 
2662.000000	1.602933 
2660.000000	1.606382 
2658.000000	1.611207 
2656.000000	1.610877 
2654.000000	1.606086 
2652.000000	1.605676 
2650.000000	1.605071 
2648.000000	1.602696 
2646.000000	1.603527 
2644.000000	1.605630 
2642.000000	1.604658 
2640.000000	1.604392 
2638.000000	1.603822 
2636.000000	1.601504 
2634.000000	1.599478 
2632.000000	1.602497 
2630.000000	1.606223 
2628.000000	1.602788 
2626.000000	1.597617 
2624.000000	1.601980 
2622.000000	1.604446 
2620.000000	1.597851 
2618.000000	1.595024 
2616.000000	1.600223 
2614.000000	1.604888 
2612.000000	1.606295 
2610.000000	1.600306 
2608.000000	1.598011 
2606.000000	1.601541 
2604.000000	1.601425 
2602.000000	1.598384 
2600.000000	1.594356 
2598.000000	1.595011 
2596.000000	1.595003 
2594.000000	1.596409 
2592.000000	1.598618 
2590.000000	1.600644 
2588.000000	1.602257 
2586.000000	1.600652 
2584.000000	1.596430 
2582.000000	1.592845 
2580.000000	1.593417 
2578.000000	1.596160 
2576.000000	1.598733 
2574.000000	1.599881 
2572.000000	1.596221 
2570.000000	1.589771 
2568.000000	1.591012 
2566.000000	1.592975 
2564.000000	1.590932 
2562.000000	1.595264 
2560.000000	1.598943 
2558.000000	1.593953 
2556.000000	1.591630 
2554.000000	1.593068 
2552.000000	1.594710 
2550.000000	1.594576 
2548.000000	1.595236 
2546.000000	1.595523 
2544.000000	1.591392 
2542.000000	1.589968 
2540.000000	1.591057 
2538.000000	1.590613 
2536.000000	1.589167 
2534.000000	1.587767 
2532.000000	1.588581 
2530.000000	1.591946 
2528.000000	1.589928 
2526.000000	1.585010 
2524.000000	1.589248 
2522.000000	1.593344 
2520.000000	1.589240 
2518.000000	1.588107 
2516.000000	1.591837 
2514.000000	1.595421 
2512.000000	1.597781 
2510.000000	1.594100 
2508.000000	1.589650 
2506.000000	1.590230 
2504.000000	1.593028 
2502.000000	1.589891 
2500.000000	1.584998 
2498.000000	1.584215 
2496.000000	1.585006 
2494.000000	1.584135 
2492.000000	1.584616 
2490.000000	1.586358 
2488.000000	1.585983 
2486.000000	1.584740 
2484.000000	1.584453 
2482.000000	1.586398 
2480.000000	1.588866 
2478.000000	1.586646 
2476.000000	1.583770 
2474.000000	1.584079 
2472.000000	1.583492 
2470.000000	1.582465 
2468.000000	1.583905 
2466.000000	1.588661 
2464.000000	1.594747 
2462.000000	1.591275 
2460.000000	1.585967 
2458.000000	1.584775 
2456.000000	1.583294 
2454.000000	1.583230 
2452.000000	1.579542 
2450.000000	1.577614 
2448.000000	1.580172 
2446.000000	1.580128 
2444.000000	1.578503 
2442.000000	1.580329 
2440.000000	1.581410 
2438.000000	1.579715 
2436.000000	1.578609 
2434.000000	1.579455 
2432.000000	1.579070 
2430.000000	1.577183 
2428.000000	1.578613 
2426.000000	1.580168 
2424.000000	1.580782 
2422.000000	1.584688 
2420.000000	1.585967 
2418.000000	1.580235 
2416.000000	1.575825 
2414.000000	1.578743 
2412.000000	1.582050 
2410.000000	1.580692 
2408.000000	1.582953 
2406.000000	1.585999 
2404.000000	1.582398 
2402.000000	1.579169 
2400.000000	1.577352 
2398.000000	1.577000 
2396.000000	1.577465 
2394.000000	1.576542 
2392.000000	1.578284 
2390.000000	1.578699 
2388.000000	1.575501 
2386.000000	1.575602 
2384.000000	1.576570 
2382.000000	1.574070 
2380.000000	1.572492 
2378.000000	1.573368 
2376.000000	1.575205 
2374.000000	1.572376 
2372.000000	1.570921 
2370.000000	1.577837 
2368.000000	1.580688 
2366.000000	1.579699 
2364.000000	1.580518 
2362.000000	1.582766 
2360.000000	1.589183 
2358.000000	1.591356 
2356.000000	1.594694 
2354.000000	1.598832 
2352.000000	1.596344 
2350.000000	1.590944 
2348.000000	1.580132 
2346.000000	1.572876 
2344.000000	1.578123 
2342.000000	1.591109 
2340.000000	1.600830 
2338.000000	1.602402 
2336.000000	1.600199 
2334.000000	1.598680 
2332.000000	1.601760 
2330.000000	1.600207 
2328.000000	1.598368 
2326.000000	1.603236 
2324.000000	1.611304 
2322.000000	1.613682 
2320.000000	1.616507 
2318.000000	1.619794 
2316.000000	1.620191 
2314.000000	1.625063 
2312.000000	1.628583 
2310.000000	1.628306 
2308.000000	1.633100 
2306.000000	1.639444 
2304.000000	1.643598 
2302.000000	1.648460 
2300.000000	1.651979 
2298.000000	1.652388 
2296.000000	1.657265 
2294.000000	1.664324 
2292.000000	1.673720 
2290.000000	1.686572 
2288.000000	1.699089 
2286.000000	1.716029 
2284.000000	1.727833 
2282.000000	1.731164 
2280.000000	1.739994 
2278.000000	1.753466 
2276.000000	1.777292 
2274.000000	1.802042 
2272.000000	1.814232 
2270.000000	1.825995 
2268.000000	1.842321 
2266.000000	1.849694 
2264.000000	1.851551 
2262.000000	1.859164 
2260.000000	1.871943 
2258.000000	1.878663 
2256.000000	1.883278 
2254.000000	1.891554 
2252.000000	1.885412 
2250.000000	1.869253 
2248.000000	1.862508 
2246.000000	1.860529 
2244.000000	1.854703 
2242.000000	1.845551 
2240.000000	1.829337 
2238.000000	1.808712 
2236.000000	1.801366 
2234.000000	1.795128 
2232.000000	1.785004 
2230.000000	1.774155 
2228.000000	1.758970 
2226.000000	1.752611 
2224.000000	1.754330 
2222.000000	1.748571 
2220.000000	1.742178 
2218.000000	1.741121 
2216.000000	1.741173 
2214.000000	1.740170 
2212.000000	1.746037 
2210.000000	1.755107 
2208.000000	1.753760 
2206.000000	1.746447 
2204.000000	1.744804 
2202.000000	1.746655 
2200.000000	1.742418 
2198.000000	1.735832 
2196.000000	1.731940 
2194.000000	1.725780 
2192.000000	1.716848 
2190.000000	1.708452 
2188.000000	1.699224 
2186.000000	1.694956 
2184.000000	1.693942 
2182.000000	1.686652 
2180.000000	1.678073 
2178.000000	1.673969 
2176.000000	1.676488 
2174.000000	1.673012 
2172.000000	1.662669 
2170.000000	1.659864 
2168.000000	1.662855 
2166.000000	1.667100 
2164.000000	1.668236 
2162.000000	1.663971 
2160.000000	1.660195 
2158.000000	1.654051 
2156.000000	1.651705 
2154.000000	1.656194 
2152.000000	1.653813 
2150.000000	1.645516 
2148.000000	1.644871 
2146.000000	1.647548 
2144.000000	1.644803 
2142.000000	1.640388 
2140.000000	1.636933 
2138.000000	1.632771 
2136.000000	1.631887 
2134.000000	1.627471 
2132.000000	1.623694 
2130.000000	1.620437 
2128.000000	1.616010 
2126.000000	1.612518 
2124.000000	1.606859 
2122.000000	1.605693 
2120.000000	1.606437 
2118.000000	1.608088 
2116.000000	1.604817 
2114.000000	1.599329 
2112.000000	1.597182 
2110.000000	1.596736 
2108.000000	1.598080 
2106.000000	1.596311 
2104.000000	1.590964 
2102.000000	1.586822 
2100.000000	1.584469 
2098.000000	1.580601 
2096.000000	1.578045 
2094.000000	1.576464 
2092.000000	1.575540 
2090.000000	1.574688 
2088.000000	1.570801 
2086.000000	1.568380 
2084.000000	1.568468 
2082.000000	1.567201 
2080.000000	1.561222 
2078.000000	1.557035 
2076.000000	1.553929 
2074.000000	1.549162 
2072.000000	1.550881 
2070.000000	1.554285 
2068.000000	1.552589 
2066.000000	1.549764 
2064.000000	1.543970 
2062.000000	1.538230 
2060.000000	1.534921 
2058.000000	1.532189 
2056.000000	1.530887 
2054.000000	1.532221 
2052.000000	1.531798 
2050.000000	1.531245 
2048.000000	1.529437 
2046.000000	1.526671 
2044.000000	1.525055 
2042.000000	1.523553 
2040.000000	1.525166 
2038.000000	1.526021 
2036.000000	1.522800 
2034.000000	1.520645 
2032.000000	1.521191 
2030.000000	1.519839 
2028.000000	1.518503 
2026.000000	1.518534 
2024.000000	1.517766 
2022.000000	1.518636 
2020.000000	1.516254 
2018.000000	1.510897 
2016.000000	1.511212 
2014.000000	1.513581 
2012.000000	1.510537 
2010.000000	1.506511 
2008.000000	1.506840 
2006.000000	1.508907 
2004.000000	1.513405 
2002.000000	1.515741 
2000.000000	1.514666 
1998.000000	1.512245 
1996.000000	1.509204 
1994.000000	1.506205 
1992.000000	1.508874 
1990.000000	1.515470 
1988.000000	1.515222 
1986.000000	1.512481 
1984.000000	1.510930 
1982.000000	1.509797 
1980.000000	1.510165 
1978.000000	1.509830 
1976.000000	1.508884 
1974.000000	1.507076 
1972.000000	1.505096 
1970.000000	1.506355 
1968.000000	1.506109 
1966.000000	1.505949 
1964.000000	1.505472 
1962.000000	1.505578 
1960.000000	1.506893 
1958.000000	1.505531 
1956.000000	1.505906 
1954.000000	1.506614 
1952.000000	1.506019 
1950.000000	1.505701 
1948.000000	1.501981 
1946.000000	1.499057 
1944.000000	1.500893 
1942.000000	1.506315 
1940.000000	1.508486 
1938.000000	1.505558 
1936.000000	1.503001 
1934.000000	1.501471 
1932.000000	1.501888 
1930.000000	1.501386 
1928.000000	1.500159 
1926.000000	1.498806 
1924.000000	1.499420 
1922.000000	1.504725 
1920.000000	1.501862 
1918.000000	1.502609 
1916.000000	1.509154 
1914.000000	1.504914 
1912.000000	1.498313 
1910.000000	1.496699 
1908.000000	1.498770 
1906.000000	1.497401 
1904.000000	1.497167 
1902.000000	1.497447 
1900.000000	1.497430 
1898.000000	1.496338 
1896.000000	1.494832 
1894.000000	1.493021 
1892.000000	1.489450 
1890.000000	1.490019 
1888.000000	1.495226 
1886.000000	1.497544 
1884.000000	1.497626 
1882.000000	1.494563 
1880.000000	1.490071 
1878.000000	1.487121 
1876.000000	1.487945 
1874.000000	1.489141 
1872.000000	1.485542 
1870.000000	1.484631 
1868.000000	1.493649 
1866.000000	1.496163 
1864.000000	1.490458 
1862.000000	1.486934 
1860.000000	1.485836 
1858.000000	1.485846 
1856.000000	1.485748 
1854.000000	1.482824 
1852.000000	1.481003 
1850.000000	1.482092 
1848.000000	1.484220 
1846.000000	1.477491 
1844.000000	1.482723 
1842.000000	1.496092 
1840.000000	1.487856 
1838.000000	1.481273 
1836.000000	1.482183 
1834.000000	1.478771 
1832.000000	1.472500 
1830.000000	1.479183 
1828.000000	1.484258 
1826.000000	1.478974 
1824.000000	1.481828 
1822.000000	1.481527 
1820.000000	1.476309 
1818.000000	1.472663 
1816.000000	1.472073 
1814.000000	1.470315 
1812.000000	1.470526 
1810.000000	1.473171 
1808.000000	1.471969 
1806.000000	1.468911 
1804.000000	1.465263 
1802.000000	1.466050 
1800.000000	1.473349 
1798.000000	1.470933 
1796.000000	1.463918 
1794.000000	1.456804 
1792.000000	1.469695 
1790.000000	1.478325 
1788.000000	1.464678 
1786.000000	1.456958 
1784.000000	1.461197 
1782.000000	1.461389 
1780.000000	1.462720 
1778.000000	1.458868 
1776.000000	1.449134 
1774.000000	1.443907 
1772.000000	1.457483 
1770.000000	1.464340 
1768.000000	1.457427 
1766.000000	1.457718 
1764.000000	1.449958 
1762.000000	1.451665 
1760.000000	1.455990 
1758.000000	1.451900 
1756.000000	1.456742 
1754.000000	1.446498 
1752.000000	1.437374 
1750.000000	1.452431 
1748.000000	1.457332 
1746.000000	1.450712 
1744.000000	1.444010 
1742.000000	1.443711 
1740.000000	1.449061 
1738.000000	1.456682 
1736.000000	1.433121 
1734.000000	1.442316 
1732.000000	1.467633 
1730.000000	1.454183 
1728.000000	1.447387 
1726.000000	1.442041 
1724.000000	1.439410 
1722.000000	1.437000 
1720.000000	1.425673 
1718.000000	1.435965 
1716.000000	1.461077 
1714.000000	1.456691 
1712.000000	1.444356 
1710.000000	1.435090 
1708.000000	1.431189 
1706.000000	1.434991 
1704.000000	1.435180 
1702.000000	1.412286 
1700.000000	1.432050 
1698.000000	1.441671 
1696.000000	1.435586 
1694.000000	1.444727 
1692.000000	1.427450 
1690.000000	1.418757 
1688.000000	1.414451 
1686.000000	1.399992 
1684.000000	1.428282 
1682.000000	1.445549 
1680.000000	1.421948 
1678.000000	1.406906 
1676.000000	1.399464 
1674.000000	1.414405 
1672.000000	1.407647 
1670.000000	1.408044 
1668.000000	1.422882 
1666.000000	1.410610 
1664.000000	1.398388 
1662.000000	1.409346 
1660.000000	1.411618 
1658.000000	1.400874 
1656.000000	1.380331 
1654.000000	1.376851 
1652.000000	1.434805 
1650.000000	1.419501 
1648.000000	1.398492 
1646.000000	1.419512 
1644.000000	1.422898 
1642.000000	1.409149 
1640.000000	1.401568 
1638.000000	1.394707 
1636.000000	1.412516 
1634.000000	1.433758 
1632.000000	1.416844 
1630.000000	1.400674 
1628.000000	1.399826 
1626.000000	1.399818 
1624.000000	1.398909 
1622.000000	1.410461 
1620.000000	1.399015 
1618.000000	1.385449 
1616.000000	1.403876 
1614.000000	1.405619 
1612.000000	1.389906 
1610.000000	1.381927 
1608.000000	1.378962 
1606.000000	1.376792 
1604.000000	1.373234 
1602.000000	1.368582 
1600.000000	1.363791 
1598.000000	1.359895 
1596.000000	1.356953 
1594.000000	1.354766 
1592.000000	1.351044 
1590.000000	1.348485 
1588.000000	1.346702 
1586.000000	1.342172 
1584.000000	1.339171 
1582.000000	1.337638 
1580.000000	1.333754 
1578.000000	1.323642 
1576.000000	1.338046 
1574.000000	1.348046 
1572.000000	1.331283 
1570.000000	1.331703 
1568.000000	1.340901 
1566.000000	1.332236 
1564.000000	1.326103 
1562.000000	1.309963 
1560.000000	1.311254 
1558.000000	1.367584 
1556.000000	1.352599 
1554.000000	1.332860 
1552.000000	1.324988 
1550.000000	1.317821 
1548.000000	1.313173 
1546.000000	1.306972 
1544.000000	1.309321 
1542.000000	1.312435 
1540.000000	1.333488 
1538.000000	1.343031 
1536.000000	1.314730 
1534.000000	1.304231 
1532.000000	1.312781 
1530.000000	1.300877 
1528.000000	1.296064 
1526.000000	1.303147 
1524.000000	1.299656 
1522.000000	1.297247 
1520.000000	1.312696 
1518.000000	1.306555 
1516.000000	1.306378 
1514.000000	1.298094 
1512.000000	1.288970 
1510.000000	1.284114 
1508.000000	1.283960 
1506.000000	1.311076 
1504.000000	1.303783 
1502.000000	1.281065 
1500.000000	1.271997 
1498.000000	1.275505 
1496.000000	1.286995 
1494.000000	1.285692 
1492.000000	1.275456 
1490.000000	1.283250 
1488.000000	1.291454 
1486.000000	1.284251 
1484.000000	1.273751 
1482.000000	1.269652 
1480.000000	1.270973 
1478.000000	1.269269 
1476.000000	1.270288 
1474.000000	1.272469 
1472.000000	1.287735 
1470.000000	1.284879 
1468.000000	1.270993 
1466.000000	1.268198 
1464.000000	1.276780 
1462.000000	1.271857 
1460.000000	1.258884 
1458.000000	1.266462 
1456.000000	1.291450 
1454.000000	1.281245 
1452.000000	1.262817 
1450.000000	1.255645 
1448.000000	1.259237 
1446.000000	1.262094 
1444.000000	1.254226 
1442.000000	1.249816 
1440.000000	1.243902 
1438.000000	1.239798 
1436.000000	1.251525 
1434.000000	1.247394 
1432.000000	1.234838 
1430.000000	1.233312 
1428.000000	1.233929 
1426.000000	1.229555 
1424.000000	1.230471 
1422.000000	1.226019 
1420.000000	1.224417 
1418.000000	1.235261 
1416.000000	1.227702 
1414.000000	1.217863 
1412.000000	1.213902 
1410.000000	1.212608 
1408.000000	1.210308 
1406.000000	1.210317 
1404.000000	1.213437 
1402.000000	1.209850 
1400.000000	1.207553 
1398.000000	1.208149 
1396.000000	1.203426 
1394.000000	1.204676 
1392.000000	1.201304 
1390.000000	1.193063 
1388.000000	1.194239 
1386.000000	1.198971 
1384.000000	1.193401 
1382.000000	1.186882 
1380.000000	1.184315 
1378.000000	1.181368 
1376.000000	1.177767 
1374.000000	1.180798 
1372.000000	1.180795 
1370.000000	1.176665 
1368.000000	1.175646 
1366.000000	1.171981 
1364.000000	1.169800 
1362.000000	1.173815 
1360.000000	1.170223 
1358.000000	1.161984 
1356.000000	1.158345 
1354.000000	1.156858 
1352.000000	1.154368 
1350.000000	1.152874 
1348.000000	1.150234 
1346.000000	1.146763 
1344.000000	1.144224 
1342.000000	1.142396 
1340.000000	1.143337 
1338.000000	1.142544 
1336.000000	1.136451 
1334.000000	1.135318 
1332.000000	1.136838 
1330.000000	1.135446 
1328.000000	1.133346 
1326.000000	1.131020 
1324.000000	1.129223 
1322.000000	1.128062 
1320.000000	1.127774 
1318.000000	1.128604 
1316.000000	1.128799 
1314.000000	1.125849 
1312.000000	1.123270 
1310.000000	1.121530 
1308.000000	1.119984 
1306.000000	1.119703 
1304.000000	1.119769 
1302.000000	1.117955 
1300.000000	1.116959 
1298.000000	1.117207 
1296.000000	1.115269 
1294.000000	1.112178 
1292.000000	1.111677 
1290.000000	1.112199 
1288.000000	1.109920 
1286.000000	1.108029 
1284.000000	1.109509 
1282.000000	1.110375 
1280.000000	1.109411 
1278.000000	1.108769 
1276.000000	1.109519 
1274.000000	1.110451 
1272.000000	1.111520 
1270.000000	1.112838 
1268.000000	1.114350 
1266.000000	1.116549 
1264.000000	1.116469 
1262.000000	1.115935 
1260.000000	1.115791 
1258.000000	1.115078 
1256.000000	1.117114 
1254.000000	1.120237 
1252.000000	1.123352 
1250.000000	1.127133 
1248.000000	1.131211 
1246.000000	1.137878 
1244.000000	1.146222 
1242.000000	1.154349 
1240.000000	1.162504 
1238.000000	1.172193 
1236.000000	1.183869 
1234.000000	1.198715 
1232.000000	1.213987 
1230.000000	1.230076 
1228.000000	1.249173 
1226.000000	1.270908 
1224.000000	1.290223 
1222.000000	1.308290 
1220.000000	1.330267 
1218.000000	1.355131 
1216.000000	1.377655 
1214.000000	1.399441 
1212.000000	1.423002 
1210.000000	1.446683 
1208.000000	1.468564 
1206.000000	1.489732 
1204.000000	1.508780 
1202.000000	1.529623 
1200.000000	1.550826 
1198.000000	1.567940 
1196.000000	1.587354 
1194.000000	1.608580 
1192.000000	1.624797 
1190.000000	1.644159 
1188.000000	1.667678 
1186.000000	1.687761 
1184.000000	1.694951 
1182.000000	1.708447 
1180.000000	1.731727 
1178.000000	1.744126 
1176.000000	1.756045 
1174.000000	1.770221 
1172.000000	1.775677 
1170.000000	1.781861 
1168.000000	1.793916 
1166.000000	1.802383 
1164.000000	1.810248 
1162.000000	1.817335 
1160.000000	1.828562 
1158.000000	1.843857 
1156.000000	1.851146 
1154.000000	1.854962 
1152.000000	1.859269 
1150.000000	1.863225 
1148.000000	1.869123 
1146.000000	1.885467 
1144.000000	1.905255 
1142.000000	1.914257 
1140.000000	1.917293 
1138.000000	1.922986 
1136.000000	1.914886 
1134.000000	1.904067 
1132.000000	1.912262 
1130.000000	1.923620 
1128.000000	1.928730 
1126.000000	1.933814 
1124.000000	1.938326 
1122.000000	1.942541 
1120.000000	1.958996 
1118.000000	1.976217 
1116.000000	1.977061 
1114.000000	1.979799 
1112.000000	2.001140 
1110.000000	2.022700 
1108.000000	2.026821 
1106.000000	2.020958 
1104.000000	2.025853 
1102.000000	2.053682 
1100.000000	2.077857 
1098.000000	2.086116 
1096.000000	2.105896 
1094.000000	2.122218 
1092.000000	2.128143 
1090.000000	2.130878 
1088.000000	2.148982 
1086.000000	2.154047 
1084.000000	2.154904 
1082.000000	2.155126 
1080.000000	2.211376 
1078.000000	2.261555 
1076.000000	2.240337 
1074.000000	2.236768 
1072.000000	2.257191 
1070.000000	2.274044 
1068.000000	2.283585 
1066.000000	2.304721 
1064.000000	2.316644 
1062.000000	2.286619 
1060.000000	2.280612 
1058.000000	2.282433 
1056.000000	2.255510 
1054.000000	2.234951 
1052.000000	2.207452 
1050.000000	2.185989 
1048.000000	2.174757 
1046.000000	2.141446 
1044.000000	2.107113 
1042.000000	2.079147 
1040.000000	2.056426 
1038.000000	2.037742 
1036.000000	1.992304 
1034.000000	1.928694 
1032.000000	1.880305 
1030.000000	1.838885 
1028.000000	1.804681 
1026.000000	1.773755 
1024.000000	1.740665 
1022.000000	1.690076 
1020.000000	1.634686 
1018.000000	1.583345 
1016.000000	1.530135 
1014.000000	1.476870 
1012.000000	1.423974 
1010.000000	1.372209 
1008.000000	1.322342 
1006.000000	1.273032 
1004.000000	1.226882 
1002.000000	1.185605 
1000.000000	1.147122 
998.000000	 1.112042 
996.000000	 1.081932 
994.000000	 1.057941 
992.000000	 1.038579 
990.000000	 1.025598 
988.000000	 1.020627 
986.000000	 1.018711 
984.000000	 1.011344 
982.000000	 0.998801 
980.000000	 0.984350 
978.000000	 0.968527 
976.000000	 0.948575 
974.000000	 0.927241 
972.000000	 0.907492 
970.000000	 0.889146 
968.000000	 0.874328 
966.000000	 0.863277 
964.000000	 0.854675 
962.000000	 0.847739 
960.000000	 0.843555 
958.000000	 0.840655 
956.000000	 0.840094 
954.000000	 0.844841 
952.000000	 0.851845 
950.000000	 0.859408 
948.000000	 0.869541 
946.000000	 0.879136 
944.000000	 0.885813 
942.000000	 0.889158 
940.000000	 0.888620 
938.000000	 0.885528 
936.000000	 0.880464 
934.000000	 0.875723 
932.000000	 0.870617 
930.000000	 0.863110 
928.000000	 0.854038 
926.000000	 0.844958 
924.000000	 0.835940 
922.000000	 0.825001 
920.000000	 0.815805 
918.000000	 0.812552 
916.000000	 0.812397 
914.000000	 0.813505 
912.000000	 0.817918 
910.000000	 0.825795 
908.000000	 0.835781 
906.000000	 0.847285 
904.000000	 0.860618 
902.000000	 0.873935 
900.000000	 0.890850 
898.000000	 0.916741 
896.000000	 0.950580 
894.000000	 0.991486 
892.000000	 1.038559 
890.000000	 1.089857 
888.000000	 1.142016 
886.000000	 1.186557 
884.000000	 1.222580 
882.000000	 1.249903 
880.000000	 1.269644 
878.000000	 1.278471 
876.000000	 1.271209 
874.000000	 1.256427 
872.000000	 1.237647 
870.000000	 1.215012 
868.000000	 1.191616 
866.000000	 1.168367 
864.000000	 1.150435 
862.000000	 1.137257 
860.000000	 1.123958 
858.000000	 1.110732 
856.000000	 1.100190 
854.000000	 1.093608 
852.000000	 1.090145 
850.000000	 1.087819 
848.000000	 1.085379 
846.000000	 1.079071 
844.000000	 1.067593 
842.000000	 1.054938 
840.000000	 1.039115 
838.000000	 1.019882 
836.000000	 0.996435 
834.000000	 0.964860 
832.000000	 0.926604 
830.000000	 0.883220 
828.000000	 0.834824 
826.000000	 0.787401 
824.000000	 0.745715 
822.000000	 0.712142 
820.000000	 0.686731 
818.000000	 0.667980 
816.000000	 0.653842 
814.000000	 0.642978 
812.000000	 0.635753 
810.000000	 0.630710 
808.000000	 0.625524 
806.000000	 0.619526 
804.000000	 0.615465 
802.000000	 0.611619 
800.000000	 0.605885 
798.000000	 0.600325 
796.000000	 0.595512 
794.000000	 0.590631 
792.000000	 0.584738 
790.000000	 0.579307 
788.000000	 0.574926 
786.000000	 0.570805 
784.000000	 0.567097 
782.000000	 0.564056 
780.000000	 0.560993 
778.000000	 0.558436 
776.000000	 0.556407 
774.000000	 0.553898 
772.000000	 0.551053 
770.000000	 0.549014 
768.000000	 0.548227 
766.000000	 0.547678 
764.000000	 0.546588 
762.000000	 0.545484 
760.000000	 0.545112 
758.000000	 0.543890 
756.000000	 0.542656 
754.000000	 0.542073 
752.000000	 0.541196 
750.000000	 0.540479 
748.000000	 0.538806 
746.000000	 0.535737 
744.000000	 0.532320 
742.000000	 0.529652 
740.000000	 0.525621 
738.000000	 0.520774 
736.000000	 0.517265 
734.000000	 0.513053 
732.000000	 0.507788 
730.000000	 0.502880 
728.000000	 0.497926 
726.000000	 0.492534 
724.000000	 0.488044 
722.000000	 0.484674 
720.000000	 0.481029 
718.000000	 0.478148 
716.000000	 0.476166 
714.000000	 0.473942 
712.000000	 0.471875 
710.000000	 0.468953 
708.000000	 0.463780 
706.000000	 0.457328 
704.000000	 0.449061 
702.000000	 0.439282 
700.000000	 0.429482 
698.000000	 0.420978 
696.000000	 0.413258 
694.000000	 0.406310 
692.000000	 0.400382 
690.000000	 0.394757 
688.000000	 0.389495 
686.000000	 0.385047 
684.000000	 0.381969 
682.000000	 0.379950 
680.000000	 0.377005 
678.000000	 0.373741 
676.000000	 0.371003 
674.000000	 0.367646 
672.000000	 0.364901 
670.000000	 0.363290 
668.000000	 0.363280 
666.000000	 0.359780 
664.000000	 0.355232 
662.000000	 0.352694 
660.000000	 0.350381 
658.000000	 0.348399 
656.000000	 0.346729 
654.000000	 0.345204 
652.000000	 0.342772 
650.000000	 0.340451 
648.000000	 0.338136 
646.000000	 0.335487 
644.000000	 0.333267 
642.000000	 0.330943 
640.000000	 0.328484 
638.000000	 0.326336 
636.000000	 0.324066 
634.000000	 0.321482 
632.000000	 0.318436 
630.000000	 0.314477 
628.000000	 0.309687 
626.000000	 0.304730 
624.000000	 0.299278 
622.000000	 0.294464 
620.000000	 0.289889 
618.000000	 0.285712 
616.000000	 0.281767 
614.000000	 0.276867 
612.000000	 0.272160 
610.000000	 0.268002 
608.000000	 0.264153 
606.000000	 0.260442 
604.000000	 0.256971 
602.000000	 0.254393 
600.000000	 0.251095 
598.000000	 0.246232 
596.000000	 0.242121 
594.000000	 0.238759 
592.000000	 0.235956 
590.000000	 0.231970 
588.000000	 0.228611 
586.000000	 0.225628 
584.000000	 0.221589 
582.000000	 0.217970 
580.000000	 0.214685 
578.000000	 0.211714 
576.000000	 0.209321 
574.000000	 0.205758 
572.000000	 0.202649 
570.000000	 0.200508 
568.000000	 0.198341 
566.000000	 0.196387 
564.000000	 0.194371 
562.000000	 0.192152 
560.000000	 0.190550 
558.000000	 0.189604 
556.000000	 0.188185 
554.000000	 0.186668 
552.000000	 0.185925 
550.000000	 0.186172 
548.000000	 0.184831 
546.000000	 0.182841 
544.000000	 0.182789 
542.000000	 0.183893 
540.000000	 0.184943 
538.000000	 0.186209 
536.000000	 0.186315 
534.000000	 0.185885 
532.000000	 0.186002 
530.000000	 0.186450 
528.000000	 0.188349 
526.000000	 0.190006 
524.000000	 0.189583 
522.000000	 0.190285 
520.000000	 0.193148 
518.000000	 0.195980 
516.000000	 0.198126 
514.000000	 0.199151 
512.000000	 0.201209 
510.000000	 0.205385 
508.000000	 0.209832 
506.000000	 0.214182 
504.000000	 0.220461 
502.000000	 0.229105 
500.000000	 0.236064 
498.000000	 0.243822 
496.000000	 0.255245 
494.000000	 0.268846 
492.000000	 0.282554 
490.000000	 0.295113 
488.000000	 0.309306 
486.000000	 0.325901 
484.000000	 0.340606 
482.000000	 0.355997 
480.000000	 0.371893 
478.000000	 0.386456 
476.000000	 0.400282 
474.000000	 0.414201 
472.000000	 0.429066 
470.000000	 0.440327 
468.000000	 0.448105 
466.000000	 0.452549 
464.000000	 0.456852 
462.000000	 0.465041 
460.000000	 0.470252 
458.000000	 0.473521 
456.000000	 0.476389 
454.000000	 0.475161 
452.000000	 0.472770 
450.000000	 0.473661 

