4400.000000	1.672895 
4398.000000	1.668293 
4396.000000	1.680959 
4394.000000	1.684279 
4392.000000	1.676213 
4390.000000	1.671197 
4388.000000	1.675923 
4386.000000	1.688446 
4384.000000	1.688148 
4382.000000	1.679100 
4380.000000	1.672919 
4378.000000	1.667668 
4376.000000	1.668752 
4374.000000	1.675035 
4372.000000	1.677117 
4370.000000	1.678522 
4368.000000	1.674438 
4366.000000	1.672539 
4364.000000	1.681118 
4362.000000	1.682137 
4360.000000	1.685186 
4358.000000	1.692537 
4356.000000	1.688967 
4354.000000	1.670726 
4352.000000	1.663560 
4350.000000	1.668211 
4348.000000	1.674805 
4346.000000	1.681854 
4344.000000	1.681282 
4342.000000	1.677708 
4340.000000	1.669661 
4338.000000	1.661708 
4336.000000	1.663937 
4334.000000	1.661551 
4332.000000	1.658197 
4330.000000	1.659306 
4328.000000	1.662621 
4326.000000	1.668955 
4324.000000	1.675133 
4322.000000	1.675712 
4320.000000	1.676291 
4318.000000	1.675050 
4316.000000	1.673226 
4314.000000	1.670911 
4312.000000	1.661338 
4310.000000	1.670004 
4308.000000	1.680711 
4306.000000	1.680671 
4304.000000	1.676847 
4302.000000	1.674516 
4300.000000	1.673881 
4298.000000	1.673837 
4296.000000	1.678029 
4294.000000	1.675898 
4292.000000	1.670804 
4290.000000	1.675869 
4288.000000	1.681963 
4286.000000	1.675574 
4284.000000	1.666591 
4282.000000	1.662478 
4280.000000	1.666202 
4278.000000	1.671868 
4276.000000	1.677329 
4274.000000	1.670571 
4272.000000	1.657171 
4270.000000	1.662926 
4268.000000	1.676468 
4266.000000	1.673295 
4264.000000	1.669854 
4262.000000	1.677477 
4260.000000	1.679185 
4258.000000	1.681978 
4256.000000	1.680413 
4254.000000	1.670309 
4252.000000	1.666706 
4250.000000	1.665109 
4248.000000	1.663379 
4246.000000	1.667221 
4244.000000	1.671241 
4242.000000	1.672422 
4240.000000	1.674066 
4238.000000	1.670571 
4236.000000	1.671304 
4234.000000	1.680086 
4232.000000	1.681829 
4230.000000	1.679526 
4228.000000	1.678088 
4226.000000	1.676807 
4224.000000	1.673197 
4222.000000	1.668202 
4220.000000	1.667634 
4218.000000	1.676571 
4216.000000	1.682491 
4214.000000	1.682855 
4212.000000	1.678893 
4210.000000	1.675339 
4208.000000	1.672983 
4206.000000	1.672968 
4204.000000	1.679853 
4202.000000	1.681749 
4200.000000	1.680175 
4198.000000	1.680343 
4196.000000	1.686305 
4194.000000	1.688466 
4192.000000	1.680046 
4190.000000	1.675874 
4188.000000	1.675687 
4186.000000	1.674776 
4184.000000	1.677600 
4182.000000	1.678414 
4180.000000	1.672038 
4178.000000	1.667688 
4176.000000	1.671299 
4174.000000	1.675928 
4172.000000	1.673900 
4170.000000	1.671357 
4168.000000	1.674624 
4166.000000	1.677782 
4164.000000	1.677039 
4162.000000	1.675432 
4160.000000	1.671736 
4158.000000	1.670954 
4156.000000	1.676733 
4154.000000	1.681222 
4152.000000	1.678918 
4150.000000	1.681689 
4148.000000	1.684664 
4146.000000	1.677142 
4144.000000	1.672374 
4142.000000	1.678735 
4140.000000	1.680974 
4138.000000	1.670159 
4136.000000	1.663488 
4134.000000	1.670256 
4132.000000	1.679298 
4130.000000	1.685687 
4128.000000	1.682775 
4126.000000	1.679967 
4124.000000	1.683704 
4122.000000	1.684649 
4120.000000	1.686335 
4118.000000	1.684800 
4116.000000	1.678764 
4114.000000	1.675785 
4112.000000	1.675403 
4110.000000	1.678542 
4108.000000	1.684264 
4106.000000	1.685953 
4104.000000	1.682695 
4102.000000	1.678720 
4100.000000	1.673168 
4098.000000	1.672817 
4096.000000	1.680855 
4094.000000	1.685135 
4092.000000	1.679140 
4090.000000	1.672106 
4088.000000	1.671493 
4086.000000	1.674820 
4084.000000	1.678651 
4082.000000	1.676227 
4080.000000	1.675226 
4078.000000	1.675261 
4076.000000	1.672301 
4074.000000	1.675334 
4072.000000	1.681207 
4070.000000	1.688461 
4068.000000	1.687317 
4066.000000	1.675516 
4064.000000	1.668125 
4062.000000	1.680125 
4060.000000	1.693472 
4058.000000	1.684514 
4056.000000	1.671066 
4054.000000	1.672622 
4052.000000	1.674600 
4050.000000	1.670523 
4048.000000	1.667201 
4046.000000	1.663188 
4044.000000	1.661086 
4042.000000	1.660020 
4040.000000	1.659032 
4038.000000	1.663636 
4036.000000	1.670493 
4034.000000	1.667798 
4032.000000	1.660257 
4030.000000	1.659127 
4028.000000	1.665291 
4026.000000	1.666250 
4024.000000	1.664295 
4022.000000	1.670237 
4020.000000	1.677950 
4018.000000	1.673226 
4016.000000	1.662397 
4014.000000	1.661841 
4012.000000	1.662245 
4010.000000	1.666413 
4008.000000	1.675550 
4006.000000	1.674996 
4004.000000	1.671280 
4002.000000	1.667331 
4000.000000	1.668916 
3998.000000	1.672754 
3996.000000	1.665525 
3994.000000	1.658890 
3992.000000	1.658268 
3990.000000	1.662407 
3988.000000	1.661822 
3986.000000	1.660219 
3984.000000	1.665161 
3982.000000	1.664783 
3980.000000	1.658343 
3978.000000	1.659169 
3976.000000	1.667721 
3974.000000	1.667115 
3972.000000	1.661822 
3970.000000	1.663813 
3968.000000	1.665377 
3966.000000	1.664687 
3964.000000	1.668704 
3962.000000	1.674467 
3960.000000	1.674492 
3958.000000	1.665751 
3956.000000	1.661229 
3954.000000	1.661485 
3952.000000	1.661181 
3950.000000	1.659297 
3948.000000	1.656401 
3946.000000	1.663322 
3944.000000	1.667423 
3942.000000	1.670024 
3940.000000	1.676404 
3938.000000	1.677196 
3936.000000	1.669457 
3934.000000	1.666370 
3932.000000	1.677166 
3930.000000	1.681023 
3928.000000	1.670799 
3926.000000	1.663088 
3924.000000	1.667360 
3922.000000	1.671955 
3920.000000	1.674722 
3918.000000	1.669385 
3916.000000	1.667529 
3914.000000	1.662012 
3912.000000	1.656222 
3910.000000	1.656833 
3908.000000	1.657166 
3906.000000	1.654612 
3904.000000	1.659249 
3902.000000	1.664989 
3900.000000	1.667086 
3898.000000	1.673734 
3896.000000	1.673256 
3894.000000	1.661195 
3892.000000	1.663293 
3890.000000	1.672622 
3888.000000	1.661665 
3886.000000	1.657246 
3884.000000	1.668096 
3882.000000	1.669196 
3880.000000	1.670024 
3878.000000	1.668979 
3876.000000	1.663212 
3874.000000	1.670615 
3872.000000	1.670227 
3870.000000	1.654009 
3868.000000	1.658244 
3866.000000	1.661252 
3864.000000	1.669636 
3862.000000	1.672607 
3860.000000	1.666000 
3858.000000	1.658376 
3856.000000	1.636023 
3854.000000	1.640470 
3852.000000	1.682013 
3850.000000	1.679224 
3848.000000	1.663317 
3846.000000	1.653963 
3844.000000	1.650708 
3842.000000	1.655627 
3840.000000	1.658626 
3838.000000	1.671474 
3836.000000	1.681709 
3834.000000	1.680860 
3832.000000	1.683309 
3830.000000	1.678088 
3828.000000	1.664563 
3826.000000	1.665755 
3824.000000	1.667875 
3822.000000	1.667572 
3820.000000	1.683649 
3818.000000	1.678389 
3816.000000	1.667524 
3814.000000	1.678508 
3812.000000	1.678611 
3810.000000	1.667264 
3808.000000	1.658791 
3806.000000	1.665147 
3804.000000	1.667245 
3802.000000	1.666744 
3800.000000	1.678315 
3798.000000	1.675545 
3796.000000	1.669042 
3794.000000	1.669390 
3792.000000	1.671134 
3790.000000	1.671153 
3788.000000	1.663937 
3786.000000	1.658768 
3784.000000	1.660536 
3782.000000	1.663441 
3780.000000	1.668028 
3778.000000	1.671644 
3776.000000	1.669211 
3774.000000	1.666643 
3772.000000	1.663574 
3770.000000	1.661618 
3768.000000	1.661974 
3766.000000	1.665276 
3764.000000	1.670930 
3762.000000	1.662345 
3760.000000	1.652430 
3758.000000	1.660020 
3756.000000	1.664558 
3754.000000	1.659396 
3752.000000	1.660688 
3750.000000	1.668255 
3748.000000	1.669172 
3746.000000	1.663899 
3744.000000	1.670726 
3742.000000	1.674487 
3740.000000	1.670755 
3738.000000	1.662274 
3736.000000	1.654177 
3734.000000	1.669520 
3732.000000	1.684094 
3730.000000	1.681595 
3728.000000	1.670212 
3726.000000	1.663369 
3724.000000	1.662878 
3722.000000	1.668718 
3720.000000	1.676429 
3718.000000	1.678878 
3716.000000	1.675089 
3714.000000	1.660120 
3712.000000	1.657035 
3710.000000	1.683704 
3708.000000	1.688684 
3706.000000	1.671576 
3704.000000	1.662126 
3702.000000	1.673295 
3700.000000	1.684790 
3698.000000	1.682177 
3696.000000	1.674697 
3694.000000	1.668631 
3692.000000	1.667019 
3690.000000	1.666990 
3688.000000	1.678898 
3686.000000	1.689280 
3684.000000	1.685642 
3682.000000	1.676085 
3680.000000	1.661323 
3678.000000	1.648652 
3676.000000	1.657929 
3674.000000	1.678419 
3672.000000	1.677004 
3670.000000	1.676267 
3668.000000	1.691549 
3666.000000	1.688269 
3664.000000	1.673842 
3662.000000	1.669138 
3660.000000	1.673964 
3658.000000	1.677423 
3656.000000	1.682496 
3654.000000	1.680135 
3652.000000	1.665818 
3650.000000	1.671994 
3648.000000	1.701930 
3646.000000	1.708114 
3644.000000	1.695177 
3642.000000	1.677373 
3640.000000	1.676384 
3638.000000	1.679427 
3636.000000	1.681953 
3634.000000	1.679457 
3632.000000	1.667644 
3630.000000	1.667818 
3628.000000	1.702911 
3626.000000	1.713704 
3624.000000	1.696848 
3622.000000	1.687836 
3620.000000	1.688476 
3618.000000	1.686134 
3616.000000	1.678967 
3614.000000	1.673295 
3612.000000	1.674575 
3610.000000	1.671707 
3608.000000	1.674404 
3606.000000	1.682277 
3604.000000	1.682421 
3602.000000	1.677925 
3600.000000	1.678577 
3598.000000	1.674854 
3596.000000	1.666206 
3594.000000	1.670620 
3592.000000	1.675300 
3590.000000	1.668713 
3588.000000	1.665463 
3586.000000	1.678572 
3584.000000	1.685100 
3582.000000	1.681834 
3580.000000	1.677871 
3578.000000	1.677901 
3576.000000	1.671236 
3574.000000	1.667403 
3572.000000	1.672437 
3570.000000	1.671829 
3568.000000	1.665669 
3566.000000	1.667548 
3564.000000	1.670319 
3562.000000	1.665305 
3560.000000	1.666278 
3558.000000	1.670673 
3556.000000	1.666303 
3554.000000	1.665152 
3552.000000	1.669815 
3550.000000	1.671012 
3548.000000	1.671416 
3546.000000	1.679823 
3544.000000	1.679907 
3542.000000	1.679323 
3540.000000	1.676802 
3538.000000	1.671396 
3536.000000	1.666547 
3534.000000	1.664023 
3532.000000	1.667562 
3530.000000	1.668129 
3528.000000	1.663885 
3526.000000	1.668689 
3524.000000	1.676684 
3522.000000	1.676129 
3520.000000	1.674233 
3518.000000	1.668897 
3516.000000	1.662978 
3514.000000	1.664563 
3512.000000	1.671168 
3510.000000	1.672783 
3508.000000	1.671202 
3506.000000	1.668675 
3504.000000	1.670906 
3502.000000	1.673485 
3500.000000	1.672427 
3498.000000	1.664362 
3496.000000	1.658061 
3494.000000	1.660243 
3492.000000	1.665708 
3490.000000	1.674115 
3488.000000	1.682302 
3486.000000	1.673920 
3484.000000	1.663002 
3482.000000	1.664405 
3480.000000	1.667355 
3478.000000	1.668848 
3476.000000	1.668911 
3474.000000	1.673978 
3472.000000	1.681575 
3470.000000	1.680210 
3468.000000	1.668931 
3466.000000	1.669501 
3464.000000	1.675476 
3462.000000	1.670639 
3460.000000	1.666077 
3458.000000	1.665377 
3456.000000	1.666461 
3454.000000	1.667822 
3452.000000	1.667071 
3450.000000	1.668617 
3448.000000	1.668612 
3446.000000	1.665727 
3444.000000	1.657797 
3442.000000	1.657623 
3440.000000	1.664468 
3438.000000	1.667437 
3436.000000	1.667341 
3434.000000	1.663360 
3432.000000	1.663679 
3430.000000	1.672281 
3428.000000	1.672773 
3426.000000	1.664224 
3424.000000	1.663050 
3422.000000	1.668255 
3420.000000	1.670784 
3418.000000	1.669457 
3416.000000	1.661566 
3414.000000	1.658386 
3412.000000	1.662864 
3410.000000	1.667736 
3408.000000	1.669414 
3406.000000	1.664401 
3404.000000	1.654215 
3402.000000	1.656664 
3400.000000	1.667095 
3398.000000	1.670416 
3396.000000	1.671197 
3394.000000	1.669985 
3392.000000	1.661623 
3390.000000	1.657613 
3388.000000	1.660011 
3386.000000	1.660854 
3384.000000	1.652863 
3382.000000	1.647838 
3380.000000	1.655627 
3378.000000	1.661979 
3376.000000	1.660508 
3374.000000	1.661233 
3372.000000	1.661613 
3370.000000	1.662126 
3368.000000	1.661224 
3366.000000	1.657086 
3364.000000	1.659940 
3362.000000	1.669612 
3360.000000	1.675560 
3358.000000	1.668839 
3356.000000	1.658164 
3354.000000	1.659415 
3352.000000	1.661623 
3350.000000	1.658419 
3348.000000	1.656509 
3346.000000	1.654430 
3344.000000	1.652026 
3342.000000	1.652235 
3340.000000	1.656063 
3338.000000	1.661703 
3336.000000	1.663050 
3334.000000	1.661134 
3332.000000	1.659202 
3330.000000	1.658480 
3328.000000	1.661342 
3326.000000	1.660361 
3324.000000	1.661865 
3322.000000	1.661020 
3320.000000	1.655889 
3318.000000	1.654593 
3316.000000	1.654991 
3314.000000	1.656255 
3312.000000	1.660219 
3310.000000	1.657623 
3308.000000	1.654131 
3306.000000	1.656856 
3304.000000	1.661551 
3302.000000	1.657684 
3300.000000	1.650042 
3298.000000	1.650079 
3296.000000	1.650745 
3294.000000	1.654700 
3292.000000	1.659906 
3290.000000	1.655014 
3288.000000	1.647447 
3286.000000	1.648506 
3284.000000	1.653100 
3282.000000	1.652439 
3280.000000	1.650926 
3278.000000	1.653272 
3276.000000	1.654677 
3274.000000	1.656946 
3272.000000	1.656180 
3270.000000	1.649621 
3268.000000	1.649251 
3266.000000	1.653487 
3264.000000	1.656946 
3262.000000	1.657373 
3260.000000	1.652849 
3258.000000	1.649247 
3256.000000	1.649533 
3254.000000	1.649884 
3252.000000	1.649168 
3250.000000	1.647167 
3248.000000	1.651552 
3246.000000	1.659358 
3244.000000	1.656960 
3242.000000	1.652523 
3240.000000	1.648308 
3238.000000	1.645873 
3236.000000	1.643306 
3234.000000	1.641226 
3232.000000	1.642465 
3230.000000	1.645864 
3228.000000	1.647185 
3226.000000	1.649224 
3224.000000	1.647673 
3222.000000	1.646382 
3220.000000	1.653086 
3218.000000	1.653231 
3216.000000	1.648096 
3214.000000	1.646556 
3212.000000	1.645736 
3210.000000	1.648206 
3208.000000	1.648252 
3206.000000	1.646988 
3204.000000	1.651821 
3202.000000	1.653771 
3200.000000	1.648008 
3198.000000	1.648331 
3196.000000	1.651761 
3194.000000	1.649695 
3192.000000	1.648781 
3190.000000	1.649616 
3188.000000	1.648679 
3186.000000	1.649219 
3184.000000	1.648606 
3182.000000	1.643343 
3180.000000	1.639340 
3178.000000	1.643070 
3176.000000	1.648601 
3174.000000	1.652374 
3172.000000	1.649935 
3170.000000	1.644912 
3168.000000	1.648229 
3166.000000	1.648114 
3164.000000	1.644392 
3162.000000	1.645612 
3160.000000	1.649663 
3158.000000	1.649298 
3156.000000	1.646758 
3154.000000	1.646520 
3152.000000	1.641552 
3150.000000	1.638159 
3148.000000	1.639692 
3146.000000	1.640316 
3144.000000	1.642224 
3142.000000	1.648045 
3140.000000	1.653692 
3138.000000	1.650315 
3136.000000	1.640121 
3134.000000	1.636484 
3132.000000	1.640103 
3130.000000	1.642970 
3128.000000	1.640764 
3126.000000	1.641217 
3124.000000	1.643853 
3122.000000	1.643352 
3120.000000	1.643748 
3118.000000	1.647999 
3116.000000	1.651260 
3114.000000	1.649284 
3112.000000	1.643680 
3110.000000	1.642979 
3108.000000	1.646290 
3106.000000	1.646666 
3104.000000	1.643388 
3102.000000	1.642897 
3100.000000	1.644236 
3098.000000	1.639471 
3096.000000	1.636032 
3094.000000	1.638538 
3092.000000	1.640610 
3090.000000	1.641194 
3088.000000	1.642292 
3086.000000	1.641162 
3084.000000	1.638047 
3082.000000	1.635660 
3080.000000	1.637975 
3078.000000	1.642506 
3076.000000	1.646763 
3074.000000	1.648193 
3072.000000	1.646928 
3070.000000	1.643334 
3068.000000	1.638560 
3066.000000	1.638258 
3064.000000	1.644077 
3062.000000	1.647268 
3060.000000	1.641575 
3058.000000	1.642515 
3056.000000	1.646543 
3054.000000	1.643206 
3052.000000	1.639096 
3050.000000	1.638051 
3048.000000	1.638659 
3046.000000	1.638754 
3044.000000	1.638988 
3042.000000	1.641031 
3040.000000	1.639313 
3038.000000	1.643698 
3036.000000	1.647544 
3034.000000	1.644560 
3032.000000	1.644287 
3030.000000	1.644223 
3028.000000	1.639972 
3026.000000	1.641561 
3024.000000	1.641929 
3022.000000	1.637440 
3020.000000	1.635835 
3018.000000	1.635682 
3016.000000	1.639773 
3014.000000	1.641049 
3012.000000	1.636170 
3010.000000	1.635222 
3008.000000	1.637912 
3006.000000	1.637804 
3004.000000	1.635329 
3002.000000	1.630280 
3000.000000	1.632810 
2998.000000	1.637166 
2996.000000	1.640456 
2994.000000	1.644296 
2992.000000	1.640601 
2990.000000	1.640266 
2988.000000	1.642351 
2986.000000	1.642283 
2984.000000	1.643931 
2982.000000	1.647006 
2980.000000	1.644068 
2978.000000	1.641670 
2976.000000	1.641997 
2974.000000	1.644086 
2972.000000	1.648998 
2970.000000	1.648469 
2968.000000	1.640655 
2966.000000	1.637791 
2964.000000	1.643853 
2962.000000	1.646731 
2960.000000	1.645045 
2958.000000	1.644940 
2956.000000	1.648689 
2954.000000	1.650991 
2952.000000	1.644972 
2950.000000	1.642838 
2948.000000	1.645791 
2946.000000	1.649191 
2944.000000	1.648455 
2942.000000	1.646396 
2940.000000	1.645022 
2938.000000	1.642419 
2936.000000	1.644305 
2934.000000	1.649081 
2932.000000	1.649709 
2930.000000	1.656054 
2928.000000	1.660991 
2926.000000	1.658273 
2924.000000	1.658150 
2922.000000	1.658192 
2920.000000	1.656762 
2918.000000	1.653203 
2916.000000	1.649145 
2914.000000	1.644611 
2912.000000	1.640904 
2910.000000	1.643894 
2908.000000	1.648529 
2906.000000	1.648924 
2904.000000	1.644999 
2902.000000	1.638475 
2900.000000	1.636592 
2898.000000	1.635052 
2896.000000	1.632890 
2894.000000	1.636919 
2892.000000	1.638168 
2890.000000	1.631554 
2888.000000	1.629288 
2886.000000	1.631284 
2884.000000	1.636538 
2882.000000	1.644547 
2880.000000	1.640814 
2878.000000	1.634516 
2876.000000	1.635106 
2874.000000	1.638677 
2872.000000	1.639539 
2870.000000	1.632047 
2868.000000	1.629138 
2866.000000	1.637121 
2864.000000	1.641516 
2862.000000	1.645191 
2860.000000	1.645653 
2858.000000	1.640768 
2856.000000	1.637791 
2854.000000	1.635817 
2852.000000	1.636135 
2850.000000	1.643671 
2848.000000	1.645667 
2846.000000	1.638889 
2844.000000	1.631585 
2842.000000	1.630616 
2840.000000	1.633393 
2838.000000	1.629818 
2836.000000	1.631014 
2834.000000	1.632264 
2832.000000	1.629518 
2830.000000	1.627700 
2828.000000	1.632016 
2826.000000	1.632477 
2824.000000	1.629549 
2822.000000	1.628425 
2820.000000	1.626616 
2818.000000	1.621709 
2816.000000	1.622629 
2814.000000	1.626340 
2812.000000	1.626712 
2810.000000	1.625600 
2808.000000	1.620407 
2806.000000	1.618545 
2804.000000	1.624744 
2802.000000	1.628077 
2800.000000	1.624452 
2798.000000	1.622282 
2796.000000	1.621549 
2794.000000	1.622955 
2792.000000	1.625085 
2790.000000	1.625622 
2788.000000	1.625535 
2786.000000	1.624452 
2784.000000	1.622725 
2782.000000	1.621099 
2780.000000	1.619630 
2778.000000	1.621056 
2776.000000	1.622668 
2774.000000	1.620792 
2772.000000	1.623329 
2770.000000	1.624465 
2768.000000	1.619441 
2766.000000	1.620006 
2764.000000	1.624640 
2762.000000	1.624579 
2760.000000	1.625631 
2758.000000	1.628878 
2756.000000	1.626914 
2754.000000	1.623068 
2752.000000	1.620679 
2750.000000	1.620891 
2748.000000	1.622981 
2746.000000	1.622642 
2744.000000	1.622282 
2742.000000	1.626060 
2740.000000	1.626717 
2738.000000	1.626958 
2736.000000	1.628258 
2734.000000	1.624666 
2732.000000	1.623825 
2730.000000	1.625246 
2728.000000	1.625539 
2726.000000	1.625329 
2724.000000	1.621064 
2722.000000	1.619548 
2720.000000	1.622698 
2718.000000	1.623890 
2716.000000	1.622247 
2714.000000	1.621471 
2712.000000	1.618171 
2710.000000	1.620528 
2708.000000	1.624008 
2706.000000	1.622811 
2704.000000	1.622039 
2702.000000	1.621129 
2700.000000	1.618296 
2698.000000	1.617419 
2696.000000	1.619165 
2694.000000	1.616742 
2692.000000	1.611482 
2690.000000	1.610058 
2688.000000	1.611338 
2686.000000	1.612049 
2684.000000	1.617321 
2682.000000	1.620109 
2680.000000	1.616644 
2678.000000	1.616888 
2676.000000	1.618021 
2674.000000	1.619268 
2672.000000	1.618394 
2670.000000	1.613975 
2668.000000	1.614593 
2666.000000	1.618463 
2664.000000	1.621835 
2662.000000	1.621380 
2660.000000	1.619648 
2658.000000	1.617471 
2656.000000	1.612223 
2654.000000	1.608702 
2652.000000	1.606592 
2650.000000	1.610273 
2648.000000	1.614218 
2646.000000	1.612891 
2644.000000	1.610471 
2642.000000	1.609940 
2640.000000	1.613792 
2638.000000	1.617368 
2636.000000	1.615972 
2634.000000	1.612946 
2632.000000	1.610226 
2630.000000	1.612789 
2628.000000	1.614384 
2626.000000	1.610142 
2624.000000	1.604996 
2622.000000	1.606081 
2620.000000	1.610020 
2618.000000	1.609784 
2616.000000	1.610113 
2614.000000	1.614465 
2612.000000	1.613495 
2610.000000	1.608281 
2608.000000	1.603734 
2606.000000	1.604417 
2604.000000	1.611287 
2602.000000	1.614009 
2600.000000	1.608050 
2598.000000	1.603290 
2596.000000	1.603477 
2594.000000	1.604971 
2592.000000	1.605780 
2590.000000	1.607861 
2588.000000	1.609914 
2586.000000	1.610970 
2584.000000	1.610062 
2582.000000	1.608870 
2580.000000	1.610336 
2578.000000	1.609539 
2576.000000	1.604021 
2574.000000	1.600665 
2572.000000	1.603381 
2570.000000	1.608836 
2568.000000	1.609308 
2566.000000	1.603427 
2564.000000	1.603327 
2562.000000	1.604538 
2560.000000	1.605109 
2558.000000	1.602431 
2556.000000	1.599416 
2554.000000	1.599634 
2552.000000	1.597342 
2550.000000	1.596880 
2548.000000	1.599605 
2546.000000	1.600368 
2544.000000	1.601053 
2542.000000	1.601727 
2540.000000	1.601351 
2538.000000	1.599857 
2536.000000	1.601760 
2534.000000	1.603178 
2532.000000	1.602311 
2530.000000	1.603298 
2528.000000	1.601644 
2526.000000	1.601264 
2524.000000	1.601715 
2522.000000	1.599721 
2520.000000	1.596921 
2518.000000	1.596050 
2516.000000	1.597264 
2514.000000	1.599889 
2512.000000	1.600603 
2510.000000	1.598052 
2508.000000	1.597178 
2506.000000	1.595552 
2504.000000	1.591243 
2502.000000	1.593515 
2500.000000	1.598376 
2498.000000	1.601189 
2496.000000	1.597232 
2494.000000	1.591703 
2492.000000	1.592736 
2490.000000	1.596626 
2488.000000	1.600867 
2486.000000	1.599548 
2484.000000	1.595809 
2482.000000	1.593198 
2480.000000	1.592947 
2478.000000	1.598327 
2476.000000	1.599321 
2474.000000	1.594083 
2472.000000	1.587758 
2470.000000	1.585014 
2468.000000	1.586075 
2466.000000	1.587646 
2464.000000	1.590347 
2462.000000	1.592574 
2460.000000	1.591133 
2458.000000	1.588264 
2456.000000	1.589332 
2454.000000	1.594580 
2452.000000	1.597240 
2450.000000	1.592667 
2448.000000	1.589561 
2446.000000	1.592254 
2444.000000	1.588745 
2442.000000	1.581995 
2440.000000	1.580554 
2438.000000	1.579098 
2436.000000	1.580893 
2434.000000	1.583790 
2432.000000	1.586466 
2430.000000	1.587979 
2428.000000	1.583536 
2426.000000	1.579982 
2424.000000	1.584143 
2422.000000	1.590294 
2420.000000	1.593206 
2418.000000	1.588232 
2416.000000	1.581884 
2414.000000	1.581651 
2412.000000	1.585110 
2410.000000	1.589324 
2408.000000	1.589433 
2406.000000	1.584048 
2404.000000	1.580711 
2402.000000	1.581216 
2400.000000	1.582078 
2398.000000	1.582145 
2396.000000	1.579412 
2394.000000	1.579302 
2392.000000	1.584680 
2390.000000	1.585795 
2388.000000	1.582869 
2386.000000	1.578448 
2384.000000	1.578248 
2382.000000	1.580179 
2380.000000	1.578331 
2378.000000	1.577371 
2376.000000	1.580408 
2374.000000	1.585090 
2372.000000	1.587130 
2370.000000	1.590000 
2368.000000	1.600409 
2366.000000	1.613269 
2364.000000	1.617158 
2362.000000	1.613422 
2360.000000	1.603099 
2358.000000	1.602249 
2356.000000	1.610307 
2354.000000	1.612303 
2352.000000	1.611587 
2350.000000	1.603028 
2348.000000	1.586606 
2346.000000	1.578099 
2344.000000	1.580660 
2342.000000	1.586878 
2340.000000	1.594437 
2338.000000	1.599461 
2336.000000	1.600244 
2334.000000	1.595297 
2332.000000	1.589775 
2330.000000	1.591634 
2328.000000	1.602332 
2326.000000	1.607455 
2324.000000	1.604850 
2322.000000	1.602593 
2320.000000	1.602100 
2318.000000	1.604113 
2316.000000	1.599807 
2314.000000	1.595313 
2312.000000	1.592436 
2310.000000	1.587302 
2308.000000	1.588288 
2306.000000	1.592659 
2304.000000	1.593677 
2302.000000	1.591024 
2300.000000	1.582358 
2298.000000	1.576992 
2296.000000	1.580924 
2294.000000	1.589545 
2292.000000	1.589602 
2290.000000	1.585803 
2288.000000	1.584982 
2286.000000	1.581204 
2284.000000	1.583056 
2282.000000	1.586726 
2280.000000	1.583178 
2278.000000	1.583754 
2276.000000	1.588019 
2274.000000	1.587634 
2272.000000	1.588978 
2270.000000	1.593941 
2268.000000	1.597101 
2266.000000	1.601785 
2264.000000	1.602423 
2262.000000	1.600611 
2260.000000	1.599478 
2258.000000	1.598552 
2256.000000	1.597088 
2254.000000	1.596352 
2252.000000	1.600091 
2250.000000	1.603377 
2248.000000	1.604100 
2246.000000	1.606249 
2244.000000	1.609480 
2242.000000	1.610488 
2240.000000	1.609581 
2238.000000	1.611300 
2236.000000	1.612433 
2234.000000	1.611393 
2232.000000	1.611490 
2230.000000	1.609683 
2228.000000	1.609484 
2226.000000	1.611435 
2224.000000	1.610788 
2222.000000	1.613945 
2220.000000	1.617978 
2218.000000	1.619669 
2216.000000	1.620239 
2214.000000	1.617926 
2212.000000	1.620079 
2210.000000	1.626695 
2208.000000	1.626296 
2206.000000	1.625207 
2204.000000	1.629169 
2202.000000	1.633545 
2200.000000	1.637489 
2198.000000	1.640949 
2196.000000	1.640162 
2194.000000	1.638916 
2192.000000	1.642833 
2190.000000	1.648289 
2188.000000	1.652709 
2186.000000	1.653981 
2184.000000	1.649275 
2182.000000	1.645543 
2180.000000	1.649247 
2178.000000	1.652928 
2176.000000	1.652788 
2174.000000	1.655065 
2172.000000	1.655150 
2170.000000	1.652583 
2168.000000	1.653547 
2166.000000	1.657938 
2164.000000	1.663083 
2162.000000	1.670183 
2160.000000	1.679783 
2158.000000	1.687740 
2156.000000	1.697554 
2154.000000	1.712865 
2152.000000	1.731521 
2150.000000	1.756263 
2148.000000	1.779610 
2146.000000	1.792424 
2144.000000	1.802863 
2142.000000	1.817220 
2140.000000	1.832959 
2138.000000	1.838299 
2136.000000	1.839686 
2134.000000	1.839435 
2132.000000	1.835859 
2130.000000	1.842638 
2128.000000	1.850221 
2126.000000	1.859628 
2124.000000	1.880493 
2122.000000	1.895850 
2120.000000	1.913722 
2118.000000	1.955936 
2116.000000	1.990154 
2114.000000	1.999741 
2112.000000	2.001951 
2110.000000	1.995879 
2108.000000	1.986311 
2106.000000	1.978871 
2104.000000	1.981383 
2102.000000	1.986060 
2100.000000	1.970802 
2098.000000	1.941319 
2096.000000	1.929838 
2094.000000	1.939901 
2092.000000	1.955151 
2090.000000	1.966359 
2088.000000	1.964848 
2086.000000	1.960383 
2084.000000	1.963723 
2082.000000	1.964819 
2080.000000	1.949048 
2078.000000	1.927449 
2076.000000	1.910548 
2074.000000	1.879894 
2072.000000	1.842738 
2070.000000	1.808786 
2068.000000	1.770264 
2066.000000	1.729279 
2064.000000	1.694782 
2062.000000	1.664654 
2060.000000	1.639539 
2058.000000	1.622885 
2056.000000	1.608034 
2054.000000	1.593381 
2052.000000	1.582117 
2050.000000	1.576414 
2048.000000	1.572516 
2046.000000	1.568633 
2044.000000	1.564838 
2042.000000	1.561003 
2040.000000	1.558186 
2038.000000	1.555492 
2036.000000	1.554533 
2034.000000	1.552892 
2032.000000	1.551670 
2030.000000	1.549301 
2028.000000	1.546434 
2026.000000	1.546157 
2024.000000	1.544231 
2022.000000	1.543757 
2020.000000	1.543113 
2018.000000	1.540136 
2016.000000	1.539673 
2014.000000	1.535841 
2012.000000	1.535863 
2010.000000	1.539670 
2008.000000	1.538319 
2006.000000	1.538405 
2004.000000	1.539655 
2002.000000	1.540151 
2000.000000	1.541035 
1998.000000	1.538570 
1996.000000	1.534847 
1994.000000	1.530356 
1992.000000	1.529448 
1990.000000	1.530662 
1988.000000	1.530332 
1986.000000	1.531583 
1984.000000	1.528153 
1982.000000	1.522631 
1980.000000	1.522900 
1978.000000	1.526128 
1976.000000	1.526553 
1974.000000	1.524030 
1972.000000	1.521336 
1970.000000	1.521535 
1968.000000	1.522841 
1966.000000	1.525548 
1964.000000	1.525538 
1962.000000	1.520316 
1960.000000	1.516499 
1958.000000	1.518654 
1956.000000	1.517810 
1954.000000	1.519106 
1952.000000	1.519661 
1950.000000	1.516894 
1948.000000	1.516836 
1946.000000	1.516975 
1944.000000	1.516043 
1942.000000	1.518356 
1940.000000	1.517459 
1938.000000	1.514260 
1936.000000	1.512865 
1934.000000	1.509760 
1932.000000	1.510923 
1930.000000	1.514423 
1928.000000	1.514568 
1926.000000	1.511115 
1924.000000	1.511155 
1922.000000	1.515867 
1920.000000	1.513290 
1918.000000	1.515151 
1916.000000	1.519425 
1914.000000	1.510856 
1912.000000	1.505442 
1910.000000	1.507919 
1908.000000	1.512093 
1906.000000	1.509971 
1904.000000	1.506451 
1902.000000	1.504593 
1900.000000	1.502827 
1898.000000	1.497170 
1896.000000	1.496277 
1894.000000	1.504980 
1892.000000	1.504867 
1890.000000	1.501333 
1888.000000	1.504523 
1886.000000	1.500412 
1884.000000	1.497521 
1882.000000	1.498450 
1880.000000	1.497769 
1878.000000	1.498124 
1876.000000	1.497661 
1874.000000	1.494492 
1872.000000	1.489086 
1870.000000	1.489205 
1868.000000	1.502524 
1866.000000	1.506581 
1864.000000	1.499757 
1862.000000	1.494573 
1860.000000	1.492972 
1858.000000	1.491962 
1856.000000	1.491394 
1854.000000	1.488490 
1852.000000	1.487182 
1850.000000	1.487633 
1848.000000	1.485843 
1846.000000	1.480699 
1844.000000	1.490323 
1842.000000	1.500395 
1840.000000	1.491006 
1838.000000	1.484959 
1836.000000	1.483501 
1834.000000	1.479199 
1832.000000	1.470783 
1830.000000	1.475754 
1828.000000	1.484533 
1826.000000	1.482771 
1824.000000	1.485599 
1822.000000	1.479802 
1820.000000	1.473731 
1818.000000	1.476817 
1816.000000	1.481577 
1814.000000	1.480339 
1812.000000	1.476061 
1810.000000	1.475732 
1808.000000	1.475064 
1806.000000	1.473143 
1804.000000	1.472070 
1802.000000	1.470514 
1800.000000	1.470850 
1798.000000	1.469216 
1796.000000	1.465514 
1794.000000	1.459667 
1792.000000	1.474144 
1790.000000	1.486185 
1788.000000	1.474153 
1786.000000	1.465022 
1784.000000	1.464584 
1782.000000	1.462024 
1780.000000	1.467934 
1778.000000	1.471255 
1776.000000	1.459560 
1774.000000	1.450721 
1772.000000	1.466644 
1770.000000	1.477118 
1768.000000	1.469106 
1766.000000	1.464729 
1764.000000	1.453209 
1762.000000	1.454767 
1760.000000	1.460608 
1758.000000	1.451627 
1756.000000	1.457234 
1754.000000	1.453312 
1752.000000	1.444474 
1750.000000	1.453673 
1748.000000	1.458746 
1746.000000	1.459288 
1744.000000	1.456555 
1742.000000	1.453018 
1740.000000	1.451525 
1738.000000	1.454068 
1736.000000	1.429049 
1734.000000	1.442654 
1732.000000	1.472805 
1730.000000	1.462606 
1728.000000	1.457364 
1726.000000	1.449300 
1724.000000	1.444698 
1722.000000	1.442783 
1720.000000	1.431256 
1718.000000	1.438276 
1716.000000	1.460659 
1714.000000	1.456457 
1712.000000	1.445024 
1710.000000	1.438242 
1708.000000	1.433461 
1706.000000	1.437918 
1704.000000	1.440916 
1702.000000	1.416890 
1700.000000	1.438435 
1698.000000	1.444569 
1696.000000	1.437842 
1694.000000	1.451030 
1692.000000	1.431359 
1690.000000	1.424235 
1688.000000	1.421177 
1686.000000	1.401448 
1684.000000	1.429538 
1682.000000	1.450595 
1680.000000	1.427517 
1678.000000	1.414021 
1676.000000	1.409311 
1674.000000	1.425099 
1672.000000	1.411298 
1670.000000	1.407520 
1668.000000	1.426891 
1666.000000	1.416925 
1664.000000	1.404118 
1662.000000	1.413940 
1660.000000	1.415150 
1658.000000	1.404225 
1656.000000	1.383129 
1654.000000	1.375529 
1652.000000	1.432182 
1650.000000	1.418923 
1648.000000	1.396212 
1646.000000	1.412396 
1644.000000	1.410991 
1642.000000	1.395671 
1640.000000	1.388972 
1638.000000	1.378251 
1636.000000	1.386890 
1634.000000	1.412150 
1632.000000	1.398896 
1630.000000	1.385534 
1628.000000	1.387320 
1626.000000	1.385134 
1624.000000	1.378749 
1622.000000	1.392230 
1620.000000	1.383499 
1618.000000	1.366340 
1616.000000	1.387108 
1614.000000	1.393427 
1612.000000	1.379490 
1610.000000	1.374716 
1608.000000	1.375074 
1606.000000	1.375020 
1604.000000	1.374650 
1602.000000	1.374030 
1600.000000	1.371100 
1598.000000	1.367008 
1596.000000	1.365705 
1594.000000	1.367550 
1592.000000	1.367097 
1590.000000	1.365537 
1588.000000	1.363117 
1586.000000	1.359198 
1584.000000	1.357431 
1582.000000	1.355277 
1580.000000	1.352646 
1578.000000	1.342572 
1576.000000	1.357764 
1574.000000	1.369517 
1572.000000	1.350237 
1570.000000	1.346146 
1568.000000	1.357511 
1566.000000	1.348078 
1564.000000	1.342641 
1562.000000	1.327241 
1560.000000	1.321562 
1558.000000	1.381312 
1556.000000	1.372580 
1554.000000	1.353052 
1552.000000	1.347427 
1550.000000	1.345180 
1548.000000	1.340089 
1546.000000	1.328810 
1544.000000	1.329946 
1542.000000	1.330309 
1540.000000	1.350264 
1538.000000	1.364392 
1536.000000	1.337528 
1534.000000	1.327756 
1532.000000	1.341433 
1530.000000	1.330983 
1528.000000	1.320365 
1526.000000	1.322627 
1524.000000	1.319632 
1522.000000	1.319071 
1520.000000	1.339433 
1518.000000	1.328481 
1516.000000	1.326252 
1514.000000	1.322827 
1512.000000	1.314459 
1510.000000	1.308267 
1508.000000	1.305377 
1506.000000	1.338642 
1504.000000	1.335055 
1502.000000	1.310816 
1500.000000	1.299918 
1498.000000	1.305185 
1496.000000	1.319902 
1494.000000	1.315590 
1492.000000	1.301525 
1490.000000	1.309870 
1488.000000	1.319732 
1486.000000	1.311868 
1484.000000	1.300540 
1482.000000	1.297136 
1480.000000	1.299373 
1478.000000	1.297186 
1476.000000	1.298532 
1474.000000	1.297722 
1472.000000	1.310619 
1470.000000	1.310712 
1468.000000	1.296431 
1466.000000	1.291499 
1464.000000	1.302540 
1462.000000	1.299812 
1460.000000	1.282638 
1458.000000	1.283103 
1456.000000	1.310449 
1454.000000	1.306213 
1452.000000	1.290667 
1450.000000	1.284767 
1448.000000	1.286825 
1446.000000	1.286674 
1444.000000	1.278027 
1442.000000	1.274430 
1440.000000	1.268761 
1438.000000	1.263233 
1436.000000	1.278707 
1434.000000	1.276554 
1432.000000	1.262098 
1430.000000	1.260373 
1428.000000	1.261840 
1426.000000	1.253750 
1424.000000	1.250660 
1422.000000	1.243408 
1420.000000	1.236302 
1418.000000	1.252034 
1416.000000	1.249213 
1414.000000	1.237404 
1412.000000	1.232404 
1410.000000	1.231002 
1408.000000	1.228772 
1406.000000	1.228842 
1404.000000	1.232986 
1402.000000	1.228103 
1400.000000	1.221135 
1398.000000	1.222056 
1396.000000	1.219608 
1394.000000	1.221894 
1392.000000	1.217941 
1390.000000	1.205102 
1388.000000	1.201815 
1386.000000	1.209612 
1384.000000	1.208936 
1382.000000	1.203707 
1380.000000	1.199444 
1378.000000	1.194720 
1376.000000	1.189233 
1374.000000	1.191479 
1372.000000	1.192879 
1370.000000	1.187908 
1368.000000	1.183934 
1366.000000	1.178690 
1364.000000	1.173356 
1362.000000	1.177780 
1360.000000	1.179336 
1358.000000	1.173455 
1356.000000	1.167523 
1354.000000	1.164719 
1352.000000	1.161869 
1350.000000	1.159439 
1348.000000	1.158415 
1346.000000	1.155869 
1344.000000	1.149729 
1342.000000	1.143939 
1340.000000	1.143232 
1338.000000	1.144123 
1336.000000	1.140880 
1334.000000	1.137366 
1332.000000	1.135689 
1330.000000	1.133723 
1328.000000	1.130876 
1326.000000	1.129606 
1324.000000	1.129846 
1322.000000	1.127044 
1320.000000	1.122934 
1318.000000	1.121787 
1316.000000	1.122671 
1314.000000	1.121081 
1312.000000	1.117935 
1310.000000	1.115408 
1308.000000	1.112525 
1306.000000	1.109537 
1304.000000	1.107390 
1302.000000	1.104393 
1300.000000	1.101351 
1298.000000	1.099160 
1296.000000	1.096567 
1294.000000	1.093158 
1292.000000	1.090217 
1290.000000	1.088394 
1288.000000	1.086857 
1286.000000	1.084411 
1284.000000	1.081368 
1282.000000	1.077889 
1280.000000	1.074810 
1278.000000	1.072495 
1276.000000	1.069076 
1274.000000	1.065654 
1272.000000	1.062735 
1270.000000	1.059502 
1268.000000	1.056808 
1266.000000	1.054416 
1264.000000	1.050704 
1262.000000	1.046895 
1260.000000	1.042831 
1258.000000	1.039143 
1256.000000	1.036215 
1254.000000	1.035053 
1252.000000	1.033218 
1250.000000	1.029849 
1248.000000	1.026715 
1246.000000	1.024913 
1244.000000	1.022314 
1242.000000	1.018250 
1240.000000	1.013532 
1238.000000	1.009647 
1236.000000	1.007532 
1234.000000	1.005991 
1232.000000	1.002771 
1230.000000	0.999280 
1228.000000	0.996619 
1226.000000	0.992980 
1224.000000	0.988860 
1222.000000	0.986244 
1220.000000	0.983983 
1218.000000	0.981110 
1216.000000	0.978240 
1214.000000	0.974694 
1212.000000	0.971357 
1210.000000	0.968912 
1208.000000	0.966509 
1206.000000	0.963662 
1204.000000	0.961855 
1202.000000	0.959673 
1200.000000	0.956123 
1198.000000	0.953699 
1196.000000	0.952264 
1194.000000	0.949809 
1192.000000	0.947772 
1190.000000	0.946461 
1188.000000	0.943905 
1186.000000	0.940973 
1184.000000	0.939712 
1182.000000	0.938730 
1180.000000	0.937075 
1178.000000	0.935016 
1176.000000	0.933118 
1174.000000	0.931621 
1172.000000	0.930526 
1170.000000	0.928886 
1168.000000	0.927474 
1166.000000	0.925804 
1164.000000	0.923250 
1162.000000	0.922332 
1160.000000	0.923118 
1158.000000	0.922390 
1156.000000	0.921411 
1154.000000	0.921551 
1152.000000	0.921377 
1150.000000	0.921869 
1148.000000	0.922663 
1146.000000	0.922925 
1144.000000	0.922740 
1142.000000	0.923606 
1140.000000	0.924138 
1138.000000	0.925094 
1136.000000	0.926627 
1134.000000	0.926804 
1132.000000	0.926314 
1130.000000	0.926902 
1128.000000	0.926488 
1126.000000	0.926058 
1124.000000	0.926063 
1122.000000	0.926729 
1120.000000	0.928298 
1118.000000	0.930580 
1116.000000	0.932744 
1114.000000	0.934614 
1112.000000	0.935913 
1110.000000	0.937317 
1108.000000	0.939290 
1106.000000	0.942498 
1104.000000	0.946694 
1102.000000	0.950427 
1100.000000	0.952133 
1098.000000	0.953025 
1096.000000	0.954582 
1094.000000	0.956117 
1092.000000	0.956321 
1090.000000	0.956776 
1088.000000	0.957160 
1086.000000	0.956185 
1084.000000	0.955795 
1082.000000	0.955382 
1080.000000	0.954592 
1078.000000	0.953689 
1076.000000	0.952023 
1074.000000	0.950566 
1072.000000	0.950660 
1070.000000	0.950289 
1068.000000	0.949109 
1066.000000	0.947935 
1064.000000	0.945852 
1062.000000	0.944031 
1060.000000	0.944014 
1058.000000	0.943966 
1056.000000	0.942588 
1054.000000	0.939395 
1052.000000	0.936905 
1050.000000	0.935856 
1048.000000	0.933356 
1046.000000	0.930588 
1044.000000	0.927784 
1042.000000	0.924031 
1040.000000	0.918455 
1038.000000	0.912623 
1036.000000	0.908634 
1034.000000	0.906049 
1032.000000	0.903103 
1030.000000	0.897507 
1028.000000	0.890027 
1026.000000	0.883918 
1024.000000	0.879132 
1022.000000	0.872492 
1020.000000	0.864583 
1018.000000	0.857192 
1016.000000	0.849040 
1014.000000	0.840511 
1012.000000	0.832827 
1010.000000	0.825351 
1008.000000	0.817179 
1006.000000	0.808742 
1004.000000	0.800138 
1002.000000	0.791813 
1000.000000	0.784090 
998.000000	 0.776924 
996.000000	 0.769484 
994.000000	 0.762189 
992.000000	 0.755763 
990.000000	 0.750669 
988.000000	 0.747411 
986.000000	 0.745160 
984.000000	 0.743986 
982.000000	 0.744844 
980.000000	 0.746864 
978.000000	 0.747353 
976.000000	 0.746634 
974.000000	 0.744160 
972.000000	 0.738688 
970.000000	 0.730195 
968.000000	 0.721577 
966.000000	 0.714068 
964.000000	 0.707065 
962.000000	 0.700792 
960.000000	 0.696157 
958.000000	 0.692528 
956.000000	 0.688402 
954.000000	 0.683855 
952.000000	 0.679675 
950.000000	 0.676023 
948.000000	 0.672939 
946.000000	 0.670752 
944.000000	 0.670722 
942.000000	 0.672562 
940.000000	 0.674695 
938.000000	 0.676556 
936.000000	 0.678576 
934.000000	 0.680607 
932.000000	 0.681864 
930.000000	 0.682763 
928.000000	 0.683569 
926.000000	 0.684669 
924.000000	 0.688141 
922.000000	 0.696141 
920.000000	 0.710136 
918.000000	 0.730367 
916.000000	 0.749862 
914.000000	 0.765440 
912.000000	 0.777704 
910.000000	 0.789911 
908.000000	 0.802741 
906.000000	 0.809402 
904.000000	 0.807703 
902.000000	 0.802258 
900.000000	 0.792886 
898.000000	 0.777256 
896.000000	 0.756555 
894.000000	 0.732106 
892.000000	 0.705948 
890.000000	 0.679232 
888.000000	 0.653197 
886.000000	 0.630928 
884.000000	 0.613776 
882.000000	 0.600638 
880.000000	 0.591208 
878.000000	 0.584271 
876.000000	 0.579273 
874.000000	 0.575889 
872.000000	 0.574468 
870.000000	 0.575023 
868.000000	 0.576395 
866.000000	 0.578143 
864.000000	 0.579625 
862.000000	 0.581074 
860.000000	 0.581940 
858.000000	 0.581157 
856.000000	 0.578461 
854.000000	 0.574663 
852.000000	 0.571478 
850.000000	 0.568648 
848.000000	 0.566417 
846.000000	 0.564970 
844.000000	 0.563014 
842.000000	 0.561153 
840.000000	 0.559638 
838.000000	 0.557711 
836.000000	 0.556106 
834.000000	 0.555033 
832.000000	 0.552947 
830.000000	 0.550163 
828.000000	 0.546845 
826.000000	 0.543270 
824.000000	 0.540856 
822.000000	 0.539447 
820.000000	 0.537221 
818.000000	 0.534583 
816.000000	 0.533439 
814.000000	 0.533458 
812.000000	 0.531971 
810.000000	 0.529726 
808.000000	 0.527586 
806.000000	 0.524864 
804.000000	 0.521294 
802.000000	 0.516657 
800.000000	 0.511668 
798.000000	 0.507531 
796.000000	 0.503168 
794.000000	 0.498336 
792.000000	 0.493244 
790.000000	 0.487771 
788.000000	 0.482412 
786.000000	 0.476047 
784.000000	 0.468263 
782.000000	 0.460312 
780.000000	 0.452949 
778.000000	 0.446083 
776.000000	 0.439036 
774.000000	 0.432021 
772.000000	 0.424951 
770.000000	 0.417643 
768.000000	 0.411301 
766.000000	 0.405221 
764.000000	 0.399168 
762.000000	 0.393583 
760.000000	 0.388278 
758.000000	 0.382968 
756.000000	 0.378773 
754.000000	 0.375562 
752.000000	 0.372489 
750.000000	 0.369421 
748.000000	 0.367839 
746.000000	 0.367367 
744.000000	 0.367444 
742.000000	 0.367960 
740.000000	 0.370349 
738.000000	 0.374199 
736.000000	 0.377168 
734.000000	 0.379652 
732.000000	 0.382620 
730.000000	 0.386864 
728.000000	 0.392866 
726.000000	 0.398764 
724.000000	 0.404250 
722.000000	 0.410511 
720.000000	 0.417324 
718.000000	 0.423451 
716.000000	 0.428638 
714.000000	 0.434174 
712.000000	 0.438867 
710.000000	 0.442682 
708.000000	 0.447497 
706.000000	 0.453519 
704.000000	 0.459015 
702.000000	 0.465285 
700.000000	 0.473057 
698.000000	 0.482453 
696.000000	 0.493643 
694.000000	 0.506217 
692.000000	 0.518990 
690.000000	 0.533005 
688.000000	 0.548596 
686.000000	 0.565549 
684.000000	 0.583426 
682.000000	 0.599835 
680.000000	 0.614165 
678.000000	 0.628747 
676.000000	 0.643564 
674.000000	 0.657671 
672.000000	 0.669076 
670.000000	 0.679516 
668.000000	 0.689961 
666.000000	 0.679131 
664.000000	 0.664820 
662.000000	 0.652486 
660.000000	 0.640673 
658.000000	 0.631782 
656.000000	 0.623197 
654.000000	 0.614608 
652.000000	 0.609540 
650.000000	 0.609166 
648.000000	 0.612523 
646.000000	 0.618007 
644.000000	 0.623716 
642.000000	 0.631143 
640.000000	 0.640642 
638.000000	 0.651435 
636.000000	 0.663859 
634.000000	 0.677828 
632.000000	 0.689542 
630.000000	 0.693237 
628.000000	 0.689421 
626.000000	 0.679523 
624.000000	 0.657439 
622.000000	 0.625681 
620.000000	 0.586355 
618.000000	 0.539777 
616.000000	 0.492960 
614.000000	 0.450665 
612.000000	 0.413798 
610.000000	 0.384534 
608.000000	 0.359615 
606.000000	 0.334817 
604.000000	 0.313561 
602.000000	 0.296712 
600.000000	 0.282239 
598.000000	 0.267973 
596.000000	 0.255453 
594.000000	 0.244734 
592.000000	 0.234855 
590.000000	 0.227012 
588.000000	 0.220584 
586.000000	 0.213453 
584.000000	 0.206951 
582.000000	 0.201707 
580.000000	 0.196525 
578.000000	 0.189918 
576.000000	 0.182661 
574.000000	 0.175570 
572.000000	 0.167878 
570.000000	 0.160539 
568.000000	 0.155340 
566.000000	 0.150771 
564.000000	 0.146378 
562.000000	 0.142596 
560.000000	 0.138368 
558.000000	 0.133275 
556.000000	 0.128384 
554.000000	 0.124327 
552.000000	 0.121054 
550.000000	 0.118902 
548.000000	 0.115963 
546.000000	 0.112559 
544.000000	 0.109169 
542.000000	 0.104898 
540.000000	 0.100680 
538.000000	 0.097519 
536.000000	 0.095258 
534.000000	 0.093099 
532.000000	 0.090553 
530.000000	 0.087635 
528.000000	 0.084588 
526.000000	 0.082561 
524.000000	 0.080986 
522.000000	 0.078937 
520.000000	 0.077897 
518.000000	 0.078659 
516.000000	 0.079145 
514.000000	 0.079672 
512.000000	 0.080783 
510.000000	 0.081103 
508.000000	 0.080515 
506.000000	 0.079377 
504.000000	 0.077450 
502.000000	 0.074977 
500.000000	 0.072070 
498.000000	 0.069674 
496.000000	 0.067228 
494.000000	 0.064992 
492.000000	 0.063336 
490.000000	 0.060552 
488.000000	 0.058073 
486.000000	 0.056329 
484.000000	 0.054798 
482.000000	 0.051896 
480.000000	 0.048622 
478.000000	 0.046004 
476.000000	 0.043886 
474.000000	 0.042091 
472.000000	 0.040407 
470.000000	 0.037403 
468.000000	 0.032538 
466.000000	 0.027377 
464.000000	 0.023885 
462.000000	 0.021767 
460.000000	 0.020488 
458.000000	 0.018578 
456.000000	 0.015016 
454.000000	 0.013402 
452.000000	 0.012707 
450.000000	 0.010028 

