4400.000000	1.670639 
4398.000000	1.672315 
4396.000000	1.669835 
4394.000000	1.668453 
4392.000000	1.665248 
4390.000000	1.667057 
4388.000000	1.678315 
4386.000000	1.679417 
4384.000000	1.674751 
4382.000000	1.672481 
4380.000000	1.669303 
4378.000000	1.671532 
4376.000000	1.680383 
4374.000000	1.674208 
4372.000000	1.655899 
4370.000000	1.652156 
4368.000000	1.662774 
4366.000000	1.667856 
4364.000000	1.663603 
4362.000000	1.663460 
4360.000000	1.669061 
4358.000000	1.675364 
4356.000000	1.676792 
4354.000000	1.674233 
4352.000000	1.666312 
4350.000000	1.660844 
4348.000000	1.665310 
4346.000000	1.664951 
4344.000000	1.655712 
4342.000000	1.655786 
4340.000000	1.662945 
4338.000000	1.674546 
4336.000000	1.684379 
4334.000000	1.679833 
4332.000000	1.671605 
4330.000000	1.666072 
4328.000000	1.665224 
4326.000000	1.670959 
4324.000000	1.670634 
4322.000000	1.666475 
4320.000000	1.671809 
4318.000000	1.671022 
4316.000000	1.661851 
4314.000000	1.659736 
4312.000000	1.665439 
4310.000000	1.669143 
4308.000000	1.672603 
4306.000000	1.674267 
4304.000000	1.674198 
4302.000000	1.675369 
4300.000000	1.671848 
4298.000000	1.672680 
4296.000000	1.674878 
4294.000000	1.670736 
4292.000000	1.669994 
4290.000000	1.670091 
4288.000000	1.665329 
4286.000000	1.665607 
4284.000000	1.664754 
4282.000000	1.660314 
4280.000000	1.657359 
4278.000000	1.656434 
4276.000000	1.662531 
4274.000000	1.670523 
4272.000000	1.670319 
4270.000000	1.668424 
4268.000000	1.669346 
4266.000000	1.672408 
4264.000000	1.674106 
4262.000000	1.669728 
4260.000000	1.662226 
4258.000000	1.661480 
4256.000000	1.668911 
4254.000000	1.679694 
4252.000000	1.677876 
4250.000000	1.670794 
4248.000000	1.669129 
4246.000000	1.665914 
4244.000000	1.662279 
4242.000000	1.659438 
4240.000000	1.660825 
4238.000000	1.663374 
4236.000000	1.663675 
4234.000000	1.663140 
4232.000000	1.663374 
4230.000000	1.667110 
4228.000000	1.663570 
4226.000000	1.657660 
4224.000000	1.664396 
4222.000000	1.668298 
4220.000000	1.659495 
4218.000000	1.653366 
4216.000000	1.653725 
4214.000000	1.654154 
4212.000000	1.651747 
4210.000000	1.654019 
4208.000000	1.663307 
4206.000000	1.664028 
4204.000000	1.660385 
4202.000000	1.656096 
4200.000000	1.654967 
4198.000000	1.663174 
4196.000000	1.670111 
4194.000000	1.673627 
4192.000000	1.665334 
4190.000000	1.652839 
4188.000000	1.654275 
4186.000000	1.661642 
4184.000000	1.670212 
4182.000000	1.668539 
4180.000000	1.660456 
4178.000000	1.657858 
4176.000000	1.663508 
4174.000000	1.668752 
4172.000000	1.662888 
4170.000000	1.655847 
4168.000000	1.651478 
4166.000000	1.650227 
4164.000000	1.655454 
4162.000000	1.660925 
4160.000000	1.660825 
4158.000000	1.657571 
4156.000000	1.657500 
4154.000000	1.660011 
4152.000000	1.660115 
4150.000000	1.657698 
4148.000000	1.663017 
4146.000000	1.673485 
4144.000000	1.672398 
4142.000000	1.669646 
4140.000000	1.667639 
4138.000000	1.663670 
4136.000000	1.663088 
4134.000000	1.662174 
4132.000000	1.665358 
4130.000000	1.668163 
4128.000000	1.668453 
4126.000000	1.664033 
4124.000000	1.662302 
4122.000000	1.666918 
4120.000000	1.671707 
4118.000000	1.670673 
4116.000000	1.661442 
4114.000000	1.653305 
4112.000000	1.653818 
4110.000000	1.662445 
4108.000000	1.666034 
4106.000000	1.666966 
4104.000000	1.669631 
4102.000000	1.671800 
4100.000000	1.671105 
4098.000000	1.673617 
4096.000000	1.671357 
4094.000000	1.659377 
4092.000000	1.651631 
4090.000000	1.649704 
4088.000000	1.660347 
4086.000000	1.670174 
4084.000000	1.666355 
4082.000000	1.667712 
4080.000000	1.671790 
4078.000000	1.664047 
4076.000000	1.663193 
4074.000000	1.666447 
4072.000000	1.665674 
4070.000000	1.667702 
4068.000000	1.670261 
4066.000000	1.669341 
4064.000000	1.661062 
4062.000000	1.653384 
4060.000000	1.659519 
4058.000000	1.668168 
4056.000000	1.668096 
4054.000000	1.671625 
4052.000000	1.677403 
4050.000000	1.671970 
4048.000000	1.669143 
4046.000000	1.678197 
4044.000000	1.678596 
4042.000000	1.672101 
4040.000000	1.666437 
4038.000000	1.662412 
4036.000000	1.660607 
4034.000000	1.663550 
4032.000000	1.663651 
4030.000000	1.664448 
4028.000000	1.664013 
4026.000000	1.662583 
4024.000000	1.665823 
4022.000000	1.671046 
4020.000000	1.675016 
4018.000000	1.671503 
4016.000000	1.665382 
4014.000000	1.661105 
4012.000000	1.657868 
4010.000000	1.653347 
4008.000000	1.652128 
4006.000000	1.657529 
4004.000000	1.665712 
4002.000000	1.669873 
4000.000000	1.670678 
3998.000000	1.672130 
3996.000000	1.671289 
3994.000000	1.664841 
3992.000000	1.662236 
3990.000000	1.661846 
3988.000000	1.664166 
3986.000000	1.667225 
3984.000000	1.669873 
3982.000000	1.673144 
3980.000000	1.669646 
3978.000000	1.672710 
3976.000000	1.670697 
3974.000000	1.660588 
3972.000000	1.662174 
3970.000000	1.663264 
3968.000000	1.665578 
3966.000000	1.665228 
3964.000000	1.660470 
3962.000000	1.658381 
3960.000000	1.658725 
3958.000000	1.660351 
3956.000000	1.658150 
3954.000000	1.654832 
3952.000000	1.662755 
3950.000000	1.669022 
3948.000000	1.665540 
3946.000000	1.660541 
3944.000000	1.654635 
3942.000000	1.656833 
3940.000000	1.665708 
3938.000000	1.668351 
3936.000000	1.667177 
3934.000000	1.667091 
3932.000000	1.664683 
3930.000000	1.670644 
3928.000000	1.670945 
3926.000000	1.669472 
3924.000000	1.665051 
3922.000000	1.657373 
3920.000000	1.653179 
3918.000000	1.654602 
3916.000000	1.664276 
3914.000000	1.673036 
3912.000000	1.674018 
3910.000000	1.672870 
3908.000000	1.668510 
3906.000000	1.663288 
3904.000000	1.659750 
3902.000000	1.659164 
3900.000000	1.661518 
3898.000000	1.668211 
3896.000000	1.672749 
3894.000000	1.669593 
3892.000000	1.666865 
3890.000000	1.671450 
3888.000000	1.673075 
3886.000000	1.675217 
3884.000000	1.678434 
3882.000000	1.667466 
3880.000000	1.669602 
3878.000000	1.679368 
3876.000000	1.674947 
3874.000000	1.666336 
3872.000000	1.656138 
3870.000000	1.659495 
3868.000000	1.670348 
3866.000000	1.673510 
3864.000000	1.678172 
3862.000000	1.681560 
3860.000000	1.678463 
3858.000000	1.666110 
3856.000000	1.650190 
3854.000000	1.649806 
3852.000000	1.680621 
3850.000000	1.690629 
3848.000000	1.678527 
3846.000000	1.661077 
3844.000000	1.651176 
3842.000000	1.652137 
3840.000000	1.658617 
3838.000000	1.666221 
3836.000000	1.674184 
3834.000000	1.672155 
3832.000000	1.666696 
3830.000000	1.665823 
3828.000000	1.665449 
3826.000000	1.664128 
3824.000000	1.654471 
3822.000000	1.650963 
3820.000000	1.673427 
3818.000000	1.682725 
3816.000000	1.684259 
3814.000000	1.687317 
3812.000000	1.679937 
3810.000000	1.671212 
3808.000000	1.670658 
3806.000000	1.676596 
3804.000000	1.667317 
3802.000000	1.667888 
3800.000000	1.682646 
3798.000000	1.680200 
3796.000000	1.677132 
3794.000000	1.678394 
3792.000000	1.666480 
3790.000000	1.660101 
3788.000000	1.666682 
3786.000000	1.668096 
3784.000000	1.663971 
3782.000000	1.660408 
3780.000000	1.661855 
3778.000000	1.674218 
3776.000000	1.678330 
3774.000000	1.670663 
3772.000000	1.663956 
3770.000000	1.663446 
3768.000000	1.670649 
3766.000000	1.671848 
3764.000000	1.675702 
3762.000000	1.675270 
3760.000000	1.673978 
3758.000000	1.679318 
3756.000000	1.678883 
3754.000000	1.670343 
3752.000000	1.669627 
3750.000000	1.694823 
3748.000000	1.711280 
3746.000000	1.707263 
3744.000000	1.722139 
3742.000000	1.735872 
3740.000000	1.726788 
3738.000000	1.703188 
3736.000000	1.688103 
3734.000000	1.705127 
3732.000000	1.729890 
3730.000000	1.735213 
3728.000000	1.721561 
3726.000000	1.714965 
3724.000000	1.727103 
3722.000000	1.734201 
3720.000000	1.729262 
3718.000000	1.725488 
3716.000000	1.724685 
3714.000000	1.719879 
3712.000000	1.720135 
3710.000000	1.740215 
3708.000000	1.754377 
3706.000000	1.758834 
3704.000000	1.756346 
3702.000000	1.753690 
3700.000000	1.756594 
3698.000000	1.751336 
3696.000000	1.752096 
3694.000000	1.760995 
3692.000000	1.757487 
3690.000000	1.757979 
3688.000000	1.780972 
3686.000000	1.797135 
3684.000000	1.798656 
3682.000000	1.799203 
3680.000000	1.799288 
3678.000000	1.778086 
3676.000000	1.774635 
3674.000000	1.818295 
3672.000000	1.825510 
3670.000000	1.821565 
3668.000000	1.836548 
3666.000000	1.831460 
3664.000000	1.826356 
3662.000000	1.825780 
3660.000000	1.823374 
3658.000000	1.822349 
3656.000000	1.834372 
3654.000000	1.843691 
3652.000000	1.826731 
3650.000000	1.824037 
3648.000000	1.854488 
3646.000000	1.871889 
3644.000000	1.864309 
3642.000000	1.860048 
3640.000000	1.856954 
3638.000000	1.844031 
3636.000000	1.846140 
3634.000000	1.854703 
3632.000000	1.847558 
3630.000000	1.840940 
3628.000000	1.870143 
3626.000000	1.888572 
3624.000000	1.872854 
3622.000000	1.853334 
3620.000000	1.855422 
3618.000000	1.876220 
3616.000000	1.873550 
3614.000000	1.857572 
3612.000000	1.855407 
3610.000000	1.858902 
3608.000000	1.868518 
3606.000000	1.883404 
3604.000000	1.884919 
3602.000000	1.862576 
3600.000000	1.855690 
3598.000000	1.861626 
3596.000000	1.868717 
3594.000000	1.875613 
3592.000000	1.875333 
3590.000000	1.861566 
3588.000000	1.868625 
3586.000000	1.876469 
3584.000000	1.877139 
3582.000000	1.880486 
3580.000000	1.871820 
3578.000000	1.867105 
3576.000000	1.872236 
3574.000000	1.874231 
3572.000000	1.873402 
3570.000000	1.859816 
3568.000000	1.854621 
3566.000000	1.877381 
3564.000000	1.889904 
3562.000000	1.882835 
3560.000000	1.875838 
3558.000000	1.887580 
3556.000000	1.897125 
3554.000000	1.887268 
3552.000000	1.885356 
3550.000000	1.880792 
3548.000000	1.867853 
3546.000000	1.872221 
3544.000000	1.888180 
3542.000000	1.880816 
3540.000000	1.883998 
3538.000000	1.891602 
3536.000000	1.896062 
3534.000000	1.897353 
3532.000000	1.889872 
3530.000000	1.888260 
3528.000000	1.903610 
3526.000000	1.899057 
3524.000000	1.894200 
3522.000000	1.906765 
3520.000000	1.917181 
3518.000000	1.915917 
3516.000000	1.911746 
3514.000000	1.907584 
3512.000000	1.890298 
3510.000000	1.879910 
3508.000000	1.892256 
3506.000000	1.899623 
3504.000000	1.897027 
3502.000000	1.901856 
3500.000000	1.911670 
3498.000000	1.908505 
3496.000000	1.901641 
3494.000000	1.910270 
3492.000000	1.914656 
3490.000000	1.910304 
3488.000000	1.908766 
3486.000000	1.907283 
3484.000000	1.906105 
3482.000000	1.908547 
3480.000000	1.916788 
3478.000000	1.931376 
3476.000000	1.921256 
3474.000000	1.907316 
3472.000000	1.909059 
3470.000000	1.909236 
3468.000000	1.907919 
3466.000000	1.916592 
3464.000000	1.922770 
3462.000000	1.932084 
3460.000000	1.929944 
3458.000000	1.912034 
3456.000000	1.911552 
3454.000000	1.920083 
3452.000000	1.922527 
3450.000000	1.910649 
3448.000000	1.898262 
3446.000000	1.908371 
3444.000000	1.917224 
3442.000000	1.910161 
3440.000000	1.907308 
3438.000000	1.921074 
3436.000000	1.930949 
3434.000000	1.923776 
3432.000000	1.915286 
3430.000000	1.918029 
3428.000000	1.914529 
3426.000000	1.913560 
3424.000000	1.916361 
3422.000000	1.916985 
3420.000000	1.918072 
3418.000000	1.923316 
3416.000000	1.918750 
3414.000000	1.909521 
3412.000000	1.904374 
3410.000000	1.913815 
3408.000000	1.926766 
3406.000000	1.919566 
3404.000000	1.917481 
3402.000000	1.927878 
3400.000000	1.929847 
3398.000000	1.923524 
3396.000000	1.922060 
3394.000000	1.919394 
3392.000000	1.908313 
3390.000000	1.905514 
3388.000000	1.911535 
3386.000000	1.912694 
3384.000000	1.915840 
3382.000000	1.910936 
3380.000000	1.908942 
3378.000000	1.911822 
3376.000000	1.908472 
3374.000000	1.904083 
3372.000000	1.908489 
3370.000000	1.911062 
3368.000000	1.908883 
3366.000000	1.903196 
3364.000000	1.902501 
3362.000000	1.906923 
3360.000000	1.914571 
3358.000000	1.914044 
3356.000000	1.906748 
3354.000000	1.904698 
3352.000000	1.896659 
3350.000000	1.892749 
3348.000000	1.897869 
3346.000000	1.902029 
3344.000000	1.899418 
3342.000000	1.894638 
3340.000000	1.899886 
3338.000000	1.904083 
3336.000000	1.897910 
3334.000000	1.897329 
3332.000000	1.897541 
3330.000000	1.896094 
3328.000000	1.895109 
3326.000000	1.891256 
3324.000000	1.884752 
3322.000000	1.888228 
3320.000000	1.896013 
3318.000000	1.894086 
3316.000000	1.889374 
3314.000000	1.885642 
3312.000000	1.880273 
3310.000000	1.876095 
3308.000000	1.879314 
3306.000000	1.885308 
3304.000000	1.886128 
3302.000000	1.878162 
3300.000000	1.870950 
3298.000000	1.878147 
3296.000000	1.882582 
3294.000000	1.870650 
3292.000000	1.863482 
3290.000000	1.868832 
3288.000000	1.871604 
3286.000000	1.868587 
3284.000000	1.862817 
3282.000000	1.861468 
3280.000000	1.862025 
3278.000000	1.865925 
3276.000000	1.869092 
3274.000000	1.872583 
3272.000000	1.876788 
3270.000000	1.874719 
3268.000000	1.873302 
3266.000000	1.876406 
3264.000000	1.880132 
3262.000000	1.882132 
3260.000000	1.880454 
3258.000000	1.869705 
3256.000000	1.862961 
3254.000000	1.859853 
3252.000000	1.853231 
3250.000000	1.853009 
3248.000000	1.860356 
3246.000000	1.867624 
3244.000000	1.872005 
3242.000000	1.864392 
3240.000000	1.854340 
3238.000000	1.850478 
3236.000000	1.852670 
3234.000000	1.852928 
3232.000000	1.844457 
3230.000000	1.841134 
3228.000000	1.843482 
3226.000000	1.837807 
3224.000000	1.838892 
3222.000000	1.846794 
3220.000000	1.845639 
3218.000000	1.845145 
3216.000000	1.852840 
3214.000000	1.850192 
3212.000000	1.843828 
3210.000000	1.840811 
3208.000000	1.841860 
3206.000000	1.841184 
3204.000000	1.838956 
3202.000000	1.841357 
3200.000000	1.840402 
3198.000000	1.830870 
3196.000000	1.830100 
3194.000000	1.837765 
3192.000000	1.834598 
3190.000000	1.821373 
3188.000000	1.813693 
3186.000000	1.817941 
3184.000000	1.821854 
3182.000000	1.827009 
3180.000000	1.820811 
3178.000000	1.811118 
3176.000000	1.817804 
3174.000000	1.822273 
3172.000000	1.819134 
3170.000000	1.818588 
3168.000000	1.820667 
3166.000000	1.823368 
3164.000000	1.817063 
3162.000000	1.807242 
3160.000000	1.802777 
3158.000000	1.800882 
3156.000000	1.798955 
3154.000000	1.798460 
3152.000000	1.797518 
3150.000000	1.793163 
3148.000000	1.788927 
3146.000000	1.792315 
3144.000000	1.797771 
3142.000000	1.801091 
3140.000000	1.795225 
3138.000000	1.792103 
3136.000000	1.792796 
3134.000000	1.792033 
3132.000000	1.791494 
3130.000000	1.787440 
3128.000000	1.784575 
3126.000000	1.785478 
3124.000000	1.778248 
3122.000000	1.776530 
3120.000000	1.785598 
3118.000000	1.788997 
3116.000000	1.779573 
3114.000000	1.771608 
3112.000000	1.771571 
3110.000000	1.774469 
3108.000000	1.775492 
3106.000000	1.766384 
3104.000000	1.758305 
3102.000000	1.756553 
3100.000000	1.759464 
3098.000000	1.761503 
3096.000000	1.760268 
3094.000000	1.762611 
3092.000000	1.766161 
3090.000000	1.763120 
3088.000000	1.752939 
3086.000000	1.749064 
3084.000000	1.755172 
3082.000000	1.760852 
3080.000000	1.758673 
3078.000000	1.750146 
3076.000000	1.744074 
3074.000000	1.745080 
3072.000000	1.747499 
3070.000000	1.744839 
3068.000000	1.743793 
3066.000000	1.747887 
3064.000000	1.749471 
3062.000000	1.745126 
3060.000000	1.741327 
3058.000000	1.741858 
3056.000000	1.745230 
3054.000000	1.747476 
3052.000000	1.742201 
3050.000000	1.737379 
3048.000000	1.737419 
3046.000000	1.739624 
3044.000000	1.737068 
3042.000000	1.727125 
3040.000000	1.723134 
3038.000000	1.722751 
3036.000000	1.726634 
3034.000000	1.727844 
3032.000000	1.722549 
3030.000000	1.723019 
3028.000000	1.730223 
3026.000000	1.729368 
3024.000000	1.723840 
3022.000000	1.721703 
3020.000000	1.718962 
3018.000000	1.716579 
3016.000000	1.717572 
3014.000000	1.720798 
3012.000000	1.724010 
3010.000000	1.722401 
3008.000000	1.717464 
3006.000000	1.714187 
3004.000000	1.714455 
3002.000000	1.717021 
3000.000000	1.718302 
2998.000000	1.715722 
2996.000000	1.718789 
2994.000000	1.720221 
2992.000000	1.717345 
2990.000000	1.714015 
2988.000000	1.715335 
2986.000000	1.721474 
2984.000000	1.724257 
2982.000000	1.721577 
2980.000000	1.719456 
2978.000000	1.713608 
2976.000000	1.710839 
2974.000000	1.719982 
2972.000000	1.726005 
2970.000000	1.719217 
2968.000000	1.719526 
2966.000000	1.726899 
2964.000000	1.729473 
2962.000000	1.730496 
2960.000000	1.724312 
2958.000000	1.720069 
2956.000000	1.725614 
2954.000000	1.724279 
2952.000000	1.715986 
2950.000000	1.717102 
2948.000000	1.715658 
2946.000000	1.707480 
2944.000000	1.709209 
2942.000000	1.713383 
2940.000000	1.712774 
2938.000000	1.713908 
2936.000000	1.715308 
2934.000000	1.718112 
2932.000000	1.724142 
2930.000000	1.722019 
2928.000000	1.717712 
2926.000000	1.711888 
2924.000000	1.710100 
2922.000000	1.713876 
2920.000000	1.706625 
2918.000000	1.701175 
2916.000000	1.707485 
2914.000000	1.707934 
2912.000000	1.699498 
2910.000000	1.694772 
2908.000000	1.695891 
2906.000000	1.700973 
2904.000000	1.699789 
2902.000000	1.692670 
2900.000000	1.689746 
2898.000000	1.693513 
2896.000000	1.696261 
2894.000000	1.692440 
2892.000000	1.688618 
2890.000000	1.686290 
2888.000000	1.681630 
2886.000000	1.681391 
2884.000000	1.680587 
2882.000000	1.675226 
2880.000000	1.673807 
2878.000000	1.674379 
2876.000000	1.677610 
2874.000000	1.678009 
2872.000000	1.674125 
2870.000000	1.670387 
2868.000000	1.667562 
2866.000000	1.667999 
2864.000000	1.669370 
2862.000000	1.671003 
2860.000000	1.676556 
2858.000000	1.677590 
2856.000000	1.673549 
2854.000000	1.671435 
2852.000000	1.670372 
2850.000000	1.668887 
2848.000000	1.666855 
2846.000000	1.662036 
2844.000000	1.659987 
2842.000000	1.658494 
2840.000000	1.650852 
2838.000000	1.650546 
2836.000000	1.656786 
2834.000000	1.652849 
2832.000000	1.648326 
2830.000000	1.653893 
2828.000000	1.657039 
2826.000000	1.652863 
2824.000000	1.653683 
2822.000000	1.652058 
2820.000000	1.647341 
2818.000000	1.651450 
2816.000000	1.656438 
2814.000000	1.650449 
2812.000000	1.643771 
2810.000000	1.645814 
2808.000000	1.650606 
2806.000000	1.647585 
2804.000000	1.641221 
2802.000000	1.642374 
2800.000000	1.645232 
2798.000000	1.648679 
2796.000000	1.653781 
2794.000000	1.652300 
2792.000000	1.648841 
2790.000000	1.648557 
2788.000000	1.651172 
2786.000000	1.651000 
2784.000000	1.646263 
2782.000000	1.644474 
2780.000000	1.643015 
2778.000000	1.640669 
2776.000000	1.637076 
2774.000000	1.637004 
2772.000000	1.635839 
2770.000000	1.632615 
2768.000000	1.633883 
2766.000000	1.636516 
2764.000000	1.632531 
2762.000000	1.629429 
2760.000000	1.630726 
2758.000000	1.636045 
2756.000000	1.637836 
2754.000000	1.632388 
2752.000000	1.633469 
2750.000000	1.638344 
2748.000000	1.637615 
2746.000000	1.636439 
2744.000000	1.635857 
2742.000000	1.634249 
2740.000000	1.636135 
2738.000000	1.636211 
2736.000000	1.633901 
2734.000000	1.633861 
2732.000000	1.631510 
2730.000000	1.628482 
2728.000000	1.629072 
2726.000000	1.631058 
2724.000000	1.633740 
2722.000000	1.634659 
2720.000000	1.630315 
2718.000000	1.633482 
2716.000000	1.636059 
2714.000000	1.632206 
2712.000000	1.632215 
2710.000000	1.633108 
2708.000000	1.629756 
2706.000000	1.626340 
2704.000000	1.626090 
2702.000000	1.630103 
2700.000000	1.631018 
2698.000000	1.630174 
2696.000000	1.628729 
2694.000000	1.622963 
2692.000000	1.624928 
2690.000000	1.629055 
2688.000000	1.625544 
2686.000000	1.625133 
2684.000000	1.623294 
2682.000000	1.621562 
2680.000000	1.624570 
2678.000000	1.625378 
2676.000000	1.620131 
2674.000000	1.615139 
2672.000000	1.615844 
2670.000000	1.618046 
2668.000000	1.620260 
2666.000000	1.619855 
2664.000000	1.615429 
2662.000000	1.613988 
2660.000000	1.619410 
2658.000000	1.619799 
2656.000000	1.615861 
2654.000000	1.617578 
2652.000000	1.621948 
2650.000000	1.622108 
2648.000000	1.616862 
2646.000000	1.613499 
2644.000000	1.614896 
2642.000000	1.616006 
2640.000000	1.616361 
2638.000000	1.615532 
2636.000000	1.616498 
2634.000000	1.615250 
2632.000000	1.611723 
2630.000000	1.612929 
2628.000000	1.612391 
2626.000000	1.612760 
2624.000000	1.613788 
2622.000000	1.611376 
2620.000000	1.609219 
2618.000000	1.610797 
2616.000000	1.610530 
2614.000000	1.613082 
2612.000000	1.615032 
2610.000000	1.608466 
2608.000000	1.604471 
2606.000000	1.608958 
2604.000000	1.613831 
2602.000000	1.610678 
2600.000000	1.610281 
2598.000000	1.614009 
2596.000000	1.611325 
2594.000000	1.606629 
2592.000000	1.607987 
2590.000000	1.608748 
2588.000000	1.607082 
2586.000000	1.608815 
2584.000000	1.612350 
2582.000000	1.610286 
2580.000000	1.608500 
2578.000000	1.611202 
2576.000000	1.612862 
2574.000000	1.608307 
2572.000000	1.603527 
2570.000000	1.603523 
2568.000000	1.608164 
2566.000000	1.610598 
2564.000000	1.604896 
2562.000000	1.602104 
2560.000000	1.608361 
2558.000000	1.614307 
2556.000000	1.612011 
2554.000000	1.608088 
2552.000000	1.605764 
2550.000000	1.602738 
2548.000000	1.602013 
2546.000000	1.602775 
2544.000000	1.602468 
2542.000000	1.602298 
2540.000000	1.605860 
2538.000000	1.606412 
2536.000000	1.603473 
2534.000000	1.602954 
2532.000000	1.609497 
2530.000000	1.613129 
2528.000000	1.607765 
2526.000000	1.602522 
2524.000000	1.601653 
2522.000000	1.605109 
2520.000000	1.605588 
2518.000000	1.603099 
2516.000000	1.601260 
2514.000000	1.597412 
2512.000000	1.595654 
2510.000000	1.597588 
2508.000000	1.601338 
2506.000000	1.603996 
2504.000000	1.605046 
2502.000000	1.602170 
2500.000000	1.597154 
2498.000000	1.595854 
2496.000000	1.595772 
2494.000000	1.597195 
2492.000000	1.596929 
2490.000000	1.597285 
2488.000000	1.599758 
2486.000000	1.599873 
2484.000000	1.598532 
2482.000000	1.596642 
2480.000000	1.595511 
2478.000000	1.599173 
2476.000000	1.601529 
2474.000000	1.597773 
2472.000000	1.595984 
2470.000000	1.596753 
2468.000000	1.593835 
2466.000000	1.589067 
2464.000000	1.592440 
2462.000000	1.597957 
2460.000000	1.594710 
2458.000000	1.589171 
2456.000000	1.588870 
2454.000000	1.595841 
2452.000000	1.601793 
2450.000000	1.600079 
2448.000000	1.596180 
2446.000000	1.591655 
2444.000000	1.591473 
2442.000000	1.590302 
2440.000000	1.587827 
2438.000000	1.589485 
2436.000000	1.590254 
2434.000000	1.589171 
2432.000000	1.588645 
2430.000000	1.589871 
2428.000000	1.590363 
2426.000000	1.591113 
2424.000000	1.592638 
2422.000000	1.592156 
2420.000000	1.589843 
2418.000000	1.585544 
2416.000000	1.584393 
2414.000000	1.587266 
2412.000000	1.587562 
2410.000000	1.590698 
2408.000000	1.594421 
2406.000000	1.595527 
2404.000000	1.595077 
2402.000000	1.591327 
2400.000000	1.586934 
2398.000000	1.585042 
2396.000000	1.588344 
2394.000000	1.590577 
2392.000000	1.587562 
2390.000000	1.585122 
2388.000000	1.588107 
2386.000000	1.589976 
2384.000000	1.584839 
2382.000000	1.580960 
2380.000000	1.579471 
2378.000000	1.577516 
2376.000000	1.573724 
2374.000000	1.569408 
2372.000000	1.571924 
2370.000000	1.574699 
2368.000000	1.572907 
2366.000000	1.574307 
2364.000000	1.582351 
2362.000000	1.591618 
2360.000000	1.594816 
2358.000000	1.600248 
2356.000000	1.601309 
2354.000000	1.595719 
2352.000000	1.596900 
2350.000000	1.598877 
2348.000000	1.589107 
2346.000000	1.585588 
2344.000000	1.592185 
2342.000000	1.591857 
2340.000000	1.594539 
2338.000000	1.604367 
2336.000000	1.606056 
2334.000000	1.599169 
2332.000000	1.600706 
2330.000000	1.612278 
2328.000000	1.616948 
2326.000000	1.613316 
2324.000000	1.613388 
2322.000000	1.619699 
2320.000000	1.622877 
2318.000000	1.623611 
2316.000000	1.626664 
2314.000000	1.629835 
2312.000000	1.635481 
2310.000000	1.639638 
2308.000000	1.639209 
2306.000000	1.642419 
2304.000000	1.646116 
2302.000000	1.648762 
2300.000000	1.657091 
2298.000000	1.665248 
2296.000000	1.667615 
2294.000000	1.673617 
2292.000000	1.684544 
2290.000000	1.695351 
2288.000000	1.702880 
2286.000000	1.711589 
2284.000000	1.721005 
2282.000000	1.735134 
2280.000000	1.752857 
2278.000000	1.772570 
2276.000000	1.787021 
2274.000000	1.799314 
2272.000000	1.817634 
2270.000000	1.838935 
2268.000000	1.855326 
2266.000000	1.861070 
2264.000000	1.868526 
2262.000000	1.881304 
2260.000000	1.887476 
2258.000000	1.888564 
2256.000000	1.889591 
2254.000000	1.885451 
2252.000000	1.880792 
2250.000000	1.876258 
2248.000000	1.866115 
2246.000000	1.860123 
2244.000000	1.853556 
2242.000000	1.847289 
2240.000000	1.835717 
2238.000000	1.823119 
2236.000000	1.814327 
2234.000000	1.806109 
2232.000000	1.795122 
2230.000000	1.781116 
2228.000000	1.771853 
2226.000000	1.765062 
2224.000000	1.760518 
2222.000000	1.762580 
2220.000000	1.761910 
2218.000000	1.755885 
2216.000000	1.752031 
2214.000000	1.750169 
2212.000000	1.750519 
2210.000000	1.756730 
2208.000000	1.760810 
2206.000000	1.759928 
2204.000000	1.760089 
2202.000000	1.758270 
2200.000000	1.754736 
2198.000000	1.750100 
2196.000000	1.743575 
2194.000000	1.738874 
2192.000000	1.734763 
2190.000000	1.726860 
2188.000000	1.717620 
2186.000000	1.709532 
2184.000000	1.697936 
2182.000000	1.689762 
2180.000000	1.687211 
2178.000000	1.688825 
2176.000000	1.689346 
2174.000000	1.683399 
2172.000000	1.676925 
2170.000000	1.672939 
2168.000000	1.670241 
2166.000000	1.671377 
2164.000000	1.673412 
2162.000000	1.674242 
2160.000000	1.673544 
2158.000000	1.669578 
2156.000000	1.664960 
2154.000000	1.664606 
2152.000000	1.663350 
2150.000000	1.661547 
2148.000000	1.658419 
2146.000000	1.652942 
2144.000000	1.648961 
2142.000000	1.645502 
2140.000000	1.642519 
2138.000000	1.642001 
2136.000000	1.640619 
2134.000000	1.636327 
2132.000000	1.628940 
2130.000000	1.625037 
2128.000000	1.627129 
2126.000000	1.626340 
2124.000000	1.621952 
2122.000000	1.619423 
2120.000000	1.621112 
2118.000000	1.623046 
2116.000000	1.618106 
2114.000000	1.610881 
2112.000000	1.606090 
2110.000000	1.603676 
2108.000000	1.603493 
2106.000000	1.604946 
2104.000000	1.605555 
2102.000000	1.601967 
2100.000000	1.597908 
2098.000000	1.597277 
2096.000000	1.596642 
2094.000000	1.591837 
2092.000000	1.586127 
2090.000000	1.584079 
2088.000000	1.582889 
2086.000000	1.579090 
2084.000000	1.573263 
2082.000000	1.569351 
2080.000000	1.567966 
2078.000000	1.568330 
2076.000000	1.568372 
2074.000000	1.568641 
2072.000000	1.566869 
2070.000000	1.564253 
2068.000000	1.562267 
2066.000000	1.554648 
2064.000000	1.548308 
2062.000000	1.547660 
2060.000000	1.545360 
2058.000000	1.541918 
2056.000000	1.542881 
2054.000000	1.542553 
2052.000000	1.539573 
2050.000000	1.537762 
2048.000000	1.535223 
2046.000000	1.535354 
2044.000000	1.536211 
2042.000000	1.535489 
2040.000000	1.535528 
2038.000000	1.535322 
2036.000000	1.536802 
2034.000000	1.537034 
2032.000000	1.532733 
2030.000000	1.531330 
2028.000000	1.531457 
2026.000000	1.529493 
2024.000000	1.527818 
2022.000000	1.526905 
2020.000000	1.525906 
2018.000000	1.524217 
2016.000000	1.526264 
2014.000000	1.529329 
2012.000000	1.527162 
2010.000000	1.523338 
2008.000000	1.523981 
2006.000000	1.523885 
2004.000000	1.521250 
2002.000000	1.519805 
2000.000000	1.520419 
1998.000000	1.521835 
1996.000000	1.522189 
1994.000000	1.520552 
1992.000000	1.520930 
1990.000000	1.523076 
1988.000000	1.522907 
1986.000000	1.520408 
1984.000000	1.518729 
1982.000000	1.518952 
1980.000000	1.517163 
1978.000000	1.516261 
1976.000000	1.518162 
1974.000000	1.519185 
1972.000000	1.517428 
1970.000000	1.517578 
1968.000000	1.518305 
1966.000000	1.520038 
1964.000000	1.519976 
1962.000000	1.515436 
1960.000000	1.513054 
1958.000000	1.518715 
1956.000000	1.521962 
1954.000000	1.519205 
1952.000000	1.518510 
1950.000000	1.519431 
1948.000000	1.517200 
1946.000000	1.513253 
1944.000000	1.510541 
1942.000000	1.518814 
1940.000000	1.523414 
1938.000000	1.516509 
1936.000000	1.515619 
1934.000000	1.514253 
1932.000000	1.512356 
1930.000000	1.512006 
1928.000000	1.513946 
1926.000000	1.516213 
1924.000000	1.516043 
1922.000000	1.517166 
1920.000000	1.511202 
1918.000000	1.513469 
1916.000000	1.520614 
1914.000000	1.516254 
1912.000000	1.511461 
1910.000000	1.509225 
1908.000000	1.509753 
1906.000000	1.510434 
1904.000000	1.507849 
1902.000000	1.507712 
1900.000000	1.510360 
1898.000000	1.507339 
1896.000000	1.503093 
1894.000000	1.504838 
1892.000000	1.503400 
1890.000000	1.500323 
1888.000000	1.504077 
1886.000000	1.503229 
1884.000000	1.500585 
1882.000000	1.501685 
1880.000000	1.503008 
1878.000000	1.502899 
1876.000000	1.501067 
1874.000000	1.499528 
1872.000000	1.494993 
1870.000000	1.492126 
1868.000000	1.504659 
1866.000000	1.510269 
1864.000000	1.504358 
1862.000000	1.502342 
1860.000000	1.502372 
1858.000000	1.499368 
1856.000000	1.496092 
1854.000000	1.496813 
1852.000000	1.499047 
1850.000000	1.497873 
1848.000000	1.492560 
1846.000000	1.483857 
1844.000000	1.492924 
1842.000000	1.506079 
1840.000000	1.497008 
1838.000000	1.491696 
1836.000000	1.492339 
1834.000000	1.491140 
1832.000000	1.484770 
1830.000000	1.489361 
1828.000000	1.498950 
1826.000000	1.494334 
1824.000000	1.496790 
1822.000000	1.494576 
1820.000000	1.488257 
1818.000000	1.489431 
1816.000000	1.489911 
1814.000000	1.485697 
1812.000000	1.481458 
1810.000000	1.484451 
1808.000000	1.488981 
1806.000000	1.484365 
1804.000000	1.478677 
1802.000000	1.475931 
1800.000000	1.483004 
1798.000000	1.483533 
1796.000000	1.475500 
1794.000000	1.464817 
1792.000000	1.475404 
1790.000000	1.489696 
1788.000000	1.478956 
1786.000000	1.467381 
1784.000000	1.469542 
1782.000000	1.468372 
1780.000000	1.470257 
1778.000000	1.473263 
1776.000000	1.463716 
1774.000000	1.453141 
1772.000000	1.468518 
1770.000000	1.480624 
1768.000000	1.475776 
1766.000000	1.473552 
1764.000000	1.460270 
1762.000000	1.458243 
1760.000000	1.464986 
1758.000000	1.458416 
1756.000000	1.461661 
1754.000000	1.456226 
1752.000000	1.444796 
1750.000000	1.455041 
1748.000000	1.465490 
1746.000000	1.465496 
1744.000000	1.460309 
1742.000000	1.459247 
1740.000000	1.458356 
1738.000000	1.463048 
1736.000000	1.441520 
1734.000000	1.453370 
1732.000000	1.480652 
1730.000000	1.469320 
1728.000000	1.461685 
1726.000000	1.455753 
1724.000000	1.453782 
1722.000000	1.450712 
1720.000000	1.434501 
1718.000000	1.438063 
1716.000000	1.465064 
1714.000000	1.467493 
1712.000000	1.460354 
1710.000000	1.451504 
1708.000000	1.440516 
1706.000000	1.436994 
1704.000000	1.437904 
1702.000000	1.414346 
1700.000000	1.435078 
1698.000000	1.447651 
1696.000000	1.440282 
1694.000000	1.450943 
1692.000000	1.433562 
1690.000000	1.424430 
1688.000000	1.422183 
1686.000000	1.403247 
1684.000000	1.425179 
1682.000000	1.452988 
1680.000000	1.433992 
1678.000000	1.417586 
1676.000000	1.407483 
1674.000000	1.421098 
1672.000000	1.413556 
1670.000000	1.412672 
1668.000000	1.429232 
1666.000000	1.419488 
1664.000000	1.407047 
1662.000000	1.418906 
1660.000000	1.422427 
1658.000000	1.411421 
1656.000000	1.387229 
1654.000000	1.375541 
1652.000000	1.439724 
1650.000000	1.425827 
1648.000000	1.397712 
1646.000000	1.422219 
1644.000000	1.431745 
1642.000000	1.419447 
1640.000000	1.410903 
1638.000000	1.397570 
1636.000000	1.409904 
1634.000000	1.439109 
1632.000000	1.427187 
1630.000000	1.412773 
1628.000000	1.413339 
1626.000000	1.414149 
1624.000000	1.408677 
1622.000000	1.421044 
1620.000000	1.412316 
1618.000000	1.391867 
1616.000000	1.407523 
1614.000000	1.410983 
1612.000000	1.394743 
1610.000000	1.390471 
1608.000000	1.390684 
1606.000000	1.384582 
1604.000000	1.377478 
1602.000000	1.376592 
1600.000000	1.375097 
1598.000000	1.371324 
1596.000000	1.366633 
1594.000000	1.362020 
1592.000000	1.358167 
1590.000000	1.355110 
1588.000000	1.354122 
1586.000000	1.353073 
1584.000000	1.354269 
1582.000000	1.352142 
1580.000000	1.345730 
1578.000000	1.331010 
1576.000000	1.343355 
1574.000000	1.356428 
1572.000000	1.335535 
1570.000000	1.329172 
1568.000000	1.343706 
1566.000000	1.336880 
1564.000000	1.330917 
1562.000000	1.315530 
1560.000000	1.301890 
1558.000000	1.358484 
1556.000000	1.356727 
1554.000000	1.339324 
1552.000000	1.329089 
1550.000000	1.324090 
1548.000000	1.323723 
1546.000000	1.313486 
1544.000000	1.309258 
1542.000000	1.304195 
1540.000000	1.323826 
1538.000000	1.342272 
1536.000000	1.319116 
1534.000000	1.307613 
1532.000000	1.318204 
1530.000000	1.308097 
1528.000000	1.300002 
1526.000000	1.302623 
1524.000000	1.297586 
1522.000000	1.294306 
1520.000000	1.311719 
1518.000000	1.303412 
1516.000000	1.303331 
1514.000000	1.301144 
1512.000000	1.294122 
1510.000000	1.287679 
1508.000000	1.278750 
1506.000000	1.312288 
1504.000000	1.315474 
1502.000000	1.293405 
1500.000000	1.281942 
1498.000000	1.283179 
1496.000000	1.295204 
1494.000000	1.294485 
1492.000000	1.281948 
1490.000000	1.286851 
1488.000000	1.296142 
1486.000000	1.293574 
1484.000000	1.285288 
1482.000000	1.281429 
1480.000000	1.281431 
1478.000000	1.274851 
1476.000000	1.275233 
1474.000000	1.276318 
1472.000000	1.292265 
1470.000000	1.295747 
1468.000000	1.280003 
1466.000000	1.272316 
1464.000000	1.283664 
1462.000000	1.279425 
1460.000000	1.261050 
1458.000000	1.261356 
1456.000000	1.291207 
1454.000000	1.288904 
1452.000000	1.275220 
1450.000000	1.269920 
1448.000000	1.269554 
1446.000000	1.270645 
1444.000000	1.264423 
1442.000000	1.258512 
1440.000000	1.251226 
1438.000000	1.244579 
1436.000000	1.257699 
1434.000000	1.256975 
1432.000000	1.245458 
1430.000000	1.244932 
1428.000000	1.246487 
1426.000000	1.238564 
1424.000000	1.235970 
1422.000000	1.232446 
1420.000000	1.228479 
1418.000000	1.239866 
1416.000000	1.237134 
1414.000000	1.228903 
1412.000000	1.223521 
1410.000000	1.221935 
1408.000000	1.220672 
1406.000000	1.217974 
1404.000000	1.219208 
1402.000000	1.215204 
1400.000000	1.211427 
1398.000000	1.215071 
1396.000000	1.212593 
1394.000000	1.213630 
1392.000000	1.211493 
1390.000000	1.201717 
1388.000000	1.199123 
1386.000000	1.204372 
1384.000000	1.202717 
1382.000000	1.198751 
1380.000000	1.196326 
1378.000000	1.192187 
1376.000000	1.187775 
1374.000000	1.191569 
1372.000000	1.192313 
1370.000000	1.187377 
1368.000000	1.185697 
1366.000000	1.182990 
1364.000000	1.178668 
1362.000000	1.180810 
1360.000000	1.179058 
1358.000000	1.173460 
1356.000000	1.168917 
1354.000000	1.167767 
1352.000000	1.167089 
1350.000000	1.165668 
1348.000000	1.162430 
1346.000000	1.159676 
1344.000000	1.156937 
1342.000000	1.151550 
1340.000000	1.150037 
1338.000000	1.151428 
1336.000000	1.149182 
1334.000000	1.146289 
1332.000000	1.145284 
1330.000000	1.144582 
1328.000000	1.143480 
1326.000000	1.141960 
1324.000000	1.140717 
1322.000000	1.139384 
1320.000000	1.138404 
1318.000000	1.138081 
1316.000000	1.135823 
1314.000000	1.133871 
1312.000000	1.133488 
1310.000000	1.131223 
1308.000000	1.129408 
1306.000000	1.129058 
1304.000000	1.127896 
1302.000000	1.126228 
1300.000000	1.125044 
1298.000000	1.124330 
1296.000000	1.124301 
1294.000000	1.122812 
1292.000000	1.120851 
1290.000000	1.118915 
1288.000000	1.117460 
1286.000000	1.118239 
1284.000000	1.118515 
1282.000000	1.117015 
1280.000000	1.115603 
1278.000000	1.115818 
1276.000000	1.116343 
1274.000000	1.116331 
1272.000000	1.118443 
1270.000000	1.121534 
1268.000000	1.122101 
1266.000000	1.122657 
1264.000000	1.123724 
1262.000000	1.124594 
1260.000000	1.126221 
1258.000000	1.127362 
1256.000000	1.126891 
1254.000000	1.127926 
1252.000000	1.131398 
1250.000000	1.135869 
1248.000000	1.139474 
1246.000000	1.144453 
1244.000000	1.151503 
1242.000000	1.159916 
1240.000000	1.169808 
1238.000000	1.181101 
1236.000000	1.192529 
1234.000000	1.205517 
1232.000000	1.221690 
1230.000000	1.240012 
1228.000000	1.258403 
1226.000000	1.278306 
1224.000000	1.298689 
1222.000000	1.317343 
1220.000000	1.338096 
1218.000000	1.360180 
1216.000000	1.381000 
1214.000000	1.402778 
1212.000000	1.427220 
1210.000000	1.451101 
1208.000000	1.471399 
1206.000000	1.493150 
1204.000000	1.515802 
1202.000000	1.537973 
1200.000000	1.556729 
1198.000000	1.573689 
1196.000000	1.594169 
1194.000000	1.617449 
1192.000000	1.635732 
1190.000000	1.651775 
1188.000000	1.669965 
1186.000000	1.682302 
1184.000000	1.695269 
1182.000000	1.714042 
1180.000000	1.731783 
1178.000000	1.746227 
1176.000000	1.757274 
1174.000000	1.768414 
1172.000000	1.778049 
1170.000000	1.782644 
1168.000000	1.789934 
1166.000000	1.807601 
1164.000000	1.819161 
1162.000000	1.822142 
1160.000000	1.829743 
1158.000000	1.837579 
1156.000000	1.851153 
1154.000000	1.861152 
1152.000000	1.869506 
1150.000000	1.887676 
1148.000000	1.898975 
1146.000000	1.893948 
1144.000000	1.884450 
1142.000000	1.884832 
1140.000000	1.887141 
1138.000000	1.897664 
1136.000000	1.914231 
1134.000000	1.922190 
1132.000000	1.922778 
1130.000000	1.920117 
1128.000000	1.923203 
1126.000000	1.942904 
1124.000000	1.957727 
1122.000000	1.958403 
1120.000000	1.959911 
1118.000000	1.953632 
1116.000000	1.944286 
1114.000000	1.958168 
1112.000000	1.975180 
1110.000000	1.973910 
1108.000000	1.989618 
1106.000000	2.021578 
1104.000000	2.039315 
1102.000000	2.043517 
1100.000000	2.047021 
1098.000000	2.048026 
1096.000000	2.073275 
1094.000000	2.118297 
1092.000000	2.144902 
1090.000000	2.156712 
1088.000000	2.144641 
1086.000000	2.149245 
1084.000000	2.171964 
1082.000000	2.198465 
1080.000000	2.234151 
1078.000000	2.243281 
1076.000000	2.225328 
1074.000000	2.217810 
1072.000000	2.237358 
1070.000000	2.242213 
1068.000000	2.229400 
1066.000000	2.235182 
1064.000000	2.270923 
1062.000000	2.275350 
1060.000000	2.241021 
1058.000000	2.223488 
1056.000000	2.224754 
1054.000000	2.208639 
1052.000000	2.172133 
1050.000000	2.163161 
1048.000000	2.171334 
1046.000000	2.141819 
1044.000000	2.103288 
1042.000000	2.082371 
1040.000000	2.054150 
1038.000000	2.027063 
1036.000000	1.995336 
1034.000000	1.950693 
1032.000000	1.904848 
1030.000000	1.876492 
1028.000000	1.839049 
1026.000000	1.777943 
1024.000000	1.723287 
1022.000000	1.677477 
1020.000000	1.634035 
1018.000000	1.583944 
1016.000000	1.530016 
1014.000000	1.476371 
1012.000000	1.426435 
1010.000000	1.379140 
1008.000000	1.327837 
1006.000000	1.275411 
1004.000000	1.228821 
1002.000000	1.188627 
1000.000000	1.150637 
998.000000	 1.117226 
996.000000	 1.088700 
994.000000	 1.063444 
992.000000	 1.042929 
990.000000	 1.030422 
988.000000	 1.025911 
986.000000	 1.024048 
984.000000	 1.017500 
982.000000	 1.005044 
980.000000	 0.990950 
978.000000	 0.974693 
976.000000	 0.955154 
974.000000	 0.934712 
972.000000	 0.914443 
970.000000	 0.896062 
968.000000	 0.880892 
966.000000	 0.869754 
964.000000	 0.861598 
962.000000	 0.854665 
960.000000	 0.849626 
958.000000	 0.847715 
956.000000	 0.848525 
954.000000	 0.852204 
952.000000	 0.859041 
950.000000	 0.867547 
948.000000	 0.876252 
946.000000	 0.885656 
944.000000	 0.894497 
942.000000	 0.898875 
940.000000	 0.897322 
938.000000	 0.893409 
936.000000	 0.888849 
934.000000	 0.884122 
932.000000	 0.878653 
930.000000	 0.871722 
928.000000	 0.863664 
926.000000	 0.853842 
924.000000	 0.843078 
922.000000	 0.832078 
920.000000	 0.823904 
918.000000	 0.820293 
916.000000	 0.818933 
914.000000	 0.820776 
912.000000	 0.826122 
910.000000	 0.833825 
908.000000	 0.843227 
906.000000	 0.853757 
904.000000	 0.865657 
902.000000	 0.880223 
900.000000	 0.899341 
898.000000	 0.924245 
896.000000	 0.956549 
894.000000	 0.997122 
892.000000	 1.044580 
890.000000	 1.094137 
888.000000	 1.144826 
886.000000	 1.193335 
884.000000	 1.230374 
882.000000	 1.258675 
880.000000	 1.282281 
878.000000	 1.289422 
876.000000	 1.278925 
874.000000	 1.263430 
872.000000	 1.244147 
870.000000	 1.220891 
868.000000	 1.197435 
866.000000	 1.177096 
864.000000	 1.161366 
862.000000	 1.145770 
860.000000	 1.130592 
858.000000	 1.119501 
856.000000	 1.109802 
854.000000	 1.103407 
852.000000	 1.099576 
850.000000	 1.093397 
848.000000	 1.086533 
846.000000	 1.080679 
844.000000	 1.073506 
842.000000	 1.062803 
840.000000	 1.046714 
838.000000	 1.027543 
836.000000	 1.004127 
834.000000	 0.972880 
832.000000	 0.934300 
830.000000	 0.888950 
828.000000	 0.840284 
826.000000	 0.792447 
824.000000	 0.751379 
822.000000	 0.720016 
820.000000	 0.694904 
818.000000	 0.675029 
816.000000	 0.661035 
814.000000	 0.651111 
812.000000	 0.644023 
810.000000	 0.638178 
808.000000	 0.632658 
806.000000	 0.627502 
804.000000	 0.622314 
802.000000	 0.617174 
800.000000	 0.613155 
798.000000	 0.608820 
796.000000	 0.602864 
794.000000	 0.597062 
792.000000	 0.591510 
790.000000	 0.585755 
788.000000	 0.581806 
786.000000	 0.579299 
784.000000	 0.575633 
782.000000	 0.571292 
780.000000	 0.567681 
778.000000	 0.564749 
776.000000	 0.562189 
774.000000	 0.560633 
772.000000	 0.559459 
770.000000	 0.557118 
768.000000	 0.554877 
766.000000	 0.553465 
764.000000	 0.552398 
762.000000	 0.552476 
760.000000	 0.552371 
758.000000	 0.551840 
756.000000	 0.551230 
754.000000	 0.549918 
752.000000	 0.548560 
750.000000	 0.547274 
748.000000	 0.545555 
746.000000	 0.543602 
744.000000	 0.540413 
742.000000	 0.536486 
740.000000	 0.532991 
738.000000	 0.529264 
736.000000	 0.525323 
734.000000	 0.521116 
732.000000	 0.515465 
730.000000	 0.509190 
728.000000	 0.504280 
726.000000	 0.500224 
724.000000	 0.495989 
722.000000	 0.491793 
720.000000	 0.488578 
718.000000	 0.486030 
716.000000	 0.483194 
714.000000	 0.481203 
712.000000	 0.479794 
710.000000	 0.476816 
708.000000	 0.471396 
706.000000	 0.463717 
704.000000	 0.455031 
702.000000	 0.446298 
700.000000	 0.437186 
698.000000	 0.428244 
696.000000	 0.420087 
694.000000	 0.413228 
692.000000	 0.407055 
690.000000	 0.401370 
688.000000	 0.396514 
686.000000	 0.392179 
684.000000	 0.388092 
682.000000	 0.384799 
680.000000	 0.381854 
678.000000	 0.379388 
676.000000	 0.376682 
674.000000	 0.373705 
672.000000	 0.370664 
670.000000	 0.365721 
668.000000	 0.363481 
666.000000	 0.364397 
664.000000	 0.362724 
662.000000	 0.360941 
660.000000	 0.357803 
658.000000	 0.354613 
656.000000	 0.352797 
654.000000	 0.351387 
652.000000	 0.348715 
650.000000	 0.346238 
648.000000	 0.344550 
646.000000	 0.342162 
644.000000	 0.339769 
642.000000	 0.338241 
640.000000	 0.336317 
638.000000	 0.333876 
636.000000	 0.330981 
634.000000	 0.328376 
632.000000	 0.325802 
630.000000	 0.321862 
628.000000	 0.316604 
626.000000	 0.311131 
624.000000	 0.306473 
622.000000	 0.301995 
620.000000	 0.296276 
618.000000	 0.291383 
616.000000	 0.287298 
614.000000	 0.282377 
612.000000	 0.278014 
610.000000	 0.273578 
608.000000	 0.268690 
606.000000	 0.265201 
604.000000	 0.262275 
602.000000	 0.259255 
600.000000	 0.255294 
598.000000	 0.251447 
596.000000	 0.247759 
594.000000	 0.244351 
592.000000	 0.241732 
590.000000	 0.238273 
588.000000	 0.234545 
586.000000	 0.231960 
584.000000	 0.228558 
582.000000	 0.224075 
580.000000	 0.220823 
578.000000	 0.218345 
576.000000	 0.215350 
574.000000	 0.212000 
572.000000	 0.209015 
570.000000	 0.206645 
568.000000	 0.203909 
566.000000	 0.201312 
564.000000	 0.199766 
562.000000	 0.198477 
560.000000	 0.196870 
558.000000	 0.194790 
556.000000	 0.193135 
554.000000	 0.192737 
552.000000	 0.192269 
550.000000	 0.191389 
548.000000	 0.189817 
546.000000	 0.189005 
544.000000	 0.188891 
542.000000	 0.189408 
540.000000	 0.190341 
538.000000	 0.190181 
536.000000	 0.190155 
534.000000	 0.190473 
532.000000	 0.190533 
530.000000	 0.190770 
528.000000	 0.191571 
526.000000	 0.192559 
524.000000	 0.193427 
522.000000	 0.194254 
520.000000	 0.195742 
518.000000	 0.197068 
516.000000	 0.197867 
514.000000	 0.200159 
512.000000	 0.203653 
510.000000	 0.206967 
508.000000	 0.211024 
506.000000	 0.215577 
504.000000	 0.220250 
502.000000	 0.228203 
500.000000	 0.238046 
498.000000	 0.247940 
496.000000	 0.259112 
494.000000	 0.271318 
492.000000	 0.284134 
490.000000	 0.297925 
488.000000	 0.312254 
486.000000	 0.328144 
484.000000	 0.344163 
482.000000	 0.359586 
480.000000	 0.375138 
478.000000	 0.391132 
476.000000	 0.404844 
474.000000	 0.416049 
472.000000	 0.428334 
470.000000	 0.439820 
468.000000	 0.450304 
466.000000	 0.459827 
464.000000	 0.464025 
462.000000	 0.467148 
460.000000	 0.470361 
458.000000	 0.472393 
456.000000	 0.477240 
454.000000	 0.480239 
452.000000	 0.481134 
450.000000	 0.480390 

