4400.000000	1.660593 
4398.000000	1.656363 
4396.000000	1.649030 
4394.000000	1.649737 
4392.000000	1.658291 
4390.000000	1.656532 
4388.000000	1.652012 
4386.000000	1.654892 
4384.000000	1.659405 
4382.000000	1.667740 
4380.000000	1.670091 
4378.000000	1.664147 
4376.000000	1.660389 
4374.000000	1.663527 
4372.000000	1.669636 
4370.000000	1.673368 
4368.000000	1.676778 
4366.000000	1.670547 
4364.000000	1.665597 
4362.000000	1.666519 
4360.000000	1.670615 
4358.000000	1.680249 
4356.000000	1.682242 
4354.000000	1.682018 
4352.000000	1.671129 
4350.000000	1.667442 
4348.000000	1.666322 
4346.000000	1.655201 
4344.000000	1.651677 
4342.000000	1.654649 
4340.000000	1.654103 
4338.000000	1.654995 
4336.000000	1.667326 
4334.000000	1.668192 
4332.000000	1.659717 
4330.000000	1.661304 
4328.000000	1.664774 
4326.000000	1.668496 
4324.000000	1.670392 
4322.000000	1.667187 
4320.000000	1.655730 
4318.000000	1.652551 
4316.000000	1.659429 
4314.000000	1.660712 
4312.000000	1.663269 
4310.000000	1.665219 
4308.000000	1.664611 
4306.000000	1.668805 
4304.000000	1.671629 
4302.000000	1.662921 
4300.000000	1.658947 
4298.000000	1.658730 
4296.000000	1.654215 
4294.000000	1.651223 
4292.000000	1.659902 
4290.000000	1.670212 
4288.000000	1.674032 
4286.000000	1.671527 
4284.000000	1.671450 
4282.000000	1.667302 
4280.000000	1.660138 
4278.000000	1.657590 
4276.000000	1.652662 
4274.000000	1.645228 
4272.000000	1.650602 
4270.000000	1.660640 
4268.000000	1.659462 
4266.000000	1.657514 
4264.000000	1.657430 
4262.000000	1.651603 
4260.000000	1.658357 
4258.000000	1.670208 
4256.000000	1.666130 
4254.000000	1.659264 
4252.000000	1.654490 
4250.000000	1.660915 
4248.000000	1.667110 
4246.000000	1.665497 
4244.000000	1.663613 
4242.000000	1.668014 
4240.000000	1.662483 
4238.000000	1.663651 
4236.000000	1.671984 
4234.000000	1.670450 
4232.000000	1.668332 
4230.000000	1.665966 
4228.000000	1.658405 
4226.000000	1.654897 
4224.000000	1.660688 
4222.000000	1.666375 
4220.000000	1.662416 
4218.000000	1.662065 
4216.000000	1.661352 
4214.000000	1.660712 
4212.000000	1.663064 
4210.000000	1.662412 
4208.000000	1.661214 
4206.000000	1.660949 
4204.000000	1.659023 
4202.000000	1.663341 
4200.000000	1.667437 
4198.000000	1.663837 
4196.000000	1.659684 
4194.000000	1.664224 
4192.000000	1.669080 
4190.000000	1.668761 
4188.000000	1.662050 
4186.000000	1.659259 
4184.000000	1.664123 
4182.000000	1.665669 
4180.000000	1.662512 
4178.000000	1.664769 
4176.000000	1.671056 
4174.000000	1.669636 
4172.000000	1.666831 
4170.000000	1.666663 
4168.000000	1.661874 
4166.000000	1.653156 
4164.000000	1.653254 
4162.000000	1.664817 
4160.000000	1.669332 
4158.000000	1.665688 
4156.000000	1.660896 
4154.000000	1.652928 
4152.000000	1.643712 
4150.000000	1.649704 
4148.000000	1.660323 
4146.000000	1.657378 
4144.000000	1.649760 
4142.000000	1.649603 
4140.000000	1.655791 
4138.000000	1.657406 
4136.000000	1.658438 
4134.000000	1.660006 
4132.000000	1.654934 
4130.000000	1.657077 
4128.000000	1.664018 
4126.000000	1.665257 
4124.000000	1.664171 
4122.000000	1.661684 
4120.000000	1.659921 
4118.000000	1.658749 
4116.000000	1.654107 
4114.000000	1.655238 
4112.000000	1.658721 
4110.000000	1.655997 
4108.000000	1.652411 
4106.000000	1.655290 
4104.000000	1.659278 
4102.000000	1.657877 
4100.000000	1.656654 
4098.000000	1.658475 
4096.000000	1.666360 
4094.000000	1.666384 
4092.000000	1.657463 
4090.000000	1.651056 
4088.000000	1.646221 
4086.000000	1.653613 
4084.000000	1.654967 
4082.000000	1.651947 
4080.000000	1.656715 
4078.000000	1.659193 
4076.000000	1.656565 
4074.000000	1.657467 
4072.000000	1.656570 
4070.000000	1.651608 
4068.000000	1.651102 
4066.000000	1.654042 
4064.000000	1.656673 
4062.000000	1.659098 
4060.000000	1.650713 
4058.000000	1.643908 
4056.000000	1.644396 
4054.000000	1.649977 
4052.000000	1.657613 
4050.000000	1.658419 
4048.000000	1.651649 
4046.000000	1.647162 
4044.000000	1.654682 
4042.000000	1.657773 
4040.000000	1.649487 
4038.000000	1.644351 
4036.000000	1.653473 
4034.000000	1.658216 
4032.000000	1.654958 
4030.000000	1.657745 
4028.000000	1.657609 
4026.000000	1.652793 
4024.000000	1.646442 
4022.000000	1.643174 
4020.000000	1.650148 
4018.000000	1.653631 
4016.000000	1.656143 
4014.000000	1.658155 
4012.000000	1.648735 
4010.000000	1.640329 
4008.000000	1.639611 
4006.000000	1.643671 
4004.000000	1.652453 
4002.000000	1.655285 
4000.000000	1.646777 
3998.000000	1.641584 
3996.000000	1.645782 
3994.000000	1.653324 
3992.000000	1.654430 
3990.000000	1.650268 
3988.000000	1.651761 
3986.000000	1.650963 
3984.000000	1.647070 
3982.000000	1.651274 
3980.000000	1.657058 
3978.000000	1.655206 
3976.000000	1.648901 
3974.000000	1.647811 
3972.000000	1.651882 
3970.000000	1.651176 
3968.000000	1.653571 
3966.000000	1.655121 
3964.000000	1.650000 
3962.000000	1.649408 
3960.000000	1.646208 
3958.000000	1.641784 
3956.000000	1.642179 
3954.000000	1.646735 
3952.000000	1.650194 
3950.000000	1.650727 
3948.000000	1.655182 
3946.000000	1.654874 
3944.000000	1.647484 
3942.000000	1.648087 
3940.000000	1.649575 
3938.000000	1.647024 
3936.000000	1.649233 
3934.000000	1.648206 
3932.000000	1.650481 
3930.000000	1.655505 
3928.000000	1.649741 
3926.000000	1.648785 
3924.000000	1.656913 
3922.000000	1.655936 
3920.000000	1.651069 
3918.000000	1.656687 
3916.000000	1.657849 
3914.000000	1.655697 
3912.000000	1.653496 
3910.000000	1.646405 
3908.000000	1.641230 
3906.000000	1.639399 
3904.000000	1.645164 
3902.000000	1.654173 
3900.000000	1.662755 
3898.000000	1.666951 
3896.000000	1.656532 
3894.000000	1.641775 
3892.000000	1.640248 
3890.000000	1.652835 
3888.000000	1.653231 
3886.000000	1.650634 
3884.000000	1.654546 
3882.000000	1.651223 
3880.000000	1.654981 
3878.000000	1.659117 
3876.000000	1.653776 
3874.000000	1.654168 
3872.000000	1.653268 
3870.000000	1.649090 
3868.000000	1.654771 
3866.000000	1.660915 
3864.000000	1.666442 
3862.000000	1.662888 
3860.000000	1.660048 
3858.000000	1.654037 
3856.000000	1.634717 
3854.000000	1.640338 
3852.000000	1.678389 
3850.000000	1.679873 
3848.000000	1.657594 
3846.000000	1.647314 
3844.000000	1.649233 
3842.000000	1.647613 
3840.000000	1.646676 
3838.000000	1.660475 
3836.000000	1.668858 
3834.000000	1.666985 
3832.000000	1.663851 
3830.000000	1.664769 
3828.000000	1.664272 
3826.000000	1.660683 
3824.000000	1.655187 
3822.000000	1.654350 
3820.000000	1.669090 
3818.000000	1.668380 
3816.000000	1.667999 
3814.000000	1.675011 
3812.000000	1.663326 
3810.000000	1.649792 
3808.000000	1.644314 
3806.000000	1.656307 
3804.000000	1.666216 
3802.000000	1.665152 
3800.000000	1.670256 
3798.000000	1.669467 
3796.000000	1.668684 
3794.000000	1.674052 
3792.000000	1.668279 
3790.000000	1.662602 
3788.000000	1.666375 
3786.000000	1.665813 
3784.000000	1.662907 
3782.000000	1.662374 
3780.000000	1.661718 
3778.000000	1.665971 
3776.000000	1.664994 
3774.000000	1.658881 
3772.000000	1.655571 
3770.000000	1.665813 
3768.000000	1.669588 
3766.000000	1.665291 
3764.000000	1.670416 
3762.000000	1.668665 
3760.000000	1.663374 
3758.000000	1.662707 
3756.000000	1.660712 
3754.000000	1.645722 
3752.000000	1.636785 
3750.000000	1.660773 
3748.000000	1.673480 
3746.000000	1.666918 
3744.000000	1.689853 
3742.000000	1.712026 
3740.000000	1.698747 
3738.000000	1.676286 
3736.000000	1.683894 
3734.000000	1.706863 
3732.000000	1.713453 
3730.000000	1.710317 
3728.000000	1.703084 
3726.000000	1.698908 
3724.000000	1.696446 
3722.000000	1.710020 
3720.000000	1.727379 
3718.000000	1.718811 
3716.000000	1.700609 
3714.000000	1.687377 
3712.000000	1.695994 
3710.000000	1.713688 
3708.000000	1.719944 
3706.000000	1.722188 
3704.000000	1.719494 
3702.000000	1.723676 
3700.000000	1.734786 
3698.000000	1.737871 
3696.000000	1.738132 
3694.000000	1.731505 
3692.000000	1.725780 
3690.000000	1.738449 
3688.000000	1.760053 
3686.000000	1.766941 
3684.000000	1.759976 
3682.000000	1.756245 
3680.000000	1.749896 
3678.000000	1.738835 
3676.000000	1.745622 
3674.000000	1.770978 
3672.000000	1.771070 
3670.000000	1.779212 
3668.000000	1.790298 
3666.000000	1.779212 
3664.000000	1.774124 
3662.000000	1.774678 
3660.000000	1.770636 
3658.000000	1.763666 
3656.000000	1.773533 
3654.000000	1.780416 
3652.000000	1.759755 
3650.000000	1.752950 
3648.000000	1.777391 
3646.000000	1.792655 
3644.000000	1.792257 
3642.000000	1.782124 
3640.000000	1.776382 
3638.000000	1.783625 
3636.000000	1.790618 
3634.000000	1.785244 
3632.000000	1.775844 
3630.000000	1.770887 
3628.000000	1.787662 
3626.000000	1.796311 
3624.000000	1.793941 
3622.000000	1.782412 
3620.000000	1.780110 
3618.000000	1.801963 
3616.000000	1.813888 
3614.000000	1.805223 
3612.000000	1.794696 
3610.000000	1.787643 
3608.000000	1.798669 
3606.000000	1.806193 
3604.000000	1.801622 
3602.000000	1.793214 
3600.000000	1.792662 
3598.000000	1.798402 
3596.000000	1.797596 
3594.000000	1.790771 
3592.000000	1.791155 
3590.000000	1.793825 
3588.000000	1.804127 
3586.000000	1.817709 
3584.000000	1.817186 
3582.000000	1.815483 
3580.000000	1.812467 
3578.000000	1.814462 
3576.000000	1.812588 
3574.000000	1.800659 
3572.000000	1.797596 
3570.000000	1.795723 
3568.000000	1.798441 
3566.000000	1.813922 
3564.000000	1.820496 
3562.000000	1.812730 
3560.000000	1.809439 
3558.000000	1.815659 
3556.000000	1.816907 
3554.000000	1.812138 
3552.000000	1.816303 
3550.000000	1.811984 
3548.000000	1.804886 
3546.000000	1.817294 
3544.000000	1.825600 
3542.000000	1.822479 
3540.000000	1.818486 
3538.000000	1.812609 
3536.000000	1.827691 
3534.000000	1.840266 
3532.000000	1.832620 
3530.000000	1.822025 
3528.000000	1.810469 
3526.000000	1.801504 
3524.000000	1.810235 
3522.000000	1.825240 
3520.000000	1.825870 
3518.000000	1.825025 
3516.000000	1.822775 
3514.000000	1.822803 
3512.000000	1.828583 
3510.000000	1.836662 
3508.000000	1.847056 
3506.000000	1.840639 
3504.000000	1.828541 
3502.000000	1.838278 
3500.000000	1.838535 
3498.000000	1.823161 
3496.000000	1.820920 
3494.000000	1.826092 
3492.000000	1.834123 
3490.000000	1.840051 
3488.000000	1.837024 
3486.000000	1.834485 
3484.000000	1.831193 
3482.000000	1.837081 
3480.000000	1.836761 
3478.000000	1.836491 
3476.000000	1.840567 
3474.000000	1.836462 
3472.000000	1.826467 
3470.000000	1.824921 
3468.000000	1.833121 
3466.000000	1.841500 
3464.000000	1.843395 
3462.000000	1.842984 
3460.000000	1.839951 
3458.000000	1.838763 
3456.000000	1.841012 
3454.000000	1.848339 
3452.000000	1.853534 
3450.000000	1.838878 
3448.000000	1.828415 
3446.000000	1.841766 
3444.000000	1.845864 
3442.000000	1.836669 
3440.000000	1.837651 
3438.000000	1.841271 
3436.000000	1.836562 
3434.000000	1.837608 
3432.000000	1.849584 
3430.000000	1.850206 
3428.000000	1.838564 
3426.000000	1.840639 
3424.000000	1.842263 
3422.000000	1.840187 
3420.000000	1.845689 
3418.000000	1.844320 
3416.000000	1.840044 
3414.000000	1.839807 
3412.000000	1.842328 
3410.000000	1.838021 
3408.000000	1.838435 
3406.000000	1.844132 
3404.000000	1.837643 
3402.000000	1.829267 
3400.000000	1.835171 
3398.000000	1.840366 
3396.000000	1.832395 
3394.000000	1.827072 
3392.000000	1.830927 
3390.000000	1.833558 
3388.000000	1.840445 
3386.000000	1.843626 
3384.000000	1.841163 
3382.000000	1.835682 
3380.000000	1.824735 
3378.000000	1.821181 
3376.000000	1.827733 
3374.000000	1.831868 
3372.000000	1.833304 
3370.000000	1.836882 
3368.000000	1.837594 
3366.000000	1.834336 
3364.000000	1.834230 
3362.000000	1.829813 
3360.000000	1.832487 
3358.000000	1.835838 
3356.000000	1.826682 
3354.000000	1.825441 
3352.000000	1.827955 
3350.000000	1.823326 
3348.000000	1.822679 
3346.000000	1.831011 
3344.000000	1.840990 
3342.000000	1.838863 
3340.000000	1.830085 
3338.000000	1.828653 
3336.000000	1.831699 
3334.000000	1.830002 
3332.000000	1.822300 
3330.000000	1.817158 
3328.000000	1.820591 
3326.000000	1.835178 
3324.000000	1.834747 
3322.000000	1.823492 
3320.000000	1.817532 
3318.000000	1.811413 
3316.000000	1.819229 
3314.000000	1.822548 
3312.000000	1.812824 
3310.000000	1.815158 
3308.000000	1.820975 
3306.000000	1.813053 
3304.000000	1.809286 
3302.000000	1.814003 
3300.000000	1.817036 
3298.000000	1.819680 
3296.000000	1.819414 
3294.000000	1.811299 
3292.000000	1.808079 
3290.000000	1.805117 
3288.000000	1.802120 
3286.000000	1.799836 
3284.000000	1.794941 
3282.000000	1.793980 
3280.000000	1.796143 
3278.000000	1.797485 
3276.000000	1.796674 
3274.000000	1.797960 
3272.000000	1.801235 
3270.000000	1.799033 
3268.000000	1.798805 
3266.000000	1.800287 
3264.000000	1.796454 
3262.000000	1.791520 
3260.000000	1.788374 
3258.000000	1.794212 
3256.000000	1.804193 
3254.000000	1.798662 
3252.000000	1.781723 
3250.000000	1.778335 
3248.000000	1.783040 
3246.000000	1.789169 
3244.000000	1.797667 
3242.000000	1.803415 
3240.000000	1.796227 
3238.000000	1.786540 
3236.000000	1.783449 
3234.000000	1.779880 
3232.000000	1.776524 
3230.000000	1.779667 
3228.000000	1.786053 
3226.000000	1.784197 
3224.000000	1.778975 
3222.000000	1.772803 
3220.000000	1.770985 
3218.000000	1.776592 
3216.000000	1.772729 
3214.000000	1.770307 
3212.000000	1.772680 
3210.000000	1.775789 
3208.000000	1.779274 
3206.000000	1.774937 
3204.000000	1.770039 
3202.000000	1.770221 
3200.000000	1.769253 
3198.000000	1.765496 
3196.000000	1.768493 
3194.000000	1.768250 
3192.000000	1.764237 
3190.000000	1.755520 
3188.000000	1.750810 
3186.000000	1.759160 
3184.000000	1.764219 
3182.000000	1.766626 
3180.000000	1.770966 
3178.000000	1.761736 
3176.000000	1.757185 
3174.000000	1.762569 
3172.000000	1.759339 
3170.000000	1.756706 
3168.000000	1.760327 
3166.000000	1.760846 
3164.000000	1.757801 
3162.000000	1.754836 
3160.000000	1.748658 
3158.000000	1.743374 
3156.000000	1.743460 
3154.000000	1.750851 
3152.000000	1.756068 
3150.000000	1.753015 
3148.000000	1.745155 
3146.000000	1.742767 
3144.000000	1.740939 
3142.000000	1.742286 
3140.000000	1.745334 
3138.000000	1.740756 
3136.000000	1.733388 
3134.000000	1.733444 
3132.000000	1.736063 
3130.000000	1.733187 
3128.000000	1.731800 
3126.000000	1.734758 
3124.000000	1.735033 
3122.000000	1.729690 
3120.000000	1.731114 
3118.000000	1.736453 
3116.000000	1.732180 
3114.000000	1.729890 
3112.000000	1.731951 
3110.000000	1.729129 
3108.000000	1.724943 
3106.000000	1.715282 
3104.000000	1.712539 
3102.000000	1.716670 
3100.000000	1.719418 
3098.000000	1.722117 
3096.000000	1.722052 
3094.000000	1.720064 
3092.000000	1.718264 
3090.000000	1.720439 
3088.000000	1.720330 
3086.000000	1.714943 
3084.000000	1.712090 
3082.000000	1.716013 
3080.000000	1.716978 
3078.000000	1.707126 
3076.000000	1.703690 
3074.000000	1.708277 
3072.000000	1.710270 
3070.000000	1.714938 
3068.000000	1.714846 
3066.000000	1.708404 
3064.000000	1.709405 
3062.000000	1.712923 
3060.000000	1.710387 
3058.000000	1.707300 
3056.000000	1.701983 
3054.000000	1.699778 
3052.000000	1.697750 
3050.000000	1.693579 
3048.000000	1.697410 
3046.000000	1.700952 
3044.000000	1.702661 
3042.000000	1.702504 
3040.000000	1.696071 
3038.000000	1.690208 
3036.000000	1.690939 
3034.000000	1.692997 
3032.000000	1.692849 
3030.000000	1.693702 
3028.000000	1.688972 
3026.000000	1.686672 
3024.000000	1.686848 
3022.000000	1.684574 
3020.000000	1.686818 
3018.000000	1.694224 
3016.000000	1.694869 
3014.000000	1.691264 
3012.000000	1.691529 
3010.000000	1.687735 
3008.000000	1.679046 
3006.000000	1.674555 
3004.000000	1.678972 
3002.000000	1.684189 
3000.000000	1.685030 
2998.000000	1.684349 
2996.000000	1.679759 
2994.000000	1.679754 
2992.000000	1.689478 
2990.000000	1.690264 
2988.000000	1.681625 
2986.000000	1.675722 
2984.000000	1.676345 
2982.000000	1.681505 
2980.000000	1.688188 
2978.000000	1.692639 
2976.000000	1.692165 
2974.000000	1.686124 
2972.000000	1.681879 
2970.000000	1.684064 
2968.000000	1.685527 
2966.000000	1.684649 
2964.000000	1.685928 
2962.000000	1.688259 
2960.000000	1.691519 
2958.000000	1.692201 
2956.000000	1.694306 
2954.000000	1.695639 
2952.000000	1.686164 
2950.000000	1.679689 
2948.000000	1.681177 
2946.000000	1.684029 
2944.000000	1.683824 
2942.000000	1.684734 
2940.000000	1.686416 
2938.000000	1.684629 
2936.000000	1.681197 
2934.000000	1.686521 
2932.000000	1.697998 
2930.000000	1.699421 
2928.000000	1.695233 
2926.000000	1.697626 
2924.000000	1.698820 
2922.000000	1.695177 
2920.000000	1.689154 
2918.000000	1.681615 
2916.000000	1.677216 
2914.000000	1.677772 
2912.000000	1.678522 
2910.000000	1.674106 
2908.000000	1.671027 
2906.000000	1.670620 
2904.000000	1.669593 
2902.000000	1.669249 
2900.000000	1.666918 
2898.000000	1.665760 
2896.000000	1.664472 
2894.000000	1.661010 
2892.000000	1.658457 
2890.000000	1.656251 
2888.000000	1.650731 
2886.000000	1.646974 
2884.000000	1.650028 
2882.000000	1.651269 
2880.000000	1.652295 
2878.000000	1.657529 
2876.000000	1.656589 
2874.000000	1.650977 
2872.000000	1.645988 
2870.000000	1.645301 
2868.000000	1.651236 
2866.000000	1.653240 
2864.000000	1.654201 
2862.000000	1.657030 
2860.000000	1.652635 
2858.000000	1.646377 
2856.000000	1.650342 
2854.000000	1.651482 
2852.000000	1.644382 
2850.000000	1.645196 
2848.000000	1.644204 
2846.000000	1.640067 
2844.000000	1.640506 
2842.000000	1.644026 
2840.000000	1.645173 
2838.000000	1.642751 
2836.000000	1.637512 
2834.000000	1.635432 
2832.000000	1.634431 
2830.000000	1.632348 
2828.000000	1.633972 
2826.000000	1.632388 
2824.000000	1.625098 
2822.000000	1.621363 
2820.000000	1.624016 
2818.000000	1.623620 
2816.000000	1.621930 
2814.000000	1.621774 
2812.000000	1.623020 
2810.000000	1.625386 
2808.000000	1.627006 
2806.000000	1.623886 
2804.000000	1.621965 
2802.000000	1.620191 
2800.000000	1.615959 
2798.000000	1.617965 
2796.000000	1.619423 
2794.000000	1.620835 
2792.000000	1.627919 
2790.000000	1.634043 
2788.000000	1.632859 
2786.000000	1.623990 
2784.000000	1.617059 
2782.000000	1.616181 
2780.000000	1.617870 
2778.000000	1.619109 
2776.000000	1.625434 
2774.000000	1.627809 
2772.000000	1.623281 
2770.000000	1.621580 
2768.000000	1.623951 
2766.000000	1.621298 
2764.000000	1.616828 
2762.000000	1.616549 
2760.000000	1.616648 
2758.000000	1.619092 
2756.000000	1.622872 
2754.000000	1.616734 
2752.000000	1.613027 
2750.000000	1.618610 
2748.000000	1.622390 
2746.000000	1.621441 
2744.000000	1.617926 
2742.000000	1.616451 
2740.000000	1.617377 
2738.000000	1.619372 
2736.000000	1.621307 
2734.000000	1.617814 
2732.000000	1.615660 
2730.000000	1.618752 
2728.000000	1.621004 
2726.000000	1.619527 
2724.000000	1.614896 
2722.000000	1.612180 
2720.000000	1.607392 
2718.000000	1.604608 
2716.000000	1.607756 
2714.000000	1.611169 
2712.000000	1.612087 
2710.000000	1.610121 
2708.000000	1.610336 
2706.000000	1.613274 
2704.000000	1.613371 
2702.000000	1.608639 
2700.000000	1.608117 
2698.000000	1.612403 
2696.000000	1.615933 
2694.000000	1.617608 
2692.000000	1.613422 
2690.000000	1.606646 
2688.000000	1.607689 
2686.000000	1.613848 
2684.000000	1.613941 
2682.000000	1.612032 
2680.000000	1.608769 
2678.000000	1.604196 
2676.000000	1.602663 
2674.000000	1.606240 
2672.000000	1.608365 
2670.000000	1.609506 
2668.000000	1.609156 
2666.000000	1.608681 
2664.000000	1.611021 
2662.000000	1.612350 
2660.000000	1.608201 
2658.000000	1.602013 
2656.000000	1.602270 
2654.000000	1.606889 
2652.000000	1.610826 
2650.000000	1.606554 
2648.000000	1.602170 
2646.000000	1.601318 
2644.000000	1.604188 
2642.000000	1.607178 
2640.000000	1.606671 
2638.000000	1.603859 
2636.000000	1.600913 
2634.000000	1.598725 
2632.000000	1.598626 
2630.000000	1.601400 
2628.000000	1.599490 
2626.000000	1.599148 
2624.000000	1.603780 
2622.000000	1.602129 
2620.000000	1.598376 
2618.000000	1.600355 
2616.000000	1.600124 
2614.000000	1.601450 
2612.000000	1.603601 
2610.000000	1.600273 
2608.000000	1.597215 
2606.000000	1.598717 
2604.000000	1.603772 
2602.000000	1.603473 
2600.000000	1.600747 
2598.000000	1.602274 
2596.000000	1.596769 
2594.000000	1.590089 
2592.000000	1.591016 
2590.000000	1.590371 
2588.000000	1.593239 
2586.000000	1.600884 
2584.000000	1.603381 
2582.000000	1.603776 
2580.000000	1.600714 
2578.000000	1.593819 
2576.000000	1.594112 
2574.000000	1.598741 
2572.000000	1.600723 
2570.000000	1.600256 
2568.000000	1.597687 
2566.000000	1.595670 
2564.000000	1.591974 
2562.000000	1.591513 
2560.000000	1.592023 
2558.000000	1.592011 
2556.000000	1.593718 
2554.000000	1.594820 
2552.000000	1.590202 
2550.000000	1.587238 
2548.000000	1.590976 
2546.000000	1.593202 
2544.000000	1.593868 
2542.000000	1.594327 
2540.000000	1.593896 
2538.000000	1.590258 
2536.000000	1.587222 
2534.000000	1.587358 
2532.000000	1.585548 
2530.000000	1.585656 
2528.000000	1.586654 
2526.000000	1.587058 
2524.000000	1.588236 
2522.000000	1.588384 
2520.000000	1.583512 
2518.000000	1.582157 
2516.000000	1.586658 
2514.000000	1.585775 
2512.000000	1.583075 
2510.000000	1.582659 
2508.000000	1.584334 
2506.000000	1.586646 
2504.000000	1.589075 
2502.000000	1.588801 
2500.000000	1.587726 
2498.000000	1.587430 
2496.000000	1.585361 
2494.000000	1.585472 
2492.000000	1.583317 
2490.000000	1.583305 
2488.000000	1.585943 
2486.000000	1.583428 
2484.000000	1.580944 
2482.000000	1.582438 
2480.000000	1.582913 
2478.000000	1.582283 
2476.000000	1.581177 
2474.000000	1.580648 
2472.000000	1.583282 
2470.000000	1.587110 
2468.000000	1.584648 
2466.000000	1.582006 
2464.000000	1.579711 
2462.000000	1.576660 
2460.000000	1.574750 
2458.000000	1.576090 
2456.000000	1.581125 
2454.000000	1.581659 
2452.000000	1.581453 
2450.000000	1.584322 
2448.000000	1.580329 
2446.000000	1.574730 
2444.000000	1.574486 
2442.000000	1.576273 
2440.000000	1.578240 
2438.000000	1.582184 
2436.000000	1.583178 
2434.000000	1.579302 
2432.000000	1.577763 
2430.000000	1.578127 
2428.000000	1.577500 
2426.000000	1.575104 
2424.000000	1.573050 
2422.000000	1.572148 
2420.000000	1.571963 
2418.000000	1.572601 
2416.000000	1.574241 
2414.000000	1.578096 
2412.000000	1.579947 
2410.000000	1.580175 
2408.000000	1.578045 
2406.000000	1.572833 
2404.000000	1.574179 
2402.000000	1.576656 
2400.000000	1.574781 
2398.000000	1.574124 
2396.000000	1.574474 
2394.000000	1.573375 
2392.000000	1.574606 
2390.000000	1.573519 
2388.000000	1.571773 
2386.000000	1.568143 
2384.000000	1.567412 
2382.000000	1.567699 
2380.000000	1.567687 
2378.000000	1.566762 
2376.000000	1.558658 
2374.000000	1.553614 
2372.000000	1.557812 
2370.000000	1.560472 
2368.000000	1.556889 
2366.000000	1.556304 
2364.000000	1.562157 
2362.000000	1.569147 
2360.000000	1.570662 
2358.000000	1.571947 
2356.000000	1.571287 
2354.000000	1.577289 
2352.000000	1.586490 
2350.000000	1.586666 
2348.000000	1.574423 
2346.000000	1.565363 
2344.000000	1.568909 
2342.000000	1.574641 
2340.000000	1.573534 
2338.000000	1.570878 
2336.000000	1.572849 
2334.000000	1.582141 
2332.000000	1.587534 
2330.000000	1.592740 
2328.000000	1.592967 
2326.000000	1.584155 
2324.000000	1.584147 
2322.000000	1.588280 
2320.000000	1.591845 
2318.000000	1.595507 
2316.000000	1.596880 
2314.000000	1.597334 
2312.000000	1.601889 
2310.000000	1.605914 
2308.000000	1.608160 
2306.000000	1.615118 
2304.000000	1.617797 
2302.000000	1.617982 
2300.000000	1.621813 
2298.000000	1.628232 
2296.000000	1.633691 
2294.000000	1.639746 
2292.000000	1.642669 
2290.000000	1.641443 
2288.000000	1.647728 
2286.000000	1.658098 
2284.000000	1.670111 
2282.000000	1.684359 
2280.000000	1.695064 
2278.000000	1.705568 
2276.000000	1.718128 
2274.000000	1.729906 
2272.000000	1.740551 
2270.000000	1.754265 
2268.000000	1.764737 
2266.000000	1.770948 
2264.000000	1.785029 
2262.000000	1.798734 
2260.000000	1.803969 
2258.000000	1.805858 
2256.000000	1.810864 
2254.000000	1.811608 
2252.000000	1.814064 
2250.000000	1.823754 
2248.000000	1.821524 
2246.000000	1.817084 
2244.000000	1.817941 
2242.000000	1.813161 
2240.000000	1.801517 
2238.000000	1.790432 
2236.000000	1.780054 
2234.000000	1.769429 
2232.000000	1.765998 
2230.000000	1.759976 
2228.000000	1.750263 
2226.000000	1.747933 
2224.000000	1.741721 
2222.000000	1.738432 
2220.000000	1.743283 
2218.000000	1.742945 
2216.000000	1.744500 
2214.000000	1.751967 
2212.000000	1.755260 
2210.000000	1.759119 
2208.000000	1.768171 
2206.000000	1.771596 
2204.000000	1.767346 
2202.000000	1.772239 
2200.000000	1.776518 
2198.000000	1.774044 
2196.000000	1.766251 
2194.000000	1.755655 
2192.000000	1.748873 
2190.000000	1.737486 
2188.000000	1.732185 
2186.000000	1.738506 
2184.000000	1.736808 
2182.000000	1.726441 
2180.000000	1.722478 
2178.000000	1.719825 
2176.000000	1.714675 
2174.000000	1.713100 
2172.000000	1.714026 
2170.000000	1.713437 
2168.000000	1.710047 
2166.000000	1.709277 
2164.000000	1.708240 
2162.000000	1.707480 
2160.000000	1.708796 
2158.000000	1.708690 
2156.000000	1.708092 
2154.000000	1.710323 
2152.000000	1.712304 
2150.000000	1.713410 
2148.000000	1.713619 
2146.000000	1.708738 
2144.000000	1.710748 
2142.000000	1.711712 
2140.000000	1.707443 
2138.000000	1.705541 
2136.000000	1.703931 
2134.000000	1.699851 
2132.000000	1.696477 
2130.000000	1.701571 
2128.000000	1.702436 
2126.000000	1.700988 
2124.000000	1.707242 
2122.000000	1.720961 
2120.000000	1.726672 
2118.000000	1.721032 
2116.000000	1.717539 
2114.000000	1.722243 
2112.000000	1.717015 
2110.000000	1.703973 
2108.000000	1.694874 
2106.000000	1.689483 
2104.000000	1.686094 
2102.000000	1.684950 
2100.000000	1.680096 
2098.000000	1.674546 
2096.000000	1.672685 
2094.000000	1.670358 
2092.000000	1.669472 
2090.000000	1.668679 
2088.000000	1.663460 
2086.000000	1.660304 
2084.000000	1.654369 
2082.000000	1.645470 
2080.000000	1.639363 
2078.000000	1.631971 
2076.000000	1.620831 
2074.000000	1.610978 
2072.000000	1.604896 
2070.000000	1.595948 
2068.000000	1.578758 
2066.000000	1.565961 
2064.000000	1.559048 
2062.000000	1.551360 
2060.000000	1.548074 
2058.000000	1.549323 
2056.000000	1.543826 
2054.000000	1.535202 
2052.000000	1.532041 
2050.000000	1.531777 
2048.000000	1.529017 
2046.000000	1.523059 
2044.000000	1.523031 
2042.000000	1.527086 
2040.000000	1.527870 
2038.000000	1.523601 
2036.000000	1.517994 
2034.000000	1.516427 
2032.000000	1.518025 
2030.000000	1.518997 
2028.000000	1.517698 
2026.000000	1.514460 
2024.000000	1.511498 
2022.000000	1.508613 
2020.000000	1.510574 
2018.000000	1.511918 
2016.000000	1.508383 
2014.000000	1.508052 
2012.000000	1.507166 
2010.000000	1.505316 
2008.000000	1.504183 
2006.000000	1.505240 
2004.000000	1.505903 
2002.000000	1.503628 
2000.000000	1.501856 
1998.000000	1.504953 
1996.000000	1.507040 
1994.000000	1.503143 
1992.000000	1.502708 
1990.000000	1.504494 
1988.000000	1.503971 
1986.000000	1.504332 
1984.000000	1.502461 
1982.000000	1.500307 
1980.000000	1.498153 
1978.000000	1.494298 
1976.000000	1.494547 
1974.000000	1.495550 
1972.000000	1.494437 
1970.000000	1.493188 
1968.000000	1.493211 
1966.000000	1.495988 
1964.000000	1.493662 
1962.000000	1.490785 
1960.000000	1.493824 
1958.000000	1.496459 
1956.000000	1.494321 
1954.000000	1.490183 
1952.000000	1.488924 
1950.000000	1.489732 
1948.000000	1.492242 
1946.000000	1.491298 
1944.000000	1.486769 
1942.000000	1.490858 
1940.000000	1.498043 
1938.000000	1.497034 
1936.000000	1.493714 
1934.000000	1.490772 
1932.000000	1.489454 
1930.000000	1.488863 
1928.000000	1.488388 
1926.000000	1.488324 
1924.000000	1.486521 
1922.000000	1.485361 
1920.000000	1.481000 
1918.000000	1.486156 
1916.000000	1.497320 
1914.000000	1.492316 
1912.000000	1.485700 
1910.000000	1.483167 
1908.000000	1.484732 
1906.000000	1.484410 
1904.000000	1.482661 
1902.000000	1.483067 
1900.000000	1.481621 
1898.000000	1.480681 
1896.000000	1.482610 
1894.000000	1.485399 
1892.000000	1.480411 
1890.000000	1.474691 
1888.000000	1.477995 
1886.000000	1.477168 
1884.000000	1.475983 
1882.000000	1.476042 
1880.000000	1.475794 
1878.000000	1.475754 
1876.000000	1.473417 
1874.000000	1.472448 
1872.000000	1.471972 
1870.000000	1.471417 
1868.000000	1.477435 
1866.000000	1.479945 
1864.000000	1.475884 
1862.000000	1.472762 
1860.000000	1.473368 
1858.000000	1.474397 
1856.000000	1.474527 
1854.000000	1.473275 
1852.000000	1.474360 
1850.000000	1.473777 
1848.000000	1.468342 
1846.000000	1.456967 
1844.000000	1.462838 
1842.000000	1.476417 
1840.000000	1.472156 
1838.000000	1.469658 
1836.000000	1.470486 
1834.000000	1.466877 
1832.000000	1.456668 
1830.000000	1.458886 
1828.000000	1.466444 
1826.000000	1.461832 
1824.000000	1.466398 
1822.000000	1.464620 
1820.000000	1.455525 
1818.000000	1.455874 
1816.000000	1.460154 
1814.000000	1.459774 
1812.000000	1.460189 
1810.000000	1.457715 
1808.000000	1.454876 
1806.000000	1.454363 
1804.000000	1.452574 
1802.000000	1.446185 
1800.000000	1.451109 
1798.000000	1.455969 
1796.000000	1.451341 
1794.000000	1.442238 
1792.000000	1.447988 
1790.000000	1.456182 
1788.000000	1.447500 
1786.000000	1.440374 
1784.000000	1.441740 
1782.000000	1.439892 
1780.000000	1.440040 
1778.000000	1.442508 
1776.000000	1.436027 
1774.000000	1.424579 
1772.000000	1.431561 
1770.000000	1.441857 
1768.000000	1.439872 
1766.000000	1.440953 
1764.000000	1.432000 
1762.000000	1.431027 
1760.000000	1.432807 
1758.000000	1.424430 
1756.000000	1.429469 
1754.000000	1.427675 
1752.000000	1.417588 
1750.000000	1.425124 
1748.000000	1.431561 
1746.000000	1.429471 
1744.000000	1.425518 
1742.000000	1.421973 
1740.000000	1.424783 
1738.000000	1.434068 
1736.000000	1.412712 
1734.000000	1.421825 
1732.000000	1.445226 
1730.000000	1.433736 
1728.000000	1.429227 
1726.000000	1.422115 
1724.000000	1.417071 
1722.000000	1.417171 
1720.000000	1.403540 
1718.000000	1.403687 
1716.000000	1.423620 
1714.000000	1.423370 
1712.000000	1.417382 
1710.000000	1.411263 
1708.000000	1.403957 
1706.000000	1.407827 
1704.000000	1.412252 
1702.000000	1.389774 
1700.000000	1.408841 
1698.000000	1.413350 
1696.000000	1.403530 
1694.000000	1.421229 
1692.000000	1.407623 
1690.000000	1.394694 
1688.000000	1.387729 
1686.000000	1.370058 
1684.000000	1.390372 
1682.000000	1.413175 
1680.000000	1.400385 
1678.000000	1.387694 
1676.000000	1.379217 
1674.000000	1.393511 
1672.000000	1.386806 
1670.000000	1.386156 
1668.000000	1.398855 
1666.000000	1.388124 
1664.000000	1.375546 
1662.000000	1.385512 
1660.000000	1.389269 
1658.000000	1.377870 
1656.000000	1.355080 
1654.000000	1.346279 
1652.000000	1.400507 
1650.000000	1.389094 
1648.000000	1.366484 
1646.000000	1.387982 
1644.000000	1.396756 
1642.000000	1.384760 
1640.000000	1.376410 
1638.000000	1.364114 
1636.000000	1.372746 
1634.000000	1.396945 
1632.000000	1.383993 
1630.000000	1.370561 
1628.000000	1.375701 
1626.000000	1.376444 
1624.000000	1.367891 
1622.000000	1.375431 
1620.000000	1.369182 
1618.000000	1.357455 
1616.000000	1.374905 
1614.000000	1.375972 
1612.000000	1.360790 
1610.000000	1.354960 
1608.000000	1.355204 
1606.000000	1.354192 
1604.000000	1.348686 
1602.000000	1.344520 
1600.000000	1.341660 
1598.000000	1.337785 
1596.000000	1.335604 
1594.000000	1.332686 
1592.000000	1.328624 
1590.000000	1.324953 
1588.000000	1.323586 
1586.000000	1.321840 
1584.000000	1.319716 
1582.000000	1.318577 
1580.000000	1.313876 
1578.000000	1.302048 
1576.000000	1.315477 
1574.000000	1.324029 
1572.000000	1.304389 
1570.000000	1.300995 
1568.000000	1.313214 
1566.000000	1.307354 
1564.000000	1.301395 
1562.000000	1.285051 
1560.000000	1.275676 
1558.000000	1.323415 
1556.000000	1.316892 
1554.000000	1.303264 
1552.000000	1.297559 
1550.000000	1.292328 
1548.000000	1.291801 
1546.000000	1.283103 
1544.000000	1.278141 
1542.000000	1.272921 
1540.000000	1.291469 
1538.000000	1.310428 
1536.000000	1.286951 
1534.000000	1.274008 
1532.000000	1.284233 
1530.000000	1.277124 
1528.000000	1.268841 
1526.000000	1.268340 
1524.000000	1.264463 
1522.000000	1.263772 
1520.000000	1.278758 
1518.000000	1.269711 
1516.000000	1.271540 
1514.000000	1.268025 
1512.000000	1.259694 
1510.000000	1.254231 
1508.000000	1.249119 
1506.000000	1.277140 
1504.000000	1.276842 
1502.000000	1.255960 
1500.000000	1.246894 
1498.000000	1.250102 
1496.000000	1.259674 
1494.000000	1.259026 
1492.000000	1.248482 
1490.000000	1.251010 
1488.000000	1.257040 
1486.000000	1.253895 
1484.000000	1.246367 
1482.000000	1.242421 
1480.000000	1.242506 
1478.000000	1.236784 
1476.000000	1.235967 
1474.000000	1.238790 
1472.000000	1.251629 
1470.000000	1.252815 
1468.000000	1.240788 
1466.000000	1.234683 
1464.000000	1.243283 
1462.000000	1.242345 
1460.000000	1.226898 
1458.000000	1.224475 
1456.000000	1.248159 
1454.000000	1.245418 
1452.000000	1.233948 
1450.000000	1.229932 
1448.000000	1.226561 
1446.000000	1.225410 
1444.000000	1.221528 
1442.000000	1.218600 
1440.000000	1.210068 
1438.000000	1.201273 
1436.000000	1.212652 
1434.000000	1.212579 
1432.000000	1.202139 
1430.000000	1.202271 
1428.000000	1.202469 
1426.000000	1.194027 
1424.000000	1.190956 
1422.000000	1.184806 
1420.000000	1.182101 
1418.000000	1.195906 
1416.000000	1.190696 
1414.000000	1.182796 
1412.000000	1.180941 
1410.000000	1.177455 
1408.000000	1.171070 
1406.000000	1.169256 
1404.000000	1.174288 
1402.000000	1.170117 
1400.000000	1.165339 
1398.000000	1.168338 
1396.000000	1.165314 
1394.000000	1.165350 
1392.000000	1.163138 
1390.000000	1.155285 
1388.000000	1.153564 
1386.000000	1.157515 
1384.000000	1.154295 
1382.000000	1.150117 
1380.000000	1.148124 
1378.000000	1.145291 
1376.000000	1.140544 
1374.000000	1.140521 
1372.000000	1.140191 
1370.000000	1.135282 
1368.000000	1.132699 
1366.000000	1.128167 
1364.000000	1.124280 
1362.000000	1.129712 
1360.000000	1.128525 
1358.000000	1.122988 
1356.000000	1.119817 
1354.000000	1.116745 
1352.000000	1.114462 
1350.000000	1.112428 
1348.000000	1.110046 
1346.000000	1.107988 
1344.000000	1.105191 
1342.000000	1.102261 
1340.000000	1.099652 
1338.000000	1.099212 
1336.000000	1.097055 
1334.000000	1.093235 
1332.000000	1.090530 
1330.000000	1.089400 
1328.000000	1.088125 
1326.000000	1.086766 
1324.000000	1.086087 
1322.000000	1.083730 
1320.000000	1.081419 
1318.000000	1.081358 
1316.000000	1.080556 
1314.000000	1.078138 
1312.000000	1.076116 
1310.000000	1.072757 
1308.000000	1.070208 
1306.000000	1.067841 
1304.000000	1.065694 
1302.000000	1.064990 
1300.000000	1.063919 
1298.000000	1.061658 
1296.000000	1.060303 
1294.000000	1.058584 
1292.000000	1.056131 
1290.000000	1.054118 
1288.000000	1.053886 
1286.000000	1.053125 
1284.000000	1.050807 
1282.000000	1.048239 
1280.000000	1.047280 
1278.000000	1.046388 
1276.000000	1.044097 
1274.000000	1.041828 
1272.000000	1.040742 
1270.000000	1.041398 
1268.000000	1.041455 
1266.000000	1.039578 
1264.000000	1.038246 
1262.000000	1.040610 
1260.000000	1.042106 
1258.000000	1.039525 
1256.000000	1.037230 
1254.000000	1.035713 
1252.000000	1.035791 
1250.000000	1.039442 
1248.000000	1.041749 
1246.000000	1.041538 
1244.000000	1.041815 
1242.000000	1.044501 
1240.000000	1.048568 
1238.000000	1.053295 
1236.000000	1.058906 
1234.000000	1.066091 
1232.000000	1.073050 
1230.000000	1.081328 
1228.000000	1.091132 
1226.000000	1.102516 
1224.000000	1.114826 
1222.000000	1.126566 
1220.000000	1.141018 
1218.000000	1.156362 
1216.000000	1.169689 
1214.000000	1.184198 
1212.000000	1.202032 
1210.000000	1.220682 
1208.000000	1.236762 
1206.000000	1.252728 
1204.000000	1.270373 
1202.000000	1.288298 
1200.000000	1.305737 
1198.000000	1.325233 
1196.000000	1.343044 
1194.000000	1.359684 
1192.000000	1.379445 
1190.000000	1.396088 
1188.000000	1.411183 
1186.000000	1.430098 
1184.000000	1.447875 
1182.000000	1.461206 
1180.000000	1.476191 
1178.000000	1.493311 
1176.000000	1.506102 
1174.000000	1.519764 
1172.000000	1.535884 
1170.000000	1.553021 
1168.000000	1.566140 
1166.000000	1.573139 
1164.000000	1.580014 
1162.000000	1.591659 
1160.000000	1.606650 
1158.000000	1.618158 
1156.000000	1.628121 
1154.000000	1.632215 
1152.000000	1.641276 
1150.000000	1.653636 
1148.000000	1.657237 
1146.000000	1.658966 
1144.000000	1.669777 
1142.000000	1.680686 
1140.000000	1.686054 
1138.000000	1.684785 
1136.000000	1.686220 
1134.000000	1.697699 
1132.000000	1.710397 
1130.000000	1.712945 
1128.000000	1.708034 
1126.000000	1.708066 
1124.000000	1.720287 
1122.000000	1.733826 
1120.000000	1.744454 
1118.000000	1.748908 
1116.000000	1.749186 
1114.000000	1.759529 
1112.000000	1.771688 
1110.000000	1.774364 
1108.000000	1.775912 
1106.000000	1.776091 
1104.000000	1.778186 
1102.000000	1.792649 
1100.000000	1.803376 
1098.000000	1.803632 
1096.000000	1.810295 
1094.000000	1.826800 
1092.000000	1.831418 
1090.000000	1.834400 
1088.000000	1.841810 
1086.000000	1.847646 
1084.000000	1.856180 
1082.000000	1.869866 
1080.000000	1.895687 
1078.000000	1.915755 
1076.000000	1.927037 
1074.000000	1.929424 
1072.000000	1.923985 
1070.000000	1.926757 
1068.000000	1.939432 
1066.000000	1.945234 
1064.000000	1.935908 
1062.000000	1.931108 
1060.000000	1.929011 
1058.000000	1.918175 
1056.000000	1.906698 
1054.000000	1.894898 
1052.000000	1.877936 
1050.000000	1.876344 
1048.000000	1.874099 
1046.000000	1.861227 
1044.000000	1.848529 
1042.000000	1.828988 
1040.000000	1.805560 
1038.000000	1.786243 
1036.000000	1.755402 
1034.000000	1.733254 
1032.000000	1.716643 
1030.000000	1.677654 
1028.000000	1.640506 
1026.000000	1.613567 
1024.000000	1.581587 
1022.000000	1.542094 
1020.000000	1.503958 
1018.000000	1.460730 
1016.000000	1.412292 
1014.000000	1.373636 
1012.000000	1.337046 
1010.000000	1.293438 
1008.000000	1.251744 
1006.000000	1.211004 
1004.000000	1.173539 
1002.000000	1.140073 
1000.000000	1.106671 
998.000000	 1.076698 
996.000000	 1.052545 
994.000000	 1.032620 
992.000000	 1.016271 
990.000000	 1.006935 
988.000000	 1.007047 
986.000000	 1.012274 
984.000000	 1.014983 
982.000000	 1.011036 
980.000000	 1.004124 
978.000000	 0.992690 
976.000000	 0.974065 
974.000000	 0.951034 
972.000000	 0.926664 
970.000000	 0.903410 
968.000000	 0.883576 
966.000000	 0.868358 
964.000000	 0.856326 
962.000000	 0.847292 
960.000000	 0.839646 
958.000000	 0.834476 
956.000000	 0.833619 
954.000000	 0.836050 
952.000000	 0.842552 
950.000000	 0.853677 
948.000000	 0.866237 
946.000000	 0.877232 
944.000000	 0.887410 
942.000000	 0.895104 
940.000000	 0.896657 
938.000000	 0.894355 
936.000000	 0.890268 
934.000000	 0.885284 
932.000000	 0.877264 
930.000000	 0.867965 
928.000000	 0.858238 
926.000000	 0.848055 
924.000000	 0.838359 
922.000000	 0.828867 
920.000000	 0.820282 
918.000000	 0.813457 
916.000000	 0.807863 
914.000000	 0.805439 
912.000000	 0.806240 
910.000000	 0.809182 
908.000000	 0.814625 
906.000000	 0.820957 
904.000000	 0.826260 
902.000000	 0.832434 
900.000000	 0.841532 
898.000000	 0.854265 
896.000000	 0.873987 
894.000000	 0.901624 
892.000000	 0.933763 
890.000000	 0.968800 
888.000000	 1.006274 
886.000000	 1.044468 
884.000000	 1.076711 
882.000000	 1.102526 
880.000000	 1.124069 
878.000000	 1.138825 
876.000000	 1.142409 
874.000000	 1.140444 
872.000000	 1.135422 
870.000000	 1.127724 
868.000000	 1.116909 
866.000000	 1.103348 
864.000000	 1.093053 
862.000000	 1.084314 
860.000000	 1.074887 
858.000000	 1.069239 
856.000000	 1.064360 
854.000000	 1.057958 
852.000000	 1.052465 
850.000000	 1.047854 
848.000000	 1.043224 
846.000000	 1.039152 
844.000000	 1.035467 
842.000000	 1.030907 
840.000000	 1.021892 
838.000000	 1.009038 
836.000000	 0.994000 
834.000000	 0.971776 
832.000000	 0.942475 
830.000000	 0.907387 
828.000000	 0.866307 
826.000000	 0.823045 
824.000000	 0.781342 
822.000000	 0.744752 
820.000000	 0.714877 
818.000000	 0.691042 
816.000000	 0.671907 
814.000000	 0.656664 
812.000000	 0.645616 
810.000000	 0.636816 
808.000000	 0.628013 
806.000000	 0.620600 
804.000000	 0.613686 
802.000000	 0.607128 
800.000000	 0.600148 
798.000000	 0.592183 
796.000000	 0.584392 
794.000000	 0.576344 
792.000000	 0.568754 
790.000000	 0.560963 
788.000000	 0.553282 
786.000000	 0.546980 
784.000000	 0.541422 
782.000000	 0.536593 
780.000000	 0.531330 
778.000000	 0.525922 
776.000000	 0.521647 
774.000000	 0.517797 
772.000000	 0.513937 
770.000000	 0.511040 
768.000000	 0.508545 
766.000000	 0.506143 
764.000000	 0.505279 
762.000000	 0.504765 
760.000000	 0.503391 
758.000000	 0.502435 
756.000000	 0.501993 
754.000000	 0.501707 
752.000000	 0.501832 
750.000000	 0.502050 
748.000000	 0.501839 
746.000000	 0.500908 
744.000000	 0.500440 
742.000000	 0.500582 
740.000000	 0.500075 
738.000000	 0.498136 
736.000000	 0.494943 
734.000000	 0.492519 
732.000000	 0.491387 
730.000000	 0.490173 
728.000000	 0.488392 
726.000000	 0.486911 
724.000000	 0.486052 
722.000000	 0.485106 
720.000000	 0.484331 
718.000000	 0.484685 
716.000000	 0.485453 
714.000000	 0.486370 
712.000000	 0.487065 
710.000000	 0.487109 
708.000000	 0.484734 
706.000000	 0.480335 
704.000000	 0.473111 
702.000000	 0.464334 
700.000000	 0.455589 
698.000000	 0.447677 
696.000000	 0.440933 
694.000000	 0.434585 
692.000000	 0.429457 
690.000000	 0.425794 
688.000000	 0.423022 
686.000000	 0.420501 
684.000000	 0.418011 
682.000000	 0.416585 
680.000000	 0.416362 
678.000000	 0.416633 
676.000000	 0.416709 
674.000000	 0.417105 
672.000000	 0.417284 
670.000000	 0.413548 
668.000000	 0.410524 
666.000000	 0.410858 
664.000000	 0.407111 
662.000000	 0.403185 
660.000000	 0.398912 
658.000000	 0.395072 
656.000000	 0.392425 
654.000000	 0.390375 
652.000000	 0.388240 
650.000000	 0.385680 
648.000000	 0.384368 
646.000000	 0.384258 
644.000000	 0.383315 
642.000000	 0.382632 
640.000000	 0.382192 
638.000000	 0.382343 
636.000000	 0.381021 
634.000000	 0.378573 
632.000000	 0.375389 
630.000000	 0.370695 
628.000000	 0.363997 
626.000000	 0.354944 
624.000000	 0.344775 
622.000000	 0.334049 
620.000000	 0.323563 
618.000000	 0.312580 
616.000000	 0.301393 
614.000000	 0.290404 
612.000000	 0.280605 
610.000000	 0.273286 
608.000000	 0.266263 
606.000000	 0.258149 
604.000000	 0.250677 
602.000000	 0.244960 
600.000000	 0.240100 
598.000000	 0.234236 
596.000000	 0.228449 
594.000000	 0.222801 
592.000000	 0.217877 
590.000000	 0.213116 
588.000000	 0.207657 
586.000000	 0.202013 
584.000000	 0.196487 
582.000000	 0.191082 
580.000000	 0.187111 
578.000000	 0.183911 
576.000000	 0.180028 
574.000000	 0.175548 
572.000000	 0.172125 
570.000000	 0.169362 
568.000000	 0.166090 
566.000000	 0.162685 
564.000000	 0.159240 
562.000000	 0.156259 
560.000000	 0.154440 
558.000000	 0.153655 
556.000000	 0.152124 
554.000000	 0.149063 
552.000000	 0.147040 
550.000000	 0.146347 
548.000000	 0.145359 
546.000000	 0.145626 
544.000000	 0.145071 
542.000000	 0.143950 
540.000000	 0.144376 
538.000000	 0.144626 
536.000000	 0.144655 
534.000000	 0.145482 
532.000000	 0.146799 
530.000000	 0.147810 
528.000000	 0.147973 
526.000000	 0.147505 
524.000000	 0.147125 
522.000000	 0.147282 
520.000000	 0.148399 
518.000000	 0.150298 
516.000000	 0.151911 
514.000000	 0.152820 
512.000000	 0.153329 
510.000000	 0.154013 
508.000000	 0.155562 
506.000000	 0.157984 
504.000000	 0.161313 
502.000000	 0.165513 
500.000000	 0.169451 
498.000000	 0.173089 
496.000000	 0.177340 
494.000000	 0.182448 
492.000000	 0.189300 
490.000000	 0.197701 
488.000000	 0.206647 
486.000000	 0.216798 
484.000000	 0.227843 
482.000000	 0.236728 
480.000000	 0.245409 
478.000000	 0.253882 
476.000000	 0.261276 
474.000000	 0.269218 
472.000000	 0.277220 
470.000000	 0.285283 
468.000000	 0.289639 
466.000000	 0.291636 
464.000000	 0.295948 
462.000000	 0.299130 
460.000000	 0.299839 
458.000000	 0.302170 
456.000000	 0.306302 
454.000000	 0.307692 
452.000000	 0.306033 
450.000000	 0.306318 

