4400.000000	1.671066 
4398.000000	1.670731 
4396.000000	1.661722 
4394.000000	1.667119 
4392.000000	1.677837 
4390.000000	1.675501 
4388.000000	1.667293 
4386.000000	1.666927 
4384.000000	1.669656 
4382.000000	1.671396 
4380.000000	1.663746 
4378.000000	1.657190 
4376.000000	1.661461 
4374.000000	1.665022 
4372.000000	1.666365 
4370.000000	1.666101 
4368.000000	1.661513 
4366.000000	1.655131 
4364.000000	1.654023 
4362.000000	1.663312 
4360.000000	1.669898 
4358.000000	1.672875 
4356.000000	1.670038 
4354.000000	1.667630 
4352.000000	1.671673 
4350.000000	1.671644 
4348.000000	1.668684 
4346.000000	1.662840 
4344.000000	1.666918 
4342.000000	1.676876 
4340.000000	1.673148 
4338.000000	1.662659 
4336.000000	1.658975 
4334.000000	1.662088 
4332.000000	1.668525 
4330.000000	1.674795 
4328.000000	1.671357 
4326.000000	1.664420 
4324.000000	1.667956 
4322.000000	1.670028 
4320.000000	1.673436 
4318.000000	1.684719 
4316.000000	1.682232 
4314.000000	1.671090 
4312.000000	1.666471 
4310.000000	1.666326 
4308.000000	1.666202 
4306.000000	1.661148 
4304.000000	1.662055 
4302.000000	1.668211 
4300.000000	1.666821 
4298.000000	1.660011 
4296.000000	1.661760 
4294.000000	1.666053 
4292.000000	1.661813 
4290.000000	1.655880 
4288.000000	1.653049 
4286.000000	1.653193 
4284.000000	1.660385 
4282.000000	1.667168 
4280.000000	1.667466 
4278.000000	1.668650 
4276.000000	1.671192 
4274.000000	1.665727 
4272.000000	1.658810 
4270.000000	1.664276 
4268.000000	1.665885 
4266.000000	1.658145 
4264.000000	1.659585 
4262.000000	1.665190 
4260.000000	1.665123 
4258.000000	1.661390 
4256.000000	1.659150 
4254.000000	1.664171 
4252.000000	1.664186 
4250.000000	1.660186 
4248.000000	1.658103 
4246.000000	1.660347 
4244.000000	1.664960 
4242.000000	1.662255 
4240.000000	1.661779 
4238.000000	1.664209 
4236.000000	1.654874 
4234.000000	1.652244 
4232.000000	1.653781 
4230.000000	1.653515 
4228.000000	1.656124 
4226.000000	1.658051 
4224.000000	1.657646 
4222.000000	1.656997 
4220.000000	1.657162 
4218.000000	1.656077 
4216.000000	1.651984 
4214.000000	1.655253 
4212.000000	1.659982 
4210.000000	1.662074 
4208.000000	1.660768 
4206.000000	1.664133 
4204.000000	1.670586 
4202.000000	1.661190 
4200.000000	1.650722 
4198.000000	1.656180 
4196.000000	1.655730 
4194.000000	1.651538 
4192.000000	1.655833 
4190.000000	1.657637 
4188.000000	1.655346 
4186.000000	1.649473 
4184.000000	1.655533 
4182.000000	1.665679 
4180.000000	1.658268 
4178.000000	1.649746 
4176.000000	1.648905 
4174.000000	1.656162 
4172.000000	1.667273 
4170.000000	1.664644 
4168.000000	1.659713 
4166.000000	1.657623 
4164.000000	1.653319 
4162.000000	1.659680 
4160.000000	1.667548 
4158.000000	1.666543 
4156.000000	1.664023 
4154.000000	1.665295 
4152.000000	1.667307 
4150.000000	1.665458 
4148.000000	1.664850 
4146.000000	1.662878 
4144.000000	1.663274 
4142.000000	1.662731 
4140.000000	1.658532 
4138.000000	1.653841 
4136.000000	1.658924 
4134.000000	1.665439 
4132.000000	1.662526 
4130.000000	1.655889 
4128.000000	1.655168 
4126.000000	1.656129 
4124.000000	1.657637 
4122.000000	1.666254 
4120.000000	1.672646 
4118.000000	1.664855 
4116.000000	1.659949 
4114.000000	1.663183 
4112.000000	1.660342 
4110.000000	1.652421 
4108.000000	1.654691 
4106.000000	1.660333 
4104.000000	1.659599 
4102.000000	1.660385 
4100.000000	1.658042 
4098.000000	1.660006 
4096.000000	1.664238 
4094.000000	1.658796 
4092.000000	1.651654 
4090.000000	1.653841 
4088.000000	1.655056 
4086.000000	1.654612 
4084.000000	1.657599 
4082.000000	1.663102 
4080.000000	1.665377 
4078.000000	1.663436 
4076.000000	1.665449 
4074.000000	1.671343 
4072.000000	1.665185 
4070.000000	1.651464 
4068.000000	1.648119 
4066.000000	1.656302 
4064.000000	1.664100 
4062.000000	1.659604 
4060.000000	1.657218 
4058.000000	1.664668 
4056.000000	1.667023 
4054.000000	1.664611 
4052.000000	1.663527 
4050.000000	1.666024 
4048.000000	1.668274 
4046.000000	1.667336 
4044.000000	1.662065 
4042.000000	1.659987 
4040.000000	1.664620 
4038.000000	1.659027 
4036.000000	1.657562 
4034.000000	1.661794 
4032.000000	1.663823 
4030.000000	1.665497 
4028.000000	1.658433 
4026.000000	1.653450 
4024.000000	1.655351 
4022.000000	1.653221 
4020.000000	1.654359 
4018.000000	1.659940 
4016.000000	1.663813 
4014.000000	1.661086 
4012.000000	1.650398 
4010.000000	1.648970 
4008.000000	1.657594 
4006.000000	1.655946 
4004.000000	1.653841 
4002.000000	1.663918 
4000.000000	1.666519 
3998.000000	1.661623 
3996.000000	1.663131 
3994.000000	1.663021 
3992.000000	1.662031 
3990.000000	1.663827 
3988.000000	1.664425 
3986.000000	1.664314 
3984.000000	1.659670 
3982.000000	1.655369 
3980.000000	1.659840 
3978.000000	1.663341 
3976.000000	1.662502 
3974.000000	1.659684 
3972.000000	1.660257 
3970.000000	1.659627 
3968.000000	1.660138 
3966.000000	1.663617 
3964.000000	1.660863 
3962.000000	1.661048 
3960.000000	1.664936 
3958.000000	1.664932 
3956.000000	1.661490 
3954.000000	1.655885 
3952.000000	1.654089 
3950.000000	1.658876 
3948.000000	1.661138 
3946.000000	1.659226 
3944.000000	1.665257 
3942.000000	1.669443 
3940.000000	1.668723 
3938.000000	1.675334 
3936.000000	1.672417 
3934.000000	1.660025 
3932.000000	1.658400 
3930.000000	1.659500 
3928.000000	1.659117 
3926.000000	1.658952 
3924.000000	1.671168 
3922.000000	1.682033 
3920.000000	1.675202 
3918.000000	1.667808 
3916.000000	1.666980 
3914.000000	1.669307 
3912.000000	1.664439 
3910.000000	1.659717 
3908.000000	1.655388 
3906.000000	1.648331 
3904.000000	1.645878 
3902.000000	1.656251 
3900.000000	1.666956 
3898.000000	1.673514 
3896.000000	1.673817 
3894.000000	1.666278 
3892.000000	1.658032 
3890.000000	1.662493 
3888.000000	1.662826 
3886.000000	1.664209 
3884.000000	1.671464 
3882.000000	1.662978 
3880.000000	1.659481 
3878.000000	1.665291 
3876.000000	1.662069 
3874.000000	1.662764 
3872.000000	1.666379 
3870.000000	1.672510 
3868.000000	1.677625 
3866.000000	1.666125 
3864.000000	1.657406 
3862.000000	1.663517 
3860.000000	1.662783 
3858.000000	1.658013 
3856.000000	1.647314 
3854.000000	1.651190 
3852.000000	1.680462 
3850.000000	1.683499 
3848.000000	1.673837 
3846.000000	1.663479 
3844.000000	1.657402 
3842.000000	1.657627 
3840.000000	1.664119 
3838.000000	1.672291 
3836.000000	1.671255 
3834.000000	1.667630 
3832.000000	1.667509 
3830.000000	1.667750 
3828.000000	1.663250 
3826.000000	1.666235 
3824.000000	1.659930 
3822.000000	1.659500 
3820.000000	1.672958 
3818.000000	1.662107 
3816.000000	1.665991 
3814.000000	1.679120 
3812.000000	1.671221 
3810.000000	1.664076 
3808.000000	1.661005 
3806.000000	1.665219 
3804.000000	1.661219 
3802.000000	1.665200 
3800.000000	1.683939 
3798.000000	1.680532 
3796.000000	1.672252 
3794.000000	1.670634 
3792.000000	1.664869 
3790.000000	1.666889 
3788.000000	1.667447 
3786.000000	1.664908 
3784.000000	1.671076 
3782.000000	1.670848 
3780.000000	1.665281 
3778.000000	1.673759 
3776.000000	1.678409 
3774.000000	1.670750 
3772.000000	1.665401 
3770.000000	1.670028 
3768.000000	1.672866 
3766.000000	1.672983 
3764.000000	1.673344 
3762.000000	1.664750 
3760.000000	1.668718 
3758.000000	1.682546 
3756.000000	1.675246 
3754.000000	1.661817 
3752.000000	1.664477 
3750.000000	1.693150 
3748.000000	1.717653 
3746.000000	1.720771 
3744.000000	1.735432 
3742.000000	1.743036 
3740.000000	1.729756 
3738.000000	1.716584 
3736.000000	1.713678 
3734.000000	1.726088 
3732.000000	1.729812 
3730.000000	1.726198 
3728.000000	1.722767 
3726.000000	1.716352 
3724.000000	1.709474 
3722.000000	1.715599 
3720.000000	1.726341 
3718.000000	1.737017 
3716.000000	1.738755 
3714.000000	1.725372 
3712.000000	1.731170 
3710.000000	1.749001 
3708.000000	1.758038 
3706.000000	1.761282 
3704.000000	1.768050 
3702.000000	1.771773 
3700.000000	1.773447 
3698.000000	1.770655 
3696.000000	1.766771 
3694.000000	1.768931 
3692.000000	1.758798 
3690.000000	1.759125 
3688.000000	1.783109 
3686.000000	1.801314 
3684.000000	1.802856 
3682.000000	1.799503 
3680.000000	1.798773 
3678.000000	1.791181 
3676.000000	1.797726 
3674.000000	1.824942 
3672.000000	1.831383 
3670.000000	1.836320 
3668.000000	1.850485 
3666.000000	1.843886 
3664.000000	1.830976 
3662.000000	1.831769 
3660.000000	1.827148 
3658.000000	1.816398 
3656.000000	1.823078 
3654.000000	1.825829 
3652.000000	1.827440 
3650.000000	1.851308 
3648.000000	1.867067 
3646.000000	1.867029 
3644.000000	1.855496 
3642.000000	1.850273 
3640.000000	1.852788 
3638.000000	1.849862 
3636.000000	1.848113 
3634.000000	1.844132 
3632.000000	1.834832 
3630.000000	1.832107 
3628.000000	1.867022 
3626.000000	1.889470 
3624.000000	1.876282 
3622.000000	1.854266 
3620.000000	1.853800 
3618.000000	1.869414 
3616.000000	1.867349 
3614.000000	1.856582 
3612.000000	1.850515 
3610.000000	1.848741 
3608.000000	1.860468 
3606.000000	1.873604 
3604.000000	1.874339 
3602.000000	1.868319 
3600.000000	1.862455 
3598.000000	1.869299 
3596.000000	1.872738 
3594.000000	1.867258 
3592.000000	1.864415 
3590.000000	1.862916 
3588.000000	1.866580 
3586.000000	1.880666 
3584.000000	1.887380 
3582.000000	1.878624 
3580.000000	1.866298 
3578.000000	1.865378 
3576.000000	1.866268 
3574.000000	1.860401 
3572.000000	1.856321 
3570.000000	1.852360 
3568.000000	1.863384 
3566.000000	1.899123 
3564.000000	1.905655 
3562.000000	1.894614 
3560.000000	1.895459 
3558.000000	1.891514 
3556.000000	1.880085 
3554.000000	1.869514 
3552.000000	1.879322 
3550.000000	1.892442 
3548.000000	1.887548 
3546.000000	1.885213 
3544.000000	1.896667 
3542.000000	1.894248 
3540.000000	1.886901 
3538.000000	1.890990 
3536.000000	1.907676 
3534.000000	1.911349 
3532.000000	1.906689 
3530.000000	1.899402 
3528.000000	1.896496 
3526.000000	1.901418 
3524.000000	1.893332 
3522.000000	1.885889 
3520.000000	1.892935 
3518.000000	1.897885 
3516.000000	1.900158 
3514.000000	1.906289 
3512.000000	1.905397 
3510.000000	1.899065 
3508.000000	1.896937 
3506.000000	1.908321 
3504.000000	1.920660 
3502.000000	1.912380 
3500.000000	1.909421 
3498.000000	1.909000 
3496.000000	1.906731 
3494.000000	1.911071 
3492.000000	1.907768 
3490.000000	1.895435 
3488.000000	1.890241 
3486.000000	1.907484 
3484.000000	1.917704 
3482.000000	1.911240 
3480.000000	1.903337 
3478.000000	1.907709 
3476.000000	1.914920 
3474.000000	1.913841 
3472.000000	1.910843 
3470.000000	1.915244 
3468.000000	1.911949 
3466.000000	1.900487 
3464.000000	1.902459 
3462.000000	1.908589 
3460.000000	1.917490 
3458.000000	1.923264 
3456.000000	1.914827 
3454.000000	1.902989 
3452.000000	1.898499 
3450.000000	1.899697 
3448.000000	1.906314 
3446.000000	1.913151 
3444.000000	1.911408 
3442.000000	1.912609 
3440.000000	1.918896 
3438.000000	1.913586 
3436.000000	1.916557 
3434.000000	1.927668 
3432.000000	1.924028 
3430.000000	1.912533 
3428.000000	1.910220 
3426.000000	1.913747 
3424.000000	1.914274 
3422.000000	1.906464 
3420.000000	1.903378 
3418.000000	1.909614 
3416.000000	1.911966 
3414.000000	1.918269 
3412.000000	1.928879 
3410.000000	1.930994 
3408.000000	1.919257 
3406.000000	1.912727 
3404.000000	1.912499 
3402.000000	1.906130 
3400.000000	1.900035 
3398.000000	1.893591 
3396.000000	1.899262 
3394.000000	1.911105 
3392.000000	1.908807 
3390.000000	1.908648 
3388.000000	1.910919 
3386.000000	1.903204 
3384.000000	1.896659 
3382.000000	1.897509 
3380.000000	1.895020 
3378.000000	1.889462 
3376.000000	1.894183 
3374.000000	1.894768 
3372.000000	1.898147 
3370.000000	1.911003 
3368.000000	1.911459 
3366.000000	1.904922 
3364.000000	1.901559 
3362.000000	1.896463 
3360.000000	1.888164 
3358.000000	1.890394 
3356.000000	1.900191 
3354.000000	1.902079 
3352.000000	1.895061 
3350.000000	1.884951 
3348.000000	1.882827 
3346.000000	1.889944 
3344.000000	1.888372 
3342.000000	1.875566 
3340.000000	1.875667 
3338.000000	1.888012 
3336.000000	1.890338 
3334.000000	1.892749 
3332.000000	1.883824 
3330.000000	1.873093 
3328.000000	1.865986 
3326.000000	1.866222 
3324.000000	1.867357 
3322.000000	1.878429 
3320.000000	1.886303 
3318.000000	1.876625 
3316.000000	1.872568 
3314.000000	1.878022 
3312.000000	1.879196 
3310.000000	1.874022 
3308.000000	1.870196 
3306.000000	1.867708 
3304.000000	1.866230 
3302.000000	1.863754 
3300.000000	1.865006 
3298.000000	1.865431 
3296.000000	1.866481 
3294.000000	1.867769 
3292.000000	1.862961 
3290.000000	1.859014 
3288.000000	1.856715 
3286.000000	1.859471 
3284.000000	1.861649 
3282.000000	1.857446 
3280.000000	1.859913 
3278.000000	1.861988 
3276.000000	1.859359 
3274.000000	1.862410 
3272.000000	1.867166 
3270.000000	1.858797 
3268.000000	1.855801 
3266.000000	1.857244 
3264.000000	1.850676 
3262.000000	1.850683 
3260.000000	1.851087 
3258.000000	1.849320 
3256.000000	1.847624 
3254.000000	1.851146 
3252.000000	1.853327 
3250.000000	1.849554 
3248.000000	1.846874 
3246.000000	1.845900 
3244.000000	1.841853 
3242.000000	1.836832 
3240.000000	1.835994 
3238.000000	1.838564 
3236.000000	1.837622 
3234.000000	1.838278 
3232.000000	1.836768 
3230.000000	1.833876 
3228.000000	1.839292 
3226.000000	1.840051 
3224.000000	1.834534 
3222.000000	1.822541 
3220.000000	1.820379 
3218.000000	1.827072 
3216.000000	1.828450 
3214.000000	1.829470 
3212.000000	1.827245 
3210.000000	1.821421 
3208.000000	1.826641 
3206.000000	1.828750 
3204.000000	1.826731 
3202.000000	1.827795 
3200.000000	1.827670 
3198.000000	1.824548 
3196.000000	1.820955 
3194.000000	1.811749 
3192.000000	1.804932 
3190.000000	1.808253 
3188.000000	1.813026 
3186.000000	1.812979 
3184.000000	1.809860 
3182.000000	1.804542 
3180.000000	1.798187 
3178.000000	1.796428 
3176.000000	1.794309 
3174.000000	1.795277 
3172.000000	1.798877 
3170.000000	1.799829 
3168.000000	1.797687 
3166.000000	1.791289 
3164.000000	1.784600 
3162.000000	1.790196 
3160.000000	1.795464 
3158.000000	1.796066 
3156.000000	1.799810 
3154.000000	1.795154 
3152.000000	1.789087 
3150.000000	1.787034 
3148.000000	1.780510 
3146.000000	1.778950 
3144.000000	1.782494 
3142.000000	1.786337 
3140.000000	1.782789 
3138.000000	1.776939 
3136.000000	1.777522 
3134.000000	1.780766 
3132.000000	1.776357 
3130.000000	1.774111 
3128.000000	1.775399 
3126.000000	1.771088 
3124.000000	1.769107 
3122.000000	1.772698 
3120.000000	1.774296 
3118.000000	1.763889 
3116.000000	1.758163 
3114.000000	1.762575 
3112.000000	1.760178 
3110.000000	1.756824 
3108.000000	1.758537 
3106.000000	1.760423 
3104.000000	1.760047 
3102.000000	1.756955 
3100.000000	1.754318 
3098.000000	1.756677 
3096.000000	1.758121 
3094.000000	1.756777 
3092.000000	1.749791 
3090.000000	1.747250 
3088.000000	1.753654 
3086.000000	1.751388 
3084.000000	1.742184 
3082.000000	1.739096 
3080.000000	1.743082 
3078.000000	1.746297 
3076.000000	1.744845 
3074.000000	1.746996 
3072.000000	1.747192 
3070.000000	1.742275 
3068.000000	1.740005 
3066.000000	1.740682 
3064.000000	1.737577 
3062.000000	1.737334 
3060.000000	1.743506 
3058.000000	1.738562 
3056.000000	1.728602 
3054.000000	1.728580 
3052.000000	1.728248 
3050.000000	1.726970 
3048.000000	1.723753 
3046.000000	1.724356 
3044.000000	1.734853 
3042.000000	1.739971 
3040.000000	1.734460 
3038.000000	1.727285 
3036.000000	1.727318 
3034.000000	1.728137 
3032.000000	1.725934 
3030.000000	1.723282 
3028.000000	1.720281 
3026.000000	1.715325 
3024.000000	1.719863 
3022.000000	1.727274 
3020.000000	1.722418 
3018.000000	1.714074 
3016.000000	1.712421 
3014.000000	1.717080 
3012.000000	1.726926 
3010.000000	1.727545 
3008.000000	1.719098 
3006.000000	1.716908 
3004.000000	1.721463 
3002.000000	1.713822 
3000.000000	1.704974 
2998.000000	1.705242 
2996.000000	1.704198 
2994.000000	1.708246 
2992.000000	1.715986 
2990.000000	1.718930 
2988.000000	1.717296 
2986.000000	1.714675 
2984.000000	1.718399 
2982.000000	1.719695 
2980.000000	1.713704 
2978.000000	1.705268 
2976.000000	1.702082 
2974.000000	1.709325 
2972.000000	1.713844 
2970.000000	1.714804 
2968.000000	1.714723 
2966.000000	1.714804 
2964.000000	1.716832 
2962.000000	1.717480 
2960.000000	1.717080 
2958.000000	1.718096 
2956.000000	1.716056 
2954.000000	1.713758 
2952.000000	1.711792 
2950.000000	1.706083 
2948.000000	1.704067 
2946.000000	1.707918 
2944.000000	1.706520 
2942.000000	1.708849 
2940.000000	1.715943 
2938.000000	1.718015 
2936.000000	1.715292 
2934.000000	1.708584 
2932.000000	1.709527 
2930.000000	1.710652 
2928.000000	1.711147 
2926.000000	1.716056 
2924.000000	1.716606 
2922.000000	1.714449 
2920.000000	1.715228 
2918.000000	1.711957 
2916.000000	1.701113 
2914.000000	1.693625 
2912.000000	1.690974 
2910.000000	1.688063 
2908.000000	1.690264 
2906.000000	1.688401 
2904.000000	1.685276 
2902.000000	1.687362 
2900.000000	1.689144 
2898.000000	1.688643 
2896.000000	1.685722 
2894.000000	1.684810 
2892.000000	1.681182 
2890.000000	1.675677 
2888.000000	1.675447 
2886.000000	1.675785 
2884.000000	1.677324 
2882.000000	1.677620 
2880.000000	1.674614 
2878.000000	1.673226 
2876.000000	1.672661 
2874.000000	1.672763 
2872.000000	1.670770 
2870.000000	1.664128 
2868.000000	1.662621 
2866.000000	1.666855 
2864.000000	1.669438 
2862.000000	1.673070 
2860.000000	1.674247 
2858.000000	1.670431 
2856.000000	1.670130 
2854.000000	1.668187 
2852.000000	1.665463 
2850.000000	1.667808 
2848.000000	1.670305 
2846.000000	1.662955 
2844.000000	1.659330 
2842.000000	1.658273 
2840.000000	1.650954 
2838.000000	1.648656 
2836.000000	1.650847 
2834.000000	1.648952 
2832.000000	1.646827 
2830.000000	1.649649 
2828.000000	1.657025 
2826.000000	1.661371 
2824.000000	1.653300 
2822.000000	1.646295 
2820.000000	1.649644 
2818.000000	1.652146 
2816.000000	1.648624 
2814.000000	1.644341 
2812.000000	1.643061 
2810.000000	1.645846 
2808.000000	1.646497 
2806.000000	1.644328 
2804.000000	1.642001 
2802.000000	1.641589 
2800.000000	1.640859 
2798.000000	1.638885 
2796.000000	1.637251 
2794.000000	1.638515 
2792.000000	1.641584 
2790.000000	1.641579 
2788.000000	1.638020 
2786.000000	1.633504 
2784.000000	1.631701 
2782.000000	1.633896 
2780.000000	1.632122 
2778.000000	1.632308 
2776.000000	1.637135 
2774.000000	1.641103 
2772.000000	1.638619 
2770.000000	1.634851 
2768.000000	1.633576 
2766.000000	1.632064 
2764.000000	1.631820 
2762.000000	1.629950 
2760.000000	1.629147 
2758.000000	1.632957 
2756.000000	1.634762 
2754.000000	1.629293 
2752.000000	1.627686 
2750.000000	1.632175 
2748.000000	1.631891 
2746.000000	1.630514 
2744.000000	1.630717 
2742.000000	1.629509 
2740.000000	1.628702 
2738.000000	1.629103 
2736.000000	1.630138 
2734.000000	1.629650 
2732.000000	1.627726 
2730.000000	1.626822 
2728.000000	1.626576 
2726.000000	1.628209 
2724.000000	1.627199 
2722.000000	1.626187 
2720.000000	1.625915 
2718.000000	1.626270 
2716.000000	1.626314 
2714.000000	1.627801 
2712.000000	1.626839 
2710.000000	1.624225 
2708.000000	1.628038 
2706.000000	1.628698 
2704.000000	1.620636 
2702.000000	1.614214 
2700.000000	1.614427 
2698.000000	1.619148 
2696.000000	1.622924 
2694.000000	1.623516 
2692.000000	1.620831 
2690.000000	1.620144 
2688.000000	1.622516 
2686.000000	1.623960 
2684.000000	1.621402 
2682.000000	1.619402 
2680.000000	1.620537 
2678.000000	1.619458 
2676.000000	1.619341 
2674.000000	1.617265 
2672.000000	1.611566 
2670.000000	1.609927 
2668.000000	1.611448 
2666.000000	1.614678 
2664.000000	1.616644 
2662.000000	1.616057 
2660.000000	1.612985 
2658.000000	1.612760 
2656.000000	1.616280 
2654.000000	1.620437 
2652.000000	1.621428 
2650.000000	1.617608 
2648.000000	1.614691 
2646.000000	1.614597 
2644.000000	1.615980 
2642.000000	1.617892 
2640.000000	1.618678 
2638.000000	1.617960 
2636.000000	1.615814 
2634.000000	1.614584 
2632.000000	1.617377 
2630.000000	1.618257 
2628.000000	1.617274 
2626.000000	1.614879 
2624.000000	1.612879 
2622.000000	1.614205 
2620.000000	1.612359 
2618.000000	1.612312 
2616.000000	1.612730 
2614.000000	1.609396 
2612.000000	1.609127 
2610.000000	1.610151 
2608.000000	1.611414 
2606.000000	1.613023 
2604.000000	1.610492 
2602.000000	1.610835 
2600.000000	1.614810 
2598.000000	1.608067 
2596.000000	1.600772 
2594.000000	1.602315 
2592.000000	1.603514 
2590.000000	1.604279 
2588.000000	1.607605 
2586.000000	1.607304 
2584.000000	1.606014 
2582.000000	1.603942 
2580.000000	1.602630 
2578.000000	1.606520 
2576.000000	1.607459 
2574.000000	1.606876 
2572.000000	1.605693 
2570.000000	1.605050 
2568.000000	1.608248 
2566.000000	1.608689 
2564.000000	1.605288 
2562.000000	1.603203 
2560.000000	1.601487 
2558.000000	1.601070 
2556.000000	1.603327 
2554.000000	1.607031 
2552.000000	1.607195 
2550.000000	1.604858 
2548.000000	1.602721 
2546.000000	1.601284 
2544.000000	1.601735 
2542.000000	1.601264 
2540.000000	1.598474 
2538.000000	1.602423 
2536.000000	1.607241 
2534.000000	1.607610 
2532.000000	1.604608 
2530.000000	1.599325 
2528.000000	1.597539 
2526.000000	1.600636 
2524.000000	1.603859 
2522.000000	1.602775 
2520.000000	1.599506 
2518.000000	1.599095 
2516.000000	1.598335 
2514.000000	1.596291 
2512.000000	1.599576 
2510.000000	1.601181 
2508.000000	1.599099 
2506.000000	1.598179 
2504.000000	1.597928 
2502.000000	1.594914 
2500.000000	1.594478 
2498.000000	1.597900 
2496.000000	1.598791 
2494.000000	1.601148 
2492.000000	1.600913 
2490.000000	1.598006 
2488.000000	1.595772 
2486.000000	1.593913 
2484.000000	1.596193 
2482.000000	1.597170 
2480.000000	1.594039 
2478.000000	1.592687 
2476.000000	1.594954 
2474.000000	1.593608 
2472.000000	1.587070 
2470.000000	1.585987 
2468.000000	1.590564 
2466.000000	1.593267 
2464.000000	1.591853 
2462.000000	1.588248 
2460.000000	1.590081 
2458.000000	1.592217 
2456.000000	1.590698 
2454.000000	1.590972 
2452.000000	1.588870 
2450.000000	1.586730 
2448.000000	1.586502 
2446.000000	1.586370 
2444.000000	1.585644 
2442.000000	1.583782 
2440.000000	1.586466 
2438.000000	1.593905 
2436.000000	1.595077 
2434.000000	1.587847 
2432.000000	1.583159 
2430.000000	1.582802 
2428.000000	1.583925 
2426.000000	1.583516 
2424.000000	1.586882 
2422.000000	1.591707 
2420.000000	1.588324 
2418.000000	1.584903 
2416.000000	1.585819 
2414.000000	1.583309 
2412.000000	1.581374 
2410.000000	1.582564 
2408.000000	1.583790 
2406.000000	1.583619 
2404.000000	1.587626 
2402.000000	1.591243 
2400.000000	1.590924 
2398.000000	1.588336 
2396.000000	1.582090 
2394.000000	1.581540 
2392.000000	1.585532 
2390.000000	1.582497 
2388.000000	1.581011 
2386.000000	1.583925 
2384.000000	1.583841 
2382.000000	1.580325 
2380.000000	1.578272 
2378.000000	1.577563 
2376.000000	1.576507 
2374.000000	1.575509 
2372.000000	1.575135 
2370.000000	1.571468 
2368.000000	1.563362 
2366.000000	1.565219 
2364.000000	1.573593 
2362.000000	1.568108 
2360.000000	1.567438 
2358.000000	1.579396 
2356.000000	1.587803 
2354.000000	1.592164 
2352.000000	1.598918 
2350.000000	1.596830 
2348.000000	1.585771 
2346.000000	1.583591 
2344.000000	1.583857 
2342.000000	1.586878 
2340.000000	1.590722 
2338.000000	1.588436 
2336.000000	1.594959 
2334.000000	1.602954 
2332.000000	1.603116 
2330.000000	1.606035 
2328.000000	1.608681 
2326.000000	1.607568 
2324.000000	1.608281 
2322.000000	1.610552 
2320.000000	1.612895 
2318.000000	1.616408 
2316.000000	1.619734 
2314.000000	1.622126 
2312.000000	1.624539 
2310.000000	1.628130 
2308.000000	1.634829 
2306.000000	1.644200 
2304.000000	1.653165 
2302.000000	1.655716 
2300.000000	1.653291 
2298.000000	1.658777 
2296.000000	1.670576 
2294.000000	1.680383 
2292.000000	1.689200 
2290.000000	1.696107 
2288.000000	1.705011 
2286.000000	1.720874 
2284.000000	1.735190 
2282.000000	1.740711 
2280.000000	1.752154 
2278.000000	1.772846 
2276.000000	1.790701 
2274.000000	1.808186 
2272.000000	1.826474 
2270.000000	1.840366 
2268.000000	1.846925 
2266.000000	1.852736 
2264.000000	1.865948 
2262.000000	1.871019 
2260.000000	1.870642 
2258.000000	1.874851 
2256.000000	1.886909 
2254.000000	1.893867 
2252.000000	1.890330 
2250.000000	1.893527 
2248.000000	1.893178 
2246.000000	1.877647 
2244.000000	1.859846 
2242.000000	1.847908 
2240.000000	1.836761 
2238.000000	1.826891 
2236.000000	1.815849 
2234.000000	1.800306 
2232.000000	1.785838 
2230.000000	1.779723 
2228.000000	1.772717 
2226.000000	1.763738 
2224.000000	1.760035 
2222.000000	1.756635 
2220.000000	1.748258 
2218.000000	1.748008 
2216.000000	1.753619 
2214.000000	1.754212 
2212.000000	1.755514 
2210.000000	1.759517 
2208.000000	1.760924 
2206.000000	1.758311 
2204.000000	1.753519 
2202.000000	1.752986 
2200.000000	1.756907 
2198.000000	1.754547 
2196.000000	1.746528 
2194.000000	1.739686 
2192.000000	1.735010 
2190.000000	1.730474 
2188.000000	1.724224 
2186.000000	1.713362 
2184.000000	1.703675 
2182.000000	1.701483 
2180.000000	1.698680 
2178.000000	1.689412 
2176.000000	1.679912 
2174.000000	1.674198 
2172.000000	1.674521 
2170.000000	1.677777 
2168.000000	1.672914 
2166.000000	1.670979 
2164.000000	1.676208 
2162.000000	1.677393 
2160.000000	1.672052 
2158.000000	1.665104 
2156.000000	1.667630 
2154.000000	1.667668 
2152.000000	1.659765 
2150.000000	1.658310 
2148.000000	1.658414 
2146.000000	1.656110 
2144.000000	1.652049 
2142.000000	1.648638 
2140.000000	1.649293 
2138.000000	1.647130 
2136.000000	1.641008 
2134.000000	1.636677 
2132.000000	1.636538 
2130.000000	1.630722 
2128.000000	1.621735 
2126.000000	1.620597 
2124.000000	1.624949 
2122.000000	1.622573 
2120.000000	1.619729 
2118.000000	1.620658 
2116.000000	1.617475 
2114.000000	1.612130 
2112.000000	1.607807 
2110.000000	1.603876 
2108.000000	1.602303 
2106.000000	1.601471 
2104.000000	1.600318 
2102.000000	1.598910 
2100.000000	1.597129 
2098.000000	1.592679 
2096.000000	1.588786 
2094.000000	1.587831 
2092.000000	1.586910 
2090.000000	1.585421 
2088.000000	1.580455 
2086.000000	1.575887 
2084.000000	1.575373 
2082.000000	1.573903 
2080.000000	1.570894 
2078.000000	1.567553 
2076.000000	1.563411 
2074.000000	1.561769 
2072.000000	1.559168 
2070.000000	1.557737 
2068.000000	1.555644 
2066.000000	1.552578 
2064.000000	1.552120 
2062.000000	1.550046 
2060.000000	1.548294 
2058.000000	1.546988 
2056.000000	1.543811 
2054.000000	1.542444 
2052.000000	1.542130 
2050.000000	1.542885 
2048.000000	1.540999 
2046.000000	1.537666 
2044.000000	1.534389 
2042.000000	1.532888 
2040.000000	1.531411 
2038.000000	1.528429 
2036.000000	1.529823 
2034.000000	1.530922 
2032.000000	1.529991 
2030.000000	1.527651 
2028.000000	1.525962 
2026.000000	1.527895 
2024.000000	1.528891 
2022.000000	1.528936 
2020.000000	1.527850 
2018.000000	1.525708 
2016.000000	1.527794 
2014.000000	1.526967 
2012.000000	1.523342 
2010.000000	1.522410 
2008.000000	1.522579 
2006.000000	1.522531 
2004.000000	1.520484 
2002.000000	1.519222 
2000.000000	1.517619 
1998.000000	1.517258 
1996.000000	1.517224 
1994.000000	1.516805 
1992.000000	1.520631 
1990.000000	1.523010 
1988.000000	1.519538 
1986.000000	1.517513 
1984.000000	1.519678 
1982.000000	1.520412 
1980.000000	1.519250 
1978.000000	1.519414 
1976.000000	1.519267 
1974.000000	1.517636 
1972.000000	1.514910 
1970.000000	1.513202 
1968.000000	1.513432 
1966.000000	1.516951 
1964.000000	1.515504 
1962.000000	1.512423 
1960.000000	1.513344 
1958.000000	1.513020 
1956.000000	1.514006 
1954.000000	1.516271 
1952.000000	1.517364 
1950.000000	1.516190 
1948.000000	1.514534 
1946.000000	1.511343 
1944.000000	1.507922 
1942.000000	1.515884 
1940.000000	1.520357 
1938.000000	1.514805 
1936.000000	1.510685 
1934.000000	1.510484 
1932.000000	1.512231 
1930.000000	1.512450 
1928.000000	1.510792 
1926.000000	1.508096 
1924.000000	1.510330 
1922.000000	1.514958 
1920.000000	1.509302 
1918.000000	1.511693 
1916.000000	1.517756 
1914.000000	1.514402 
1912.000000	1.514886 
1910.000000	1.515446 
1908.000000	1.517023 
1906.000000	1.516309 
1904.000000	1.515371 
1902.000000	1.510843 
1900.000000	1.506408 
1898.000000	1.504477 
1896.000000	1.503935 
1894.000000	1.506444 
1892.000000	1.501130 
1890.000000	1.499103 
1888.000000	1.504702 
1886.000000	1.502359 
1884.000000	1.502962 
1882.000000	1.506464 
1880.000000	1.502899 
1878.000000	1.501123 
1876.000000	1.502211 
1874.000000	1.500241 
1872.000000	1.494405 
1870.000000	1.491349 
1868.000000	1.503667 
1866.000000	1.506471 
1864.000000	1.498391 
1862.000000	1.496053 
1860.000000	1.494579 
1858.000000	1.492139 
1856.000000	1.494017 
1854.000000	1.494431 
1852.000000	1.494641 
1850.000000	1.496293 
1848.000000	1.496878 
1846.000000	1.489581 
1844.000000	1.496855 
1842.000000	1.505571 
1840.000000	1.491689 
1838.000000	1.485035 
1836.000000	1.488908 
1834.000000	1.490269 
1832.000000	1.483712 
1830.000000	1.489799 
1828.000000	1.497541 
1826.000000	1.493053 
1824.000000	1.498303 
1822.000000	1.494877 
1820.000000	1.485393 
1818.000000	1.484906 
1816.000000	1.487172 
1814.000000	1.484463 
1812.000000	1.484448 
1810.000000	1.490483 
1808.000000	1.488636 
1806.000000	1.481153 
1804.000000	1.478070 
1802.000000	1.477137 
1800.000000	1.483073 
1798.000000	1.485266 
1796.000000	1.479258 
1794.000000	1.467223 
1792.000000	1.476597 
1790.000000	1.488340 
1788.000000	1.477187 
1786.000000	1.468062 
1784.000000	1.470881 
1782.000000	1.471337 
1780.000000	1.473328 
1778.000000	1.471589 
1776.000000	1.459604 
1774.000000	1.449897 
1772.000000	1.460404 
1770.000000	1.472457 
1768.000000	1.471086 
1766.000000	1.469368 
1764.000000	1.457961 
1762.000000	1.457994 
1760.000000	1.465998 
1758.000000	1.458806 
1756.000000	1.461161 
1754.000000	1.456410 
1752.000000	1.446993 
1750.000000	1.458345 
1748.000000	1.465399 
1746.000000	1.460838 
1744.000000	1.454336 
1742.000000	1.456890 
1740.000000	1.461044 
1738.000000	1.464967 
1736.000000	1.441242 
1734.000000	1.451704 
1732.000000	1.478048 
1730.000000	1.468454 
1728.000000	1.464563 
1726.000000	1.458003 
1724.000000	1.454652 
1722.000000	1.453135 
1720.000000	1.438253 
1718.000000	1.439450 
1716.000000	1.464385 
1714.000000	1.466089 
1712.000000	1.454790 
1710.000000	1.445388 
1708.000000	1.438017 
1706.000000	1.437535 
1704.000000	1.439684 
1702.000000	1.419205 
1700.000000	1.442998 
1698.000000	1.451422 
1696.000000	1.440174 
1694.000000	1.451235 
1692.000000	1.434709 
1690.000000	1.423743 
1688.000000	1.419039 
1686.000000	1.402605 
1684.000000	1.431113 
1682.000000	1.452542 
1680.000000	1.431312 
1678.000000	1.417816 
1676.000000	1.413876 
1674.000000	1.431491 
1672.000000	1.420422 
1670.000000	1.413902 
1668.000000	1.430675 
1666.000000	1.421150 
1664.000000	1.408049 
1662.000000	1.416072 
1660.000000	1.416966 
1658.000000	1.406307 
1656.000000	1.383805 
1654.000000	1.381227 
1652.000000	1.445760 
1650.000000	1.428315 
1648.000000	1.403035 
1646.000000	1.425706 
1644.000000	1.427805 
1642.000000	1.412329 
1640.000000	1.407957 
1638.000000	1.399636 
1636.000000	1.410610 
1634.000000	1.434963 
1632.000000	1.422334 
1630.000000	1.410599 
1628.000000	1.412792 
1626.000000	1.412260 
1624.000000	1.407004 
1622.000000	1.417607 
1620.000000	1.409083 
1618.000000	1.390532 
1616.000000	1.402896 
1614.000000	1.408417 
1612.000000	1.395627 
1610.000000	1.388906 
1608.000000	1.385627 
1606.000000	1.382269 
1604.000000	1.378320 
1602.000000	1.375418 
1600.000000	1.372519 
1598.000000	1.367589 
1596.000000	1.364927 
1594.000000	1.364488 
1592.000000	1.362616 
1590.000000	1.359319 
1588.000000	1.356007 
1586.000000	1.352578 
1584.000000	1.351298 
1582.000000	1.350155 
1580.000000	1.347266 
1578.000000	1.336547 
1576.000000	1.349678 
1574.000000	1.357587 
1572.000000	1.337073 
1570.000000	1.333834 
1568.000000	1.345320 
1566.000000	1.339078 
1564.000000	1.334632 
1562.000000	1.318395 
1560.000000	1.306156 
1558.000000	1.357424 
1556.000000	1.351926 
1554.000000	1.337814 
1552.000000	1.332813 
1550.000000	1.326924 
1548.000000	1.323845 
1546.000000	1.315605 
1544.000000	1.314015 
1542.000000	1.313444 
1540.000000	1.332543 
1538.000000	1.345313 
1536.000000	1.320240 
1534.000000	1.310756 
1532.000000	1.319928 
1530.000000	1.306387 
1528.000000	1.300151 
1526.000000	1.306674 
1524.000000	1.301134 
1522.000000	1.298363 
1520.000000	1.315440 
1518.000000	1.304519 
1516.000000	1.302659 
1514.000000	1.300271 
1512.000000	1.292696 
1510.000000	1.284795 
1508.000000	1.281663 
1506.000000	1.316334 
1504.000000	1.313224 
1502.000000	1.290685 
1500.000000	1.280775 
1498.000000	1.281800 
1496.000000	1.292050 
1494.000000	1.293904 
1492.000000	1.285886 
1490.000000	1.291618 
1488.000000	1.297297 
1486.000000	1.292391 
1484.000000	1.284845 
1482.000000	1.279591 
1480.000000	1.277416 
1478.000000	1.271111 
1476.000000	1.273015 
1474.000000	1.277167 
1472.000000	1.292166 
1470.000000	1.293328 
1468.000000	1.277160 
1466.000000	1.270477 
1464.000000	1.282827 
1462.000000	1.279930 
1460.000000	1.263316 
1458.000000	1.267647 
1456.000000	1.296585 
1454.000000	1.288415 
1452.000000	1.271683 
1450.000000	1.267210 
1448.000000	1.269213 
1446.000000	1.268037 
1444.000000	1.259387 
1442.000000	1.255363 
1440.000000	1.248833 
1438.000000	1.242242 
1436.000000	1.256078 
1434.000000	1.255455 
1432.000000	1.244565 
1430.000000	1.244210 
1428.000000	1.242872 
1426.000000	1.233570 
1424.000000	1.234035 
1422.000000	1.234184 
1420.000000	1.230583 
1418.000000	1.238842 
1416.000000	1.235334 
1414.000000	1.228392 
1412.000000	1.223795 
1410.000000	1.220180 
1408.000000	1.216378 
1406.000000	1.214204 
1404.000000	1.217975 
1402.000000	1.214250 
1400.000000	1.207897 
1398.000000	1.210125 
1396.000000	1.209692 
1394.000000	1.213088 
1392.000000	1.211405 
1390.000000	1.201418 
1388.000000	1.199224 
1386.000000	1.204770 
1384.000000	1.201380 
1382.000000	1.195917 
1380.000000	1.192742 
1378.000000	1.190045 
1376.000000	1.186080 
1374.000000	1.186957 
1372.000000	1.186705 
1370.000000	1.181106 
1368.000000	1.179754 
1366.000000	1.177798 
1364.000000	1.173798 
1362.000000	1.176101 
1360.000000	1.176506 
1358.000000	1.171919 
1356.000000	1.166173 
1354.000000	1.163927 
1352.000000	1.163326 
1350.000000	1.162555 
1348.000000	1.160592 
1346.000000	1.157431 
1344.000000	1.153371 
1342.000000	1.148409 
1340.000000	1.147208 
1338.000000	1.147430 
1336.000000	1.144769 
1334.000000	1.143437 
1332.000000	1.144079 
1330.000000	1.144717 
1328.000000	1.143537 
1326.000000	1.140876 
1324.000000	1.137638 
1322.000000	1.134525 
1320.000000	1.133738 
1318.000000	1.134237 
1316.000000	1.133651 
1314.000000	1.130962 
1312.000000	1.129997 
1310.000000	1.129845 
1308.000000	1.128558 
1306.000000	1.126250 
1304.000000	1.124470 
1302.000000	1.124745 
1300.000000	1.123921 
1298.000000	1.121626 
1296.000000	1.120959 
1294.000000	1.120494 
1292.000000	1.118091 
1290.000000	1.116150 
1288.000000	1.116397 
1286.000000	1.116958 
1284.000000	1.116077 
1282.000000	1.115143 
1280.000000	1.115541 
1278.000000	1.116292 
1276.000000	1.115112 
1274.000000	1.114927 
1272.000000	1.117690 
1270.000000	1.119603 
1268.000000	1.119915 
1266.000000	1.122020 
1264.000000	1.122680 
1262.000000	1.121575 
1260.000000	1.122181 
1258.000000	1.122547 
1256.000000	1.122829 
1254.000000	1.125156 
1252.000000	1.129301 
1250.000000	1.132570 
1248.000000	1.135394 
1246.000000	1.140736 
1244.000000	1.149448 
1242.000000	1.157429 
1240.000000	1.164634 
1238.000000	1.175088 
1236.000000	1.189159 
1234.000000	1.204155 
1232.000000	1.219128 
1230.000000	1.234943 
1228.000000	1.254745 
1226.000000	1.277056 
1224.000000	1.297475 
1222.000000	1.316581 
1220.000000	1.337740 
1218.000000	1.360170 
1216.000000	1.382341 
1214.000000	1.405166 
1212.000000	1.427841 
1210.000000	1.449241 
1208.000000	1.469939 
1206.000000	1.489508 
1204.000000	1.511135 
1202.000000	1.535991 
1200.000000	1.557801 
1198.000000	1.577003 
1196.000000	1.594490 
1194.000000	1.613839 
1192.000000	1.630908 
1190.000000	1.647783 
1188.000000	1.667230 
1186.000000	1.682945 
1184.000000	1.695613 
1182.000000	1.715997 
1180.000000	1.739914 
1178.000000	1.754389 
1176.000000	1.764948 
1174.000000	1.774155 
1172.000000	1.781848 
1170.000000	1.792103 
1168.000000	1.802705 
1166.000000	1.816032 
1164.000000	1.822369 
1162.000000	1.827872 
1160.000000	1.843236 
1158.000000	1.856009 
1156.000000	1.858110 
1154.000000	1.860033 
1152.000000	1.864072 
1150.000000	1.865621 
1148.000000	1.872800 
1146.000000	1.876266 
1144.000000	1.887372 
1142.000000	1.899131 
1140.000000	1.893178 
1138.000000	1.897631 
1136.000000	1.911493 
1134.000000	1.920790 
1132.000000	1.925587 
1130.000000	1.923438 
1128.000000	1.926880 
1126.000000	1.944086 
1124.000000	1.954237 
1122.000000	1.960090 
1120.000000	1.961396 
1118.000000	1.955114 
1116.000000	1.960223 
1114.000000	1.991390 
1112.000000	2.010043 
1110.000000	1.988876 
1108.000000	1.977975 
1106.000000	2.000331 
1104.000000	2.030781 
1102.000000	2.052173 
1100.000000	2.061262 
1098.000000	2.074514 
1096.000000	2.097355 
1094.000000	2.116669 
1092.000000	2.115492 
1090.000000	2.123482 
1088.000000	2.134137 
1086.000000	2.155185 
1084.000000	2.178770 
1082.000000	2.187851 
1080.000000	2.201089 
1078.000000	2.215627 
1076.000000	2.245881 
1074.000000	2.277130 
1072.000000	2.279271 
1070.000000	2.307717 
1068.000000	2.314909 
1066.000000	2.286439 
1064.000000	2.265315 
1062.000000	2.250575 
1060.000000	2.243916 
1058.000000	2.255603 
1056.000000	2.260667 
1054.000000	2.213741 
1052.000000	2.177694 
1050.000000	2.181956 
1048.000000	2.174402 
1046.000000	2.141031 
1044.000000	2.107126 
1042.000000	2.089665 
1040.000000	2.068122 
1038.000000	2.020980 
1036.000000	1.976031 
1034.000000	1.933272 
1032.000000	1.899813 
1030.000000	1.864294 
1028.000000	1.813774 
1026.000000	1.767565 
1024.000000	1.724823 
1022.000000	1.676321 
1020.000000	1.627546 
1018.000000	1.581453 
1016.000000	1.531207 
1014.000000	1.475259 
1012.000000	1.421787 
1010.000000	1.372887 
1008.000000	1.325546 
1006.000000	1.274637 
1004.000000	1.225646 
1002.000000	1.186082 
1000.000000	1.151754 
998.000000	 1.118280 
996.000000	 1.085900 
994.000000	 1.058967 
992.000000	 1.039230 
990.000000	 1.027732 
988.000000	 1.024860 
986.000000	 1.023167 
984.000000	 1.015238 
982.000000	 1.003189 
980.000000	 0.988983 
978.000000	 0.972375 
976.000000	 0.952837 
974.000000	 0.931145 
972.000000	 0.910102 
970.000000	 0.892639 
968.000000	 0.878111 
966.000000	 0.866645 
964.000000	 0.858253 
962.000000	 0.851556 
960.000000	 0.846959 
958.000000	 0.845645 
956.000000	 0.846261 
954.000000	 0.849108 
952.000000	 0.854589 
950.000000	 0.862439 
948.000000	 0.872733 
946.000000	 0.882956 
944.000000	 0.891012 
942.000000	 0.894597 
940.000000	 0.893720 
938.000000	 0.890574 
936.000000	 0.885784 
934.000000	 0.880553 
932.000000	 0.875258 
930.000000	 0.868693 
928.000000	 0.859454 
926.000000	 0.850136 
924.000000	 0.839700 
922.000000	 0.829438 
920.000000	 0.822245 
918.000000	 0.817916 
916.000000	 0.817062 
914.000000	 0.819068 
912.000000	 0.824541 
910.000000	 0.831733 
908.000000	 0.841473 
906.000000	 0.852839 
904.000000	 0.864804 
902.000000	 0.879144 
900.000000	 0.897973 
898.000000	 0.922675 
896.000000	 0.955161 
894.000000	 0.996210 
892.000000	 1.044501 
890.000000	 1.094767 
888.000000	 1.143274 
886.000000	 1.189780 
884.000000	 1.230729 
882.000000	 1.263072 
880.000000	 1.280431 
878.000000	 1.280729 
876.000000	 1.276819 
874.000000	 1.263064 
872.000000	 1.239291 
870.000000	 1.218456 
868.000000	 1.196912 
866.000000	 1.174642 
864.000000	 1.155710 
862.000000	 1.140908 
860.000000	 1.129164 
858.000000	 1.119724 
856.000000	 1.110245 
854.000000	 1.102672 
852.000000	 1.098659 
850.000000	 1.093779 
848.000000	 1.085738 
846.000000	 1.077816 
844.000000	 1.070306 
842.000000	 1.058872 
840.000000	 1.043656 
838.000000	 1.024554 
836.000000	 0.999256 
834.000000	 0.967781 
832.000000	 0.929861 
830.000000	 0.888187 
828.000000	 0.842912 
826.000000	 0.796369 
824.000000	 0.754259 
822.000000	 0.719396 
820.000000	 0.692419 
818.000000	 0.673326 
816.000000	 0.660271 
814.000000	 0.650324 
812.000000	 0.642495 
810.000000	 0.635632 
808.000000	 0.630643 
806.000000	 0.626551 
804.000000	 0.621498 
802.000000	 0.616631 
800.000000	 0.612297 
798.000000	 0.607229 
796.000000	 0.601279 
794.000000	 0.596325 
792.000000	 0.591829 
790.000000	 0.586133 
788.000000	 0.580993 
786.000000	 0.578169 
784.000000	 0.574684 
782.000000	 0.569789 
780.000000	 0.565880 
778.000000	 0.563108 
776.000000	 0.560678 
774.000000	 0.558766 
772.000000	 0.556686 
770.000000	 0.555072 
768.000000	 0.553727 
766.000000	 0.552431 
764.000000	 0.551768 
762.000000	 0.551238 
760.000000	 0.550145 
758.000000	 0.549392 
756.000000	 0.549164 
754.000000	 0.548819 
752.000000	 0.547764 
750.000000	 0.546377 
748.000000	 0.544207 
746.000000	 0.541341 
744.000000	 0.538601 
742.000000	 0.535835 
740.000000	 0.532670 
738.000000	 0.528264 
736.000000	 0.523009 
734.000000	 0.518172 
732.000000	 0.513505 
730.000000	 0.508436 
728.000000	 0.503058 
726.000000	 0.497426 
724.000000	 0.493029 
722.000000	 0.489552 
720.000000	 0.486286 
718.000000	 0.483917 
716.000000	 0.482415 
714.000000	 0.480849 
712.000000	 0.479137 
710.000000	 0.475406 
708.000000	 0.468584 
706.000000	 0.460896 
704.000000	 0.453080 
702.000000	 0.444074 
700.000000	 0.435150 
698.000000	 0.427139 
696.000000	 0.419424 
694.000000	 0.411625 
692.000000	 0.404218 
690.000000	 0.398033 
688.000000	 0.393138 
686.000000	 0.389555 
684.000000	 0.386623 
682.000000	 0.383394 
680.000000	 0.380003 
678.000000	 0.377338 
676.000000	 0.375204 
674.000000	 0.372229 
672.000000	 0.369099 
670.000000	 0.365125 
668.000000	 0.363497 
666.000000	 0.363792 
664.000000	 0.360805 
662.000000	 0.358512 
660.000000	 0.356026 
658.000000	 0.352809 
656.000000	 0.350372 
654.000000	 0.348689 
652.000000	 0.346649 
650.000000	 0.345067 
648.000000	 0.344047 
646.000000	 0.341657 
644.000000	 0.339311 
642.000000	 0.337624 
640.000000	 0.334706 
638.000000	 0.331789 
636.000000	 0.328878 
634.000000	 0.326082 
632.000000	 0.323046 
630.000000	 0.319801 
628.000000	 0.315754 
626.000000	 0.309938 
624.000000	 0.304330 
622.000000	 0.300423 
620.000000	 0.296997 
618.000000	 0.292075 
616.000000	 0.287101 
614.000000	 0.283154 
612.000000	 0.279706 
610.000000	 0.274719 
608.000000	 0.269019 
606.000000	 0.265731 
604.000000	 0.263029 
602.000000	 0.259715 
600.000000	 0.255614 
598.000000	 0.251376 
596.000000	 0.248193 
594.000000	 0.244992 
592.000000	 0.241331 
590.000000	 0.237532 
588.000000	 0.233858 
586.000000	 0.230433 
584.000000	 0.227026 
582.000000	 0.223659 
580.000000	 0.220883 
578.000000	 0.217814 
576.000000	 0.214430 
574.000000	 0.211472 
572.000000	 0.208612 
570.000000	 0.205373 
568.000000	 0.202259 
566.000000	 0.200027 
564.000000	 0.198703 
562.000000	 0.197244 
560.000000	 0.195934 
558.000000	 0.194910 
556.000000	 0.193423 
554.000000	 0.191569 
552.000000	 0.190106 
550.000000	 0.189417 
548.000000	 0.188803 
546.000000	 0.188119 
544.000000	 0.187896 
542.000000	 0.188007 
540.000000	 0.187972 
538.000000	 0.188210 
536.000000	 0.188990 
534.000000	 0.189378 
532.000000	 0.190075 
530.000000	 0.190959 
528.000000	 0.191998 
526.000000	 0.192947 
524.000000	 0.192690 
522.000000	 0.193046 
520.000000	 0.195038 
518.000000	 0.196943 
516.000000	 0.198650 
514.000000	 0.200855 
512.000000	 0.203177 
510.000000	 0.206186 
508.000000	 0.211237 
506.000000	 0.217462 
504.000000	 0.223420 
502.000000	 0.230275 
500.000000	 0.237444 
498.000000	 0.246243 
496.000000	 0.257089 
494.000000	 0.269473 
492.000000	 0.282995 
490.000000	 0.297205 
488.000000	 0.312571 
486.000000	 0.328653 
484.000000	 0.345352 
482.000000	 0.360842 
480.000000	 0.374713 
478.000000	 0.389011 
476.000000	 0.402213 
474.000000	 0.415104 
472.000000	 0.426654 
470.000000	 0.436763 
468.000000	 0.447935 
466.000000	 0.457146 
464.000000	 0.462855 
462.000000	 0.467857 
460.000000	 0.469544 
458.000000	 0.470592 
456.000000	 0.475738 
454.000000	 0.478893 
452.000000	 0.477766 
450.000000	 0.474458 

