4400.000000	1.664262 
4398.000000	1.667134 
4396.000000	1.660323 
4394.000000	1.651496 
4392.000000	1.659779 
4390.000000	1.664119 
4388.000000	1.665799 
4386.000000	1.669670 
4384.000000	1.665061 
4382.000000	1.663570 
4380.000000	1.670280 
4378.000000	1.675339 
4376.000000	1.676778 
4374.000000	1.677240 
4372.000000	1.669985 
4370.000000	1.663131 
4368.000000	1.661452 
4366.000000	1.664941 
4364.000000	1.666139 
4362.000000	1.660309 
4360.000000	1.661637 
4358.000000	1.664276 
4356.000000	1.663174 
4354.000000	1.659226 
4352.000000	1.662027 
4350.000000	1.662221 
4348.000000	1.656823 
4346.000000	1.654588 
4344.000000	1.662778 
4342.000000	1.670736 
4340.000000	1.668163 
4338.000000	1.666015 
4336.000000	1.663484 
4334.000000	1.658244 
4332.000000	1.658009 
4330.000000	1.661005 
4328.000000	1.662688 
4326.000000	1.661276 
4324.000000	1.658707 
4322.000000	1.654131 
4320.000000	1.651209 
4318.000000	1.653412 
4316.000000	1.655693 
4314.000000	1.659982 
4312.000000	1.665794 
4310.000000	1.665066 
4308.000000	1.661276 
4306.000000	1.659396 
4304.000000	1.664888 
4302.000000	1.668404 
4300.000000	1.670077 
4298.000000	1.673549 
4296.000000	1.669646 
4294.000000	1.668805 
4292.000000	1.668945 
4290.000000	1.671100 
4288.000000	1.675168 
4286.000000	1.671916 
4284.000000	1.665530 
4282.000000	1.662640 
4280.000000	1.664735 
4278.000000	1.660730 
4276.000000	1.653589 
4274.000000	1.653524 
4272.000000	1.660404 
4270.000000	1.660797 
4268.000000	1.660669 
4266.000000	1.665487 
4264.000000	1.670493 
4262.000000	1.672705 
4260.000000	1.668197 
4258.000000	1.667158 
4256.000000	1.671348 
4254.000000	1.670678 
4252.000000	1.667403 
4250.000000	1.663031 
4248.000000	1.659027 
4246.000000	1.664888 
4244.000000	1.664353 
4242.000000	1.655880 
4240.000000	1.655735 
4238.000000	1.658626 
4236.000000	1.657143 
4234.000000	1.656603 
4232.000000	1.665506 
4230.000000	1.669486 
4228.000000	1.666115 
4226.000000	1.659490 
4224.000000	1.657802 
4222.000000	1.665545 
4220.000000	1.670624 
4218.000000	1.662512 
4216.000000	1.657007 
4214.000000	1.660631 
4212.000000	1.657190 
4210.000000	1.656509 
4208.000000	1.662993 
4206.000000	1.671187 
4204.000000	1.673666 
4202.000000	1.674986 
4200.000000	1.668216 
4198.000000	1.657726 
4196.000000	1.651325 
4194.000000	1.652583 
4192.000000	1.659410 
4190.000000	1.659675 
4188.000000	1.660579 
4186.000000	1.661651 
4184.000000	1.662193 
4182.000000	1.660584 
4180.000000	1.663074 
4178.000000	1.665626 
4176.000000	1.664214 
4174.000000	1.655749 
4172.000000	1.651408 
4170.000000	1.658131 
4168.000000	1.658796 
4166.000000	1.653613 
4164.000000	1.658235 
4162.000000	1.665645 
4160.000000	1.662164 
4158.000000	1.660987 
4156.000000	1.663441 
4154.000000	1.658438 
4152.000000	1.657849 
4150.000000	1.666029 
4148.000000	1.671032 
4146.000000	1.669893 
4144.000000	1.665717 
4142.000000	1.656856 
4140.000000	1.654785 
4138.000000	1.656119 
4136.000000	1.660285 
4134.000000	1.667548 
4132.000000	1.663384 
4130.000000	1.660290 
4128.000000	1.663851 
4126.000000	1.666072 
4124.000000	1.669008 
4122.000000	1.667413 
4120.000000	1.665693 
4118.000000	1.666432 
4116.000000	1.664908 
4114.000000	1.659855 
4112.000000	1.659089 
4110.000000	1.661110 
4108.000000	1.658259 
4106.000000	1.662678 
4104.000000	1.668409 
4102.000000	1.664941 
4100.000000	1.665986 
4098.000000	1.666812 
4096.000000	1.664754 
4094.000000	1.666211 
4092.000000	1.668858 
4090.000000	1.663660 
4088.000000	1.657905 
4086.000000	1.659774 
4084.000000	1.663799 
4082.000000	1.659145 
4080.000000	1.662065 
4078.000000	1.669501 
4076.000000	1.665118 
4074.000000	1.666010 
4072.000000	1.662654 
4070.000000	1.657665 
4068.000000	1.663603 
4066.000000	1.664142 
4064.000000	1.658541 
4062.000000	1.656725 
4060.000000	1.664071 
4058.000000	1.663808 
4056.000000	1.658730 
4054.000000	1.655815 
4052.000000	1.652416 
4050.000000	1.659987 
4048.000000	1.664458 
4046.000000	1.657171 
4044.000000	1.656532 
4042.000000	1.661129 
4040.000000	1.662131 
4038.000000	1.668501 
4036.000000	1.672393 
4034.000000	1.671085 
4032.000000	1.666591 
4030.000000	1.665664 
4028.000000	1.666495 
4026.000000	1.666581 
4024.000000	1.670843 
4022.000000	1.666629 
4020.000000	1.666672 
4018.000000	1.667216 
4016.000000	1.660854 
4014.000000	1.658065 
4012.000000	1.655384 
4010.000000	1.656382 
4008.000000	1.663307 
4006.000000	1.661836 
4004.000000	1.656805 
4002.000000	1.658730 
4000.000000	1.658084 
3998.000000	1.657717 
3996.000000	1.660318 
3994.000000	1.657162 
3992.000000	1.655299 
3990.000000	1.661342 
3988.000000	1.661889 
3986.000000	1.661770 
3984.000000	1.656466 
3982.000000	1.653012 
3980.000000	1.656373 
3978.000000	1.657025 
3976.000000	1.661798 
3974.000000	1.665569 
3972.000000	1.662840 
3970.000000	1.655075 
3968.000000	1.659618 
3966.000000	1.660911 
3964.000000	1.654430 
3962.000000	1.658938 
3960.000000	1.662416 
3958.000000	1.664606 
3956.000000	1.670237 
3954.000000	1.671848 
3952.000000	1.664033 
3950.000000	1.657646 
3948.000000	1.662022 
3946.000000	1.662993 
3944.000000	1.662174 
3942.000000	1.666576 
3940.000000	1.669719 
3938.000000	1.667091 
3936.000000	1.665789 
3934.000000	1.665008 
3932.000000	1.664659 
3930.000000	1.670503 
3928.000000	1.671547 
3926.000000	1.666101 
3924.000000	1.663517 
3922.000000	1.663885 
3920.000000	1.666913 
3918.000000	1.668622 
3916.000000	1.666668 
3914.000000	1.670493 
3912.000000	1.672086 
3910.000000	1.665152 
3908.000000	1.659850 
3906.000000	1.655285 
3904.000000	1.655688 
3902.000000	1.657378 
3900.000000	1.662117 
3898.000000	1.672807 
3896.000000	1.670237 
3894.000000	1.662593 
3892.000000	1.669162 
3890.000000	1.672305 
3888.000000	1.664702 
3886.000000	1.661613 
3884.000000	1.662065 
3882.000000	1.663555 
3880.000000	1.675550 
3878.000000	1.678997 
3876.000000	1.665276 
3874.000000	1.665640 
3872.000000	1.673783 
3870.000000	1.674081 
3868.000000	1.665473 
3866.000000	1.656847 
3864.000000	1.662183 
3862.000000	1.664425 
3860.000000	1.665784 
3858.000000	1.660683 
3856.000000	1.648368 
3854.000000	1.655543 
3852.000000	1.679476 
3850.000000	1.683664 
3848.000000	1.673588 
3846.000000	1.664975 
3844.000000	1.664439 
3842.000000	1.666475 
3840.000000	1.667543 
3838.000000	1.668486 
3836.000000	1.667784 
3834.000000	1.664114 
3832.000000	1.665808 
3830.000000	1.668236 
3828.000000	1.663007 
3826.000000	1.666913 
3824.000000	1.667476 
3822.000000	1.659070 
3820.000000	1.675820 
3818.000000	1.691417 
3816.000000	1.687902 
3814.000000	1.680274 
3812.000000	1.670993 
3810.000000	1.659566 
3808.000000	1.654621 
3806.000000	1.665243 
3804.000000	1.661456 
3802.000000	1.663393 
3800.000000	1.677132 
3798.000000	1.672442 
3796.000000	1.668892 
3794.000000	1.676596 
3792.000000	1.680750 
3790.000000	1.674643 
3788.000000	1.669902 
3786.000000	1.666567 
3784.000000	1.660925 
3782.000000	1.654168 
3780.000000	1.653655 
3778.000000	1.669994 
3776.000000	1.682471 
3774.000000	1.678083 
3772.000000	1.670125 
3770.000000	1.665966 
3768.000000	1.670227 
3766.000000	1.673290 
3764.000000	1.677994 
3762.000000	1.671212 
3760.000000	1.664353 
3758.000000	1.670586 
3756.000000	1.678705 
3754.000000	1.677980 
3752.000000	1.671119 
3750.000000	1.691310 
3748.000000	1.703011 
3746.000000	1.680378 
3744.000000	1.702243 
3742.000000	1.727186 
3740.000000	1.722571 
3738.000000	1.714326 
3736.000000	1.706741 
3734.000000	1.708717 
3732.000000	1.722166 
3730.000000	1.723232 
3728.000000	1.704114 
3726.000000	1.704083 
3724.000000	1.719933 
3722.000000	1.723013 
3720.000000	1.727440 
3718.000000	1.732124 
3716.000000	1.727490 
3714.000000	1.718794 
3712.000000	1.727335 
3710.000000	1.748426 
3708.000000	1.756931 
3706.000000	1.754671 
3704.000000	1.752096 
3702.000000	1.755018 
3700.000000	1.763444 
3698.000000	1.766680 
3696.000000	1.771602 
3694.000000	1.764237 
3692.000000	1.748844 
3690.000000	1.757339 
3688.000000	1.784809 
3686.000000	1.797544 
3684.000000	1.795012 
3682.000000	1.786926 
3680.000000	1.776530 
3678.000000	1.768195 
3676.000000	1.780273 
3674.000000	1.808352 
3672.000000	1.812212 
3670.000000	1.818492 
3668.000000	1.841005 
3666.000000	1.844783 
3664.000000	1.830212 
3662.000000	1.824451 
3660.000000	1.826051 
3658.000000	1.823878 
3656.000000	1.834457 
3654.000000	1.830919 
3652.000000	1.807986 
3650.000000	1.819523 
3648.000000	1.857707 
3646.000000	1.863679 
3644.000000	1.848361 
3642.000000	1.839493 
3640.000000	1.849408 
3638.000000	1.849694 
3636.000000	1.840029 
3634.000000	1.837238 
3632.000000	1.837451 
3630.000000	1.839206 
3628.000000	1.864718 
3626.000000	1.881178 
3624.000000	1.871989 
3622.000000	1.847260 
3620.000000	1.831102 
3618.000000	1.847121 
3616.000000	1.861950 
3614.000000	1.857968 
3612.000000	1.840022 
3610.000000	1.837843 
3608.000000	1.856425 
3606.000000	1.872082 
3604.000000	1.873673 
3602.000000	1.868893 
3600.000000	1.867815 
3598.000000	1.867456 
3596.000000	1.869161 
3594.000000	1.877920 
3592.000000	1.882700 
3590.000000	1.874696 
3588.000000	1.875364 
3586.000000	1.886128 
3584.000000	1.881635 
3582.000000	1.870511 
3580.000000	1.865979 
3578.000000	1.877787 
3576.000000	1.882290 
3574.000000	1.872800 
3572.000000	1.869039 
3570.000000	1.868059 
3568.000000	1.880887 
3566.000000	1.898835 
3564.000000	1.891224 
3562.000000	1.878272 
3560.000000	1.879729 
3558.000000	1.888364 
3556.000000	1.887732 
3554.000000	1.882069 
3552.000000	1.882946 
3550.000000	1.887612 
3548.000000	1.888100 
3546.000000	1.881627 
3544.000000	1.879071 
3542.000000	1.881517 
3540.000000	1.879847 
3538.000000	1.873418 
3536.000000	1.879682 
3534.000000	1.883658 
3532.000000	1.887860 
3530.000000	1.890225 
3528.000000	1.882858 
3526.000000	1.878609 
3524.000000	1.882803 
3522.000000	1.894102 
3520.000000	1.908447 
3518.000000	1.912592 
3516.000000	1.906122 
3514.000000	1.905172 
3512.000000	1.910818 
3510.000000	1.916421 
3508.000000	1.909748 
3506.000000	1.901848 
3504.000000	1.915099 
3502.000000	1.921247 
3500.000000	1.916481 
3498.000000	1.914274 
3496.000000	1.907810 
3494.000000	1.905538 
3492.000000	1.910312 
3490.000000	1.910026 
3488.000000	1.907668 
3486.000000	1.907149 
3484.000000	1.909799 
3482.000000	1.921610 
3480.000000	1.938794 
3478.000000	1.936015 
3476.000000	1.919386 
3474.000000	1.909000 
3472.000000	1.914478 
3470.000000	1.923533 
3468.000000	1.936623 
3466.000000	1.933423 
3464.000000	1.917892 
3462.000000	1.914112 
3460.000000	1.917293 
3458.000000	1.919833 
3456.000000	1.921645 
3454.000000	1.922848 
3452.000000	1.915295 
3450.000000	1.906689 
3448.000000	1.914163 
3446.000000	1.930614 
3444.000000	1.933307 
3442.000000	1.928730 
3440.000000	1.921498 
3438.000000	1.911966 
3436.000000	1.916182 
3434.000000	1.925840 
3432.000000	1.925316 
3430.000000	1.926399 
3428.000000	1.931108 
3426.000000	1.929345 
3424.000000	1.923776 
3422.000000	1.917755 
3420.000000	1.917712 
3418.000000	1.915755 
3416.000000	1.918201 
3414.000000	1.924446 
3412.000000	1.920634 
3410.000000	1.914810 
3408.000000	1.915687 
3406.000000	1.911071 
3404.000000	1.905863 
3402.000000	1.904050 
3400.000000	1.904407 
3398.000000	1.905547 
3396.000000	1.909673 
3394.000000	1.910152 
3392.000000	1.904150 
3390.000000	1.897599 
3388.000000	1.894817 
3386.000000	1.903635 
3384.000000	1.908715 
3382.000000	1.908531 
3380.000000	1.902343 
3378.000000	1.897313 
3376.000000	1.903569 
3374.000000	1.912110 
3372.000000	1.907492 
3370.000000	1.902426 
3368.000000	1.906723 
3366.000000	1.906848 
3364.000000	1.907709 
3362.000000	1.901798 
3360.000000	1.908036 
3358.000000	1.905663 
3356.000000	1.891602 
3354.000000	1.892895 
3352.000000	1.897394 
3350.000000	1.902178 
3348.000000	1.895736 
3346.000000	1.881958 
3344.000000	1.885953 
3342.000000	1.897451 
3340.000000	1.899928 
3338.000000	1.896005 
3336.000000	1.889727 
3334.000000	1.880942 
3332.000000	1.876461 
3330.000000	1.880910 
3328.000000	1.885618 
3326.000000	1.886646 
3324.000000	1.883294 
3322.000000	1.887141 
3320.000000	1.893802 
3318.000000	1.891393 
3316.000000	1.888460 
3314.000000	1.883563 
3312.000000	1.876944 
3310.000000	1.879975 
3308.000000	1.883199 
3306.000000	1.878585 
3304.000000	1.870734 
3302.000000	1.866983 
3300.000000	1.865682 
3298.000000	1.867639 
3296.000000	1.869636 
3294.000000	1.869452 
3292.000000	1.865393 
3290.000000	1.866214 
3288.000000	1.869797 
3286.000000	1.868029 
3284.000000	1.862923 
3282.000000	1.859381 
3280.000000	1.860146 
3278.000000	1.860994 
3276.000000	1.862697 
3274.000000	1.863286 
3272.000000	1.858117 
3270.000000	1.857378 
3268.000000	1.857118 
3266.000000	1.854703 
3264.000000	1.857893 
3262.000000	1.861935 
3260.000000	1.859718 
3258.000000	1.860281 
3256.000000	1.862108 
3254.000000	1.856515 
3252.000000	1.849701 
3250.000000	1.851323 
3248.000000	1.854614 
3246.000000	1.848376 
3244.000000	1.845276 
3242.000000	1.845399 
3240.000000	1.839671 
3238.000000	1.837807 
3236.000000	1.847478 
3234.000000	1.854999 
3232.000000	1.846976 
3230.000000	1.832634 
3228.000000	1.829841 
3226.000000	1.834266 
3224.000000	1.838014 
3222.000000	1.835483 
3220.000000	1.837295 
3218.000000	1.832057 
3216.000000	1.828395 
3214.000000	1.842803 
3212.000000	1.840352 
3210.000000	1.828750 
3208.000000	1.828890 
3206.000000	1.830191 
3204.000000	1.828967 
3202.000000	1.829023 
3200.000000	1.823368 
3198.000000	1.823657 
3196.000000	1.823575 
3194.000000	1.816086 
3192.000000	1.815016 
3190.000000	1.817573 
3188.000000	1.818452 
3186.000000	1.819899 
3184.000000	1.819352 
3182.000000	1.815720 
3180.000000	1.809586 
3178.000000	1.807700 
3176.000000	1.813767 
3174.000000	1.811286 
3172.000000	1.805064 
3170.000000	1.803093 
3168.000000	1.801530 
3166.000000	1.808026 
3164.000000	1.811621 
3162.000000	1.806505 
3160.000000	1.810021 
3158.000000	1.810041 
3156.000000	1.801530 
3154.000000	1.802587 
3152.000000	1.802147 
3150.000000	1.792681 
3148.000000	1.787256 
3146.000000	1.792957 
3144.000000	1.797615 
3142.000000	1.795871 
3140.000000	1.795962 
3138.000000	1.798779 
3136.000000	1.799823 
3134.000000	1.795768 
3132.000000	1.789973 
3130.000000	1.790426 
3128.000000	1.790030 
3126.000000	1.786717 
3124.000000	1.790445 
3122.000000	1.789456 
3120.000000	1.785320 
3118.000000	1.787104 
3116.000000	1.785320 
3114.000000	1.785345 
3112.000000	1.783537 
3110.000000	1.779361 
3108.000000	1.779760 
3106.000000	1.778733 
3104.000000	1.772784 
3102.000000	1.771431 
3100.000000	1.770948 
3098.000000	1.766052 
3096.000000	1.762473 
3094.000000	1.759030 
3092.000000	1.759155 
3090.000000	1.763684 
3088.000000	1.767783 
3086.000000	1.762688 
3084.000000	1.756216 
3082.000000	1.755449 
3080.000000	1.753191 
3078.000000	1.746608 
3076.000000	1.747262 
3074.000000	1.757458 
3072.000000	1.760972 
3070.000000	1.757896 
3068.000000	1.753631 
3066.000000	1.751569 
3064.000000	1.755927 
3062.000000	1.758952 
3060.000000	1.758181 
3058.000000	1.754359 
3056.000000	1.753015 
3054.000000	1.753484 
3052.000000	1.748513 
3050.000000	1.743495 
3048.000000	1.738613 
3046.000000	1.734966 
3044.000000	1.737362 
3042.000000	1.734780 
3040.000000	1.727550 
3038.000000	1.727982 
3036.000000	1.732258 
3034.000000	1.728115 
3032.000000	1.724751 
3030.000000	1.730696 
3028.000000	1.729373 
3026.000000	1.730429 
3024.000000	1.731962 
3022.000000	1.729823 
3020.000000	1.727650 
3018.000000	1.724746 
3016.000000	1.725268 
3014.000000	1.728901 
3012.000000	1.728652 
3010.000000	1.728757 
3008.000000	1.729551 
3006.000000	1.728580 
3004.000000	1.725554 
3002.000000	1.724707 
3000.000000	1.723583 
2998.000000	1.724115 
2996.000000	1.724680 
2994.000000	1.716417 
2992.000000	1.713699 
2990.000000	1.723046 
2988.000000	1.723282 
2986.000000	1.716439 
2984.000000	1.719478 
2982.000000	1.718583 
2980.000000	1.712768 
2978.000000	1.712555 
2976.000000	1.722161 
2974.000000	1.727976 
2972.000000	1.721043 
2970.000000	1.717842 
2968.000000	1.723293 
2966.000000	1.733063 
2964.000000	1.738160 
2962.000000	1.732275 
2960.000000	1.727009 
2958.000000	1.726661 
2956.000000	1.724466 
2954.000000	1.720059 
2952.000000	1.722707 
2950.000000	1.723632 
2948.000000	1.721419 
2946.000000	1.723802 
2944.000000	1.722899 
2942.000000	1.721653 
2940.000000	1.716908 
2938.000000	1.714836 
2936.000000	1.719385 
2934.000000	1.720493 
2932.000000	1.720379 
2930.000000	1.720874 
2928.000000	1.721452 
2926.000000	1.719608 
2924.000000	1.714412 
2922.000000	1.706125 
2920.000000	1.697647 
2918.000000	1.706820 
2916.000000	1.710509 
2914.000000	1.701691 
2912.000000	1.698251 
2910.000000	1.696951 
2908.000000	1.699255 
2906.000000	1.699918 
2904.000000	1.695911 
2902.000000	1.688113 
2900.000000	1.682795 
2898.000000	1.687549 
2896.000000	1.687357 
2894.000000	1.680924 
2892.000000	1.680418 
2890.000000	1.682122 
2888.000000	1.680115 
2886.000000	1.676660 
2884.000000	1.679670 
2882.000000	1.682342 
2880.000000	1.682755 
2878.000000	1.684409 
2876.000000	1.683159 
2874.000000	1.681689 
2872.000000	1.686899 
2870.000000	1.690461 
2868.000000	1.679293 
2866.000000	1.669975 
2864.000000	1.671556 
2862.000000	1.676090 
2860.000000	1.677029 
2858.000000	1.675888 
2856.000000	1.675668 
2854.000000	1.671216 
2852.000000	1.667707 
2850.000000	1.670426 
2848.000000	1.668622 
2846.000000	1.665559 
2844.000000	1.663040 
2842.000000	1.661376 
2840.000000	1.666053 
2838.000000	1.662117 
2836.000000	1.650875 
2834.000000	1.649824 
2832.000000	1.653445 
2830.000000	1.653767 
2828.000000	1.655379 
2826.000000	1.654953 
2824.000000	1.654602 
2822.000000	1.653361 
2820.000000	1.648753 
2818.000000	1.644159 
2816.000000	1.646405 
2814.000000	1.646212 
2812.000000	1.644337 
2810.000000	1.645626 
2808.000000	1.645676 
2806.000000	1.644528 
2804.000000	1.644204 
2802.000000	1.643124 
2800.000000	1.641194 
2798.000000	1.640515 
2796.000000	1.640560 
2794.000000	1.640352 
2792.000000	1.641480 
2790.000000	1.642728 
2788.000000	1.642110 
2786.000000	1.642165 
2784.000000	1.641979 
2782.000000	1.639769 
2780.000000	1.639408 
2778.000000	1.640438 
2776.000000	1.640972 
2774.000000	1.640990 
2772.000000	1.639466 
2770.000000	1.634110 
2768.000000	1.632926 
2766.000000	1.634552 
2764.000000	1.633037 
2762.000000	1.632682 
2760.000000	1.635938 
2758.000000	1.638114 
2756.000000	1.633638 
2754.000000	1.628777 
2752.000000	1.629482 
2750.000000	1.632899 
2748.000000	1.639742 
2746.000000	1.642637 
2744.000000	1.638659 
2742.000000	1.633919 
2740.000000	1.631204 
2738.000000	1.624797 
2736.000000	1.622538 
2734.000000	1.624478 
2732.000000	1.627002 
2730.000000	1.631652 
2728.000000	1.633647 
2726.000000	1.630651 
2724.000000	1.628034 
2722.000000	1.625740 
2720.000000	1.622126 
2718.000000	1.618068 
2716.000000	1.619622 
2714.000000	1.626541 
2712.000000	1.632326 
2710.000000	1.630496 
2708.000000	1.630138 
2706.000000	1.628390 
2704.000000	1.624086 
2702.000000	1.622751 
2700.000000	1.623137 
2698.000000	1.623929 
2696.000000	1.624382 
2694.000000	1.621987 
2692.000000	1.618678 
2690.000000	1.619165 
2688.000000	1.620416 
2686.000000	1.620420 
2684.000000	1.622325 
2682.000000	1.621289 
2680.000000	1.617308 
2678.000000	1.618493 
2676.000000	1.622824 
2674.000000	1.620312 
2672.000000	1.618515 
2670.000000	1.620291 
2668.000000	1.623455 
2666.000000	1.624936 
2664.000000	1.623255 
2662.000000	1.620952 
2660.000000	1.618906 
2658.000000	1.620762 
2656.000000	1.623255 
2654.000000	1.624090 
2652.000000	1.620628 
2650.000000	1.618102 
2648.000000	1.623807 
2646.000000	1.625657 
2644.000000	1.622685 
2642.000000	1.624134 
2640.000000	1.623603 
2638.000000	1.618124 
2636.000000	1.617149 
2634.000000	1.618975 
2632.000000	1.620554 
2630.000000	1.620144 
2628.000000	1.615950 
2626.000000	1.610657 
2624.000000	1.611156 
2622.000000	1.616177 
2620.000000	1.617034 
2618.000000	1.614896 
2616.000000	1.613291 
2614.000000	1.612350 
2612.000000	1.612645 
2610.000000	1.611647 
2608.000000	1.610526 
2606.000000	1.607182 
2604.000000	1.604800 
2602.000000	1.608088 
2600.000000	1.609274 
2598.000000	1.606927 
2596.000000	1.604808 
2594.000000	1.602414 
2592.000000	1.604971 
2590.000000	1.608592 
2588.000000	1.605117 
2586.000000	1.603734 
2584.000000	1.608327 
2582.000000	1.611109 
2580.000000	1.610340 
2578.000000	1.606763 
2576.000000	1.605259 
2574.000000	1.606458 
2572.000000	1.605914 
2570.000000	1.603942 
2568.000000	1.605321 
2566.000000	1.606508 
2564.000000	1.605797 
2562.000000	1.606537 
2560.000000	1.610235 
2558.000000	1.611439 
2556.000000	1.605480 
2554.000000	1.604030 
2552.000000	1.604325 
2550.000000	1.601012 
2548.000000	1.602896 
2546.000000	1.604238 
2544.000000	1.601922 
2542.000000	1.601524 
2540.000000	1.603992 
2538.000000	1.605923 
2536.000000	1.606579 
2534.000000	1.605421 
2532.000000	1.604958 
2530.000000	1.603976 
2528.000000	1.604288 
2526.000000	1.606203 
2524.000000	1.605868 
2522.000000	1.602009 
2520.000000	1.596377 
2518.000000	1.594881 
2516.000000	1.594275 
2514.000000	1.592359 
2512.000000	1.594563 
2510.000000	1.596851 
2508.000000	1.599087 
2506.000000	1.602398 
2504.000000	1.599185 
2502.000000	1.592278 
2500.000000	1.590710 
2498.000000	1.594348 
2496.000000	1.595686 
2494.000000	1.593933 
2492.000000	1.591995 
2490.000000	1.593799 
2488.000000	1.598244 
2486.000000	1.597937 
2484.000000	1.596017 
2482.000000	1.596438 
2480.000000	1.593868 
2478.000000	1.594283 
2476.000000	1.597740 
2474.000000	1.602124 
2472.000000	1.606659 
2470.000000	1.605046 
2468.000000	1.596434 
2466.000000	1.591849 
2464.000000	1.592075 
2462.000000	1.593909 
2460.000000	1.596966 
2458.000000	1.596916 
2456.000000	1.593986 
2454.000000	1.592205 
2452.000000	1.594336 
2450.000000	1.594006 
2448.000000	1.588846 
2446.000000	1.589477 
2444.000000	1.595272 
2442.000000	1.595236 
2440.000000	1.592079 
2438.000000	1.589843 
2436.000000	1.589437 
2434.000000	1.588934 
2432.000000	1.588661 
2430.000000	1.588139 
2428.000000	1.587462 
2426.000000	1.589626 
2424.000000	1.589131 
2422.000000	1.585963 
2420.000000	1.587034 
2418.000000	1.590883 
2416.000000	1.592569 
2414.000000	1.590661 
2412.000000	1.588344 
2410.000000	1.589175 
2408.000000	1.590516 
2406.000000	1.590746 
2404.000000	1.589791 
2402.000000	1.587875 
2400.000000	1.589936 
2398.000000	1.591825 
2396.000000	1.591732 
2394.000000	1.592967 
2392.000000	1.589650 
2390.000000	1.589565 
2388.000000	1.590581 
2386.000000	1.588220 
2384.000000	1.587879 
2382.000000	1.585999 
2380.000000	1.580700 
2378.000000	1.577039 
2376.000000	1.574575 
2374.000000	1.573763 
2372.000000	1.571395 
2370.000000	1.571094 
2368.000000	1.577297 
2366.000000	1.580361 
2364.000000	1.578393 
2362.000000	1.577027 
2360.000000	1.577524 
2358.000000	1.578284 
2356.000000	1.582533 
2354.000000	1.589928 
2352.000000	1.600054 
2350.000000	1.601810 
2348.000000	1.583805 
2346.000000	1.571025 
2344.000000	1.577821 
2342.000000	1.587342 
2340.000000	1.592011 
2338.000000	1.588191 
2336.000000	1.587510 
2334.000000	1.595356 
2332.000000	1.595413 
2330.000000	1.595674 
2328.000000	1.597912 
2326.000000	1.597465 
2324.000000	1.603697 
2322.000000	1.610852 
2320.000000	1.611765 
2318.000000	1.617317 
2316.000000	1.627032 
2314.000000	1.632882 
2312.000000	1.631297 
2310.000000	1.628025 
2308.000000	1.634075 
2306.000000	1.642547 
2304.000000	1.640900 
2302.000000	1.642301 
2300.000000	1.650666 
2298.000000	1.658942 
2296.000000	1.666605 
2294.000000	1.678804 
2292.000000	1.690578 
2290.000000	1.693134 
2288.000000	1.700323 
2286.000000	1.716962 
2284.000000	1.731148 
2282.000000	1.736870 
2280.000000	1.746689 
2278.000000	1.763030 
2276.000000	1.780154 
2274.000000	1.800914 
2272.000000	1.821751 
2270.000000	1.840502 
2268.000000	1.854755 
2266.000000	1.859996 
2264.000000	1.868342 
2262.000000	1.881422 
2260.000000	1.890048 
2258.000000	1.895215 
2256.000000	1.895516 
2254.000000	1.892976 
2252.000000	1.885714 
2250.000000	1.880784 
2248.000000	1.881257 
2246.000000	1.873820 
2244.000000	1.858887 
2242.000000	1.852655 
2240.000000	1.849064 
2238.000000	1.839114 
2236.000000	1.830373 
2234.000000	1.820564 
2232.000000	1.806618 
2230.000000	1.794844 
2228.000000	1.785269 
2226.000000	1.771376 
2224.000000	1.762598 
2222.000000	1.764183 
2220.000000	1.763264 
2218.000000	1.759583 
2216.000000	1.760482 
2214.000000	1.764827 
2212.000000	1.773570 
2210.000000	1.781504 
2208.000000	1.778888 
2206.000000	1.768943 
2204.000000	1.765044 
2202.000000	1.768001 
2200.000000	1.764027 
2198.000000	1.757635 
2196.000000	1.758032 
2194.000000	1.756216 
2192.000000	1.746499 
2190.000000	1.739380 
2188.000000	1.736007 
2186.000000	1.728541 
2184.000000	1.722019 
2182.000000	1.717258 
2180.000000	1.710610 
2178.000000	1.704581 
2176.000000	1.693012 
2174.000000	1.688259 
2172.000000	1.690035 
2170.000000	1.685356 
2168.000000	1.683269 
2166.000000	1.686859 
2164.000000	1.687483 
2162.000000	1.686733 
2160.000000	1.688143 
2158.000000	1.684920 
2156.000000	1.685913 
2154.000000	1.690167 
2152.000000	1.687332 
2150.000000	1.682222 
2148.000000	1.679878 
2146.000000	1.680403 
2144.000000	1.676847 
2142.000000	1.667538 
2140.000000	1.663803 
2138.000000	1.665511 
2136.000000	1.662364 
2134.000000	1.653035 
2132.000000	1.649727 
2130.000000	1.652030 
2128.000000	1.651496 
2126.000000	1.648478 
2124.000000	1.642860 
2122.000000	1.640533 
2120.000000	1.642556 
2118.000000	1.641893 
2116.000000	1.635217 
2114.000000	1.633206 
2112.000000	1.631834 
2110.000000	1.624570 
2108.000000	1.618911 
2106.000000	1.618394 
2104.000000	1.622009 
2102.000000	1.621575 
2100.000000	1.615634 
2098.000000	1.605898 
2096.000000	1.601330 
2094.000000	1.603697 
2092.000000	1.605877 
2090.000000	1.601901 
2088.000000	1.595442 
2086.000000	1.590488 
2084.000000	1.585245 
2082.000000	1.585166 
2080.000000	1.583809 
2078.000000	1.578735 
2076.000000	1.575291 
2074.000000	1.571279 
2072.000000	1.566678 
2070.000000	1.564618 
2068.000000	1.561297 
2066.000000	1.559761 
2064.000000	1.560498 
2062.000000	1.552448 
2060.000000	1.547152 
2058.000000	1.549741 
2056.000000	1.547386 
2054.000000	1.544482 
2052.000000	1.543619 
2050.000000	1.543507 
2048.000000	1.543304 
2046.000000	1.543695 
2044.000000	1.543768 
2042.000000	1.538677 
2040.000000	1.534549 
2038.000000	1.533982 
2036.000000	1.530852 
2034.000000	1.527940 
2032.000000	1.527661 
2030.000000	1.528503 
2028.000000	1.528884 
2026.000000	1.529378 
2024.000000	1.528699 
2022.000000	1.525524 
2020.000000	1.526710 
2018.000000	1.529437 
2016.000000	1.529714 
2014.000000	1.530065 
2012.000000	1.528335 
2010.000000	1.523850 
2008.000000	1.522369 
2006.000000	1.527002 
2004.000000	1.527780 
2002.000000	1.523947 
2000.000000	1.521257 
1998.000000	1.521910 
1996.000000	1.521828 
1994.000000	1.520322 
1992.000000	1.519442 
1990.000000	1.518920 
1988.000000	1.521129 
1986.000000	1.522441 
1984.000000	1.519818 
1982.000000	1.516890 
1980.000000	1.518192 
1978.000000	1.523359 
1976.000000	1.524885 
1974.000000	1.520971 
1972.000000	1.517606 
1970.000000	1.516723 
1968.000000	1.516713 
1966.000000	1.518866 
1964.000000	1.519298 
1962.000000	1.518777 
1960.000000	1.518650 
1958.000000	1.517428 
1956.000000	1.517142 
1954.000000	1.517159 
1952.000000	1.515297 
1950.000000	1.517524 
1948.000000	1.519640 
1946.000000	1.520151 
1944.000000	1.515531 
1942.000000	1.515493 
1940.000000	1.515724 
1938.000000	1.512514 
1936.000000	1.513824 
1934.000000	1.515500 
1932.000000	1.513371 
1930.000000	1.510028 
1928.000000	1.509322 
1926.000000	1.508546 
1924.000000	1.509201 
1922.000000	1.515198 
1920.000000	1.512879 
1918.000000	1.512056 
1916.000000	1.515181 
1914.000000	1.513148 
1912.000000	1.511559 
1910.000000	1.513520 
1908.000000	1.512801 
1906.000000	1.507006 
1904.000000	1.505043 
1902.000000	1.507069 
1900.000000	1.508046 
1898.000000	1.504901 
1896.000000	1.503486 
1894.000000	1.507010 
1892.000000	1.506810 
1890.000000	1.505770 
1888.000000	1.509492 
1886.000000	1.506833 
1884.000000	1.506434 
1882.000000	1.506414 
1880.000000	1.502658 
1878.000000	1.501859 
1876.000000	1.502866 
1874.000000	1.503265 
1872.000000	1.499580 
1870.000000	1.497349 
1868.000000	1.506198 
1866.000000	1.505089 
1864.000000	1.498865 
1862.000000	1.498310 
1860.000000	1.496783 
1858.000000	1.495392 
1856.000000	1.495813 
1854.000000	1.498799 
1852.000000	1.500746 
1850.000000	1.497772 
1848.000000	1.493514 
1846.000000	1.487910 
1844.000000	1.497395 
1842.000000	1.504841 
1840.000000	1.493001 
1838.000000	1.490295 
1836.000000	1.491416 
1834.000000	1.489511 
1832.000000	1.484691 
1830.000000	1.488786 
1828.000000	1.493169 
1826.000000	1.486499 
1824.000000	1.487185 
1822.000000	1.488311 
1820.000000	1.486039 
1818.000000	1.484012 
1816.000000	1.483750 
1814.000000	1.480796 
1812.000000	1.480646 
1810.000000	1.486578 
1808.000000	1.486975 
1806.000000	1.481163 
1804.000000	1.473861 
1802.000000	1.472344 
1800.000000	1.479049 
1798.000000	1.480709 
1796.000000	1.476042 
1794.000000	1.466914 
1792.000000	1.473913 
1790.000000	1.482101 
1788.000000	1.470970 
1786.000000	1.465285 
1784.000000	1.469387 
1782.000000	1.469411 
1780.000000	1.471760 
1778.000000	1.471460 
1776.000000	1.462757 
1774.000000	1.454454 
1772.000000	1.465025 
1770.000000	1.472255 
1768.000000	1.464144 
1766.000000	1.460431 
1764.000000	1.452701 
1762.000000	1.455537 
1760.000000	1.460982 
1758.000000	1.454289 
1756.000000	1.456611 
1754.000000	1.454554 
1752.000000	1.450764 
1750.000000	1.459244 
1748.000000	1.463063 
1746.000000	1.459548 
1744.000000	1.453544 
1742.000000	1.453103 
1740.000000	1.454584 
1738.000000	1.456739 
1736.000000	1.437620 
1734.000000	1.451443 
1732.000000	1.474545 
1730.000000	1.461476 
1728.000000	1.454900 
1726.000000	1.451871 
1724.000000	1.453847 
1722.000000	1.453665 
1720.000000	1.437583 
1718.000000	1.439877 
1716.000000	1.461290 
1714.000000	1.460396 
1712.000000	1.452343 
1710.000000	1.444500 
1708.000000	1.437303 
1706.000000	1.437345 
1704.000000	1.438060 
1702.000000	1.419374 
1700.000000	1.436966 
1698.000000	1.441660 
1696.000000	1.437680 
1694.000000	1.450186 
1692.000000	1.433101 
1690.000000	1.422802 
1688.000000	1.418456 
1686.000000	1.405706 
1684.000000	1.425190 
1682.000000	1.445622 
1680.000000	1.431798 
1678.000000	1.418578 
1676.000000	1.410541 
1674.000000	1.422290 
1672.000000	1.413146 
1670.000000	1.411920 
1668.000000	1.429355 
1666.000000	1.421166 
1664.000000	1.409357 
1662.000000	1.417023 
1660.000000	1.418073 
1658.000000	1.409030 
1656.000000	1.391217 
1654.000000	1.385313 
1652.000000	1.439277 
1650.000000	1.428362 
1648.000000	1.403061 
1646.000000	1.417930 
1644.000000	1.423795 
1642.000000	1.412244 
1640.000000	1.407732 
1638.000000	1.401140 
1636.000000	1.407986 
1634.000000	1.427736 
1632.000000	1.417542 
1630.000000	1.409644 
1628.000000	1.413962 
1626.000000	1.412881 
1624.000000	1.410040 
1622.000000	1.416904 
1620.000000	1.404522 
1618.000000	1.390692 
1616.000000	1.407099 
1614.000000	1.406751 
1612.000000	1.391614 
1610.000000	1.387046 
1608.000000	1.385632 
1606.000000	1.382601 
1604.000000	1.377179 
1602.000000	1.373523 
1600.000000	1.372065 
1598.000000	1.369243 
1596.000000	1.366542 
1594.000000	1.363796 
1592.000000	1.358978 
1590.000000	1.355636 
1588.000000	1.356607 
1586.000000	1.353624 
1584.000000	1.351356 
1582.000000	1.348607 
1580.000000	1.345556 
1578.000000	1.337355 
1576.000000	1.349954 
1574.000000	1.357483 
1572.000000	1.339037 
1570.000000	1.336610 
1568.000000	1.347617 
1566.000000	1.338333 
1564.000000	1.332081 
1562.000000	1.319898 
1560.000000	1.316297 
1558.000000	1.357526 
1556.000000	1.347949 
1554.000000	1.334277 
1552.000000	1.328483 
1550.000000	1.325419 
1548.000000	1.322590 
1546.000000	1.312307 
1544.000000	1.311293 
1542.000000	1.312692 
1540.000000	1.328296 
1538.000000	1.339184 
1536.000000	1.316703 
1534.000000	1.308870 
1532.000000	1.320751 
1530.000000	1.311394 
1528.000000	1.302036 
1526.000000	1.303172 
1524.000000	1.303104 
1522.000000	1.304256 
1520.000000	1.315421 
1518.000000	1.307627 
1516.000000	1.308764 
1514.000000	1.302393 
1512.000000	1.289615 
1510.000000	1.283147 
1508.000000	1.281560 
1506.000000	1.311297 
1504.000000	1.311798 
1502.000000	1.289589 
1500.000000	1.280151 
1498.000000	1.283964 
1496.000000	1.296230 
1494.000000	1.295410 
1492.000000	1.284811 
1490.000000	1.292060 
1488.000000	1.298096 
1486.000000	1.291783 
1484.000000	1.283783 
1482.000000	1.278878 
1480.000000	1.278720 
1478.000000	1.273802 
1476.000000	1.273870 
1474.000000	1.275354 
1472.000000	1.287587 
1470.000000	1.289053 
1468.000000	1.278027 
1466.000000	1.272435 
1464.000000	1.278768 
1462.000000	1.274824 
1460.000000	1.259677 
1458.000000	1.261460 
1456.000000	1.288073 
1454.000000	1.283596 
1452.000000	1.267517 
1450.000000	1.262103 
1448.000000	1.263751 
1446.000000	1.265851 
1444.000000	1.260514 
1442.000000	1.255656 
1440.000000	1.248013 
1438.000000	1.241974 
1436.000000	1.253704 
1434.000000	1.252845 
1432.000000	1.241429 
1430.000000	1.239723 
1428.000000	1.239649 
1426.000000	1.232618 
1424.000000	1.234088 
1422.000000	1.230832 
1420.000000	1.225243 
1418.000000	1.233163 
1416.000000	1.229579 
1414.000000	1.223277 
1412.000000	1.219591 
1410.000000	1.216714 
1408.000000	1.213227 
1406.000000	1.211387 
1404.000000	1.213323 
1402.000000	1.209288 
1400.000000	1.204412 
1398.000000	1.206144 
1396.000000	1.203778 
1394.000000	1.205428 
1392.000000	1.203763 
1390.000000	1.196270 
1388.000000	1.195696 
1386.000000	1.198866 
1384.000000	1.195154 
1382.000000	1.190810 
1380.000000	1.187592 
1378.000000	1.184596 
1376.000000	1.182052 
1374.000000	1.182920 
1372.000000	1.180960 
1370.000000	1.176572 
1368.000000	1.175437 
1366.000000	1.173193 
1364.000000	1.169131 
1362.000000	1.171747 
1360.000000	1.171109 
1358.000000	1.165923 
1356.000000	1.162269 
1354.000000	1.160440 
1352.000000	1.159638 
1350.000000	1.158588 
1348.000000	1.156634 
1346.000000	1.154850 
1344.000000	1.151530 
1342.000000	1.146319 
1340.000000	1.144690 
1338.000000	1.143098 
1336.000000	1.138759 
1334.000000	1.138675 
1332.000000	1.138953 
1330.000000	1.137070 
1328.000000	1.135462 
1326.000000	1.133498 
1324.000000	1.132297 
1322.000000	1.131082 
1320.000000	1.129647 
1318.000000	1.129326 
1316.000000	1.127984 
1314.000000	1.125998 
1312.000000	1.125329 
1310.000000	1.124599 
1308.000000	1.123327 
1306.000000	1.122131 
1304.000000	1.119379 
1302.000000	1.115736 
1300.000000	1.114362 
1298.000000	1.114011 
1296.000000	1.114319 
1294.000000	1.113433 
1292.000000	1.111386 
1290.000000	1.109792 
1288.000000	1.108575 
1286.000000	1.107254 
1284.000000	1.106715 
1282.000000	1.106958 
1280.000000	1.106788 
1278.000000	1.105709 
1276.000000	1.104921 
1274.000000	1.104685 
1272.000000	1.105528 
1270.000000	1.108008 
1268.000000	1.110028 
1266.000000	1.111084 
1264.000000	1.111865 
1262.000000	1.111735 
1260.000000	1.111659 
1258.000000	1.112675 
1256.000000	1.113129 
1254.000000	1.114941 
1252.000000	1.117918 
1250.000000	1.120442 
1248.000000	1.122089 
1246.000000	1.126477 
1244.000000	1.133275 
1242.000000	1.141111 
1240.000000	1.149391 
1238.000000	1.158138 
1236.000000	1.168856 
1234.000000	1.181738 
1232.000000	1.196692 
1230.000000	1.212745 
1228.000000	1.228717 
1226.000000	1.245644 
1224.000000	1.263869 
1222.000000	1.282139 
1220.000000	1.302252 
1218.000000	1.325349 
1216.000000	1.348083 
1214.000000	1.370403 
1212.000000	1.395056 
1210.000000	1.418762 
1208.000000	1.440137 
1206.000000	1.459557 
1204.000000	1.479886 
1202.000000	1.503991 
1200.000000	1.523601 
1198.000000	1.539146 
1196.000000	1.557988 
1194.000000	1.580577 
1192.000000	1.604030 
1190.000000	1.624565 
1188.000000	1.642547 
1186.000000	1.658881 
1184.000000	1.673036 
1182.000000	1.695049 
1180.000000	1.718091 
1178.000000	1.732224 
1176.000000	1.742361 
1174.000000	1.752300 
1172.000000	1.765002 
1170.000000	1.782306 
1168.000000	1.789157 
1166.000000	1.787967 
1164.000000	1.805950 
1162.000000	1.833650 
1160.000000	1.839521 
1158.000000	1.839922 
1156.000000	1.844298 
1154.000000	1.846947 
1152.000000	1.855378 
1150.000000	1.871165 
1148.000000	1.877210 
1146.000000	1.880438 
1144.000000	1.893883 
1142.000000	1.900397 
1140.000000	1.902782 
1138.000000	1.907509 
1136.000000	1.911012 
1134.000000	1.909774 
1132.000000	1.916814 
1130.000000	1.933618 
1128.000000	1.937080 
1126.000000	1.932465 
1124.000000	1.941011 
1122.000000	1.956535 
1120.000000	1.963608 
1118.000000	1.980373 
1116.000000	1.993068 
1114.000000	1.986813 
1112.000000	1.987054 
1110.000000	1.999772 
1108.000000	2.010779 
1106.000000	2.007929 
1104.000000	2.007150 
1102.000000	2.023071 
1100.000000	2.048604 
1098.000000	2.066297 
1096.000000	2.080852 
1094.000000	2.097990 
1092.000000	2.103866 
1090.000000	2.104327 
1088.000000	2.117306 
1086.000000	2.138090 
1084.000000	2.148618 
1082.000000	2.172565 
1080.000000	2.194395 
1078.000000	2.208455 
1076.000000	2.239779 
1074.000000	2.253760 
1072.000000	2.241147 
1070.000000	2.253723 
1068.000000	2.273967 
1066.000000	2.301807 
1064.000000	2.272995 
1062.000000	2.212574 
1060.000000	2.194459 
1058.000000	2.212709 
1056.000000	2.222277 
1054.000000	2.199660 
1052.000000	2.184039 
1050.000000	2.189947 
1048.000000	2.172010 
1046.000000	2.128825 
1044.000000	2.086533 
1042.000000	2.065538 
1040.000000	2.046421 
1038.000000	1.999514 
1036.000000	1.956704 
1034.000000	1.918982 
1032.000000	1.883080 
1030.000000	1.837273 
1028.000000	1.792405 
1026.000000	1.755384 
1024.000000	1.706952 
1022.000000	1.654860 
1020.000000	1.605413 
1018.000000	1.554463 
1016.000000	1.506554 
1014.000000	1.458684 
1012.000000	1.409442 
1010.000000	1.359397 
1008.000000	1.311108 
1006.000000	1.265143 
1004.000000	1.219914 
1002.000000	1.178961 
1000.000000	1.142358 
998.000000	 1.108533 
996.000000	 1.080389 
994.000000	 1.058849 
992.000000	 1.040720 
990.000000	 1.029059 
988.000000	 1.026654 
986.000000	 1.027518 
984.000000	 1.021956 
982.000000	 1.010297 
980.000000	 0.996251 
978.000000	 0.980861 
976.000000	 0.961353 
974.000000	 0.938427 
972.000000	 0.916342 
970.000000	 0.896496 
968.000000	 0.880205 
966.000000	 0.869067 
964.000000	 0.861324 
962.000000	 0.855203 
960.000000	 0.850556 
958.000000	 0.847947 
956.000000	 0.849338 
954.000000	 0.854632 
952.000000	 0.862147 
950.000000	 0.871178 
948.000000	 0.881113 
946.000000	 0.892439 
944.000000	 0.901704 
942.000000	 0.905580 
940.000000	 0.906049 
938.000000	 0.903587 
936.000000	 0.899234 
934.000000	 0.894192 
932.000000	 0.888033 
930.000000	 0.880938 
928.000000	 0.871495 
926.000000	 0.859992 
924.000000	 0.848417 
922.000000	 0.838413 
920.000000	 0.831726 
918.000000	 0.826342 
916.000000	 0.823104 
914.000000	 0.823836 
912.000000	 0.827456 
910.000000	 0.833885 
908.000000	 0.842814 
906.000000	 0.852568 
904.000000	 0.863162 
902.000000	 0.876147 
900.000000	 0.893330 
898.000000	 0.915632 
896.000000	 0.945088 
894.000000	 0.983758 
892.000000	 1.028800 
890.000000	 1.079201 
888.000000	 1.130366 
886.000000	 1.174036 
884.000000	 1.211424 
882.000000	 1.240034 
880.000000	 1.258371 
878.000000	 1.269140 
876.000000	 1.267973 
874.000000	 1.258810 
872.000000	 1.243736 
870.000000	 1.223833 
868.000000	 1.201087 
866.000000	 1.180727 
864.000000	 1.163906 
862.000000	 1.150204 
860.000000	 1.139478 
858.000000	 1.128539 
856.000000	 1.120505 
854.000000	 1.112894 
852.000000	 1.106307 
850.000000	 1.100844 
848.000000	 1.093966 
846.000000	 1.087228 
844.000000	 1.080978 
842.000000	 1.072181 
840.000000	 1.057587 
838.000000	 1.039533 
836.000000	 1.018279 
834.000000	 0.987566 
832.000000	 0.948201 
830.000000	 0.903116 
828.000000	 0.854601 
826.000000	 0.806606 
824.000000	 0.762414 
822.000000	 0.725434 
820.000000	 0.698692 
818.000000	 0.679017 
816.000000	 0.662473 
814.000000	 0.649526 
812.000000	 0.640422 
810.000000	 0.632632 
808.000000	 0.626420 
806.000000	 0.621423 
804.000000	 0.616287 
802.000000	 0.610919 
800.000000	 0.605811 
798.000000	 0.600475 
796.000000	 0.593940 
794.000000	 0.587201 
792.000000	 0.581862 
790.000000	 0.577042 
788.000000	 0.572439 
786.000000	 0.567538 
784.000000	 0.563275 
782.000000	 0.559971 
780.000000	 0.556343 
778.000000	 0.553109 
776.000000	 0.550383 
774.000000	 0.548149 
772.000000	 0.546355 
770.000000	 0.545135 
768.000000	 0.544408 
766.000000	 0.543865 
764.000000	 0.543243 
762.000000	 0.542487 
760.000000	 0.542164 
758.000000	 0.541363 
756.000000	 0.540795 
754.000000	 0.540263 
752.000000	 0.539587 
750.000000	 0.537542 
748.000000	 0.535358 
746.000000	 0.534422 
744.000000	 0.532686 
742.000000	 0.529345 
740.000000	 0.526224 
738.000000	 0.523727 
736.000000	 0.520356 
734.000000	 0.516049 
732.000000	 0.511441 
730.000000	 0.506706 
728.000000	 0.501775 
726.000000	 0.497568 
724.000000	 0.494383 
722.000000	 0.491004 
720.000000	 0.487368 
718.000000	 0.485297 
716.000000	 0.485027 
714.000000	 0.484310 
712.000000	 0.482057 
710.000000	 0.478339 
708.000000	 0.472960 
706.000000	 0.466190 
704.000000	 0.457908 
702.000000	 0.448215 
700.000000	 0.438559 
698.000000	 0.429960 
696.000000	 0.422030 
694.000000	 0.414030 
692.000000	 0.407016 
690.000000	 0.401791 
688.000000	 0.396903 
686.000000	 0.392325 
684.000000	 0.388524 
682.000000	 0.385060 
680.000000	 0.381700 
678.000000	 0.378127 
676.000000	 0.375685 
674.000000	 0.374313 
672.000000	 0.371975 
670.000000	 0.365985 
668.000000	 0.361878 
666.000000	 0.363816 
664.000000	 0.362223 
662.000000	 0.359317 
660.000000	 0.356406 
658.000000	 0.354414 
656.000000	 0.352023 
654.000000	 0.349715 
652.000000	 0.347779 
650.000000	 0.345262 
648.000000	 0.343331 
646.000000	 0.342594 
644.000000	 0.340316 
642.000000	 0.337911 
640.000000	 0.335989 
638.000000	 0.333579 
636.000000	 0.330726 
634.000000	 0.327813 
632.000000	 0.324973 
630.000000	 0.320795 
628.000000	 0.314959 
626.000000	 0.309897 
624.000000	 0.305194 
622.000000	 0.299501 
620.000000	 0.293741 
618.000000	 0.288444 
616.000000	 0.284293 
614.000000	 0.280000 
612.000000	 0.275587 
610.000000	 0.270753 
608.000000	 0.266001 
606.000000	 0.261877 
604.000000	 0.257527 
602.000000	 0.253340 
600.000000	 0.249935 
598.000000	 0.245268 
596.000000	 0.241973 
594.000000	 0.238171 
592.000000	 0.233462 
590.000000	 0.229089 
588.000000	 0.225397 
586.000000	 0.221677 
584.000000	 0.217555 
582.000000	 0.213660 
580.000000	 0.210657 
578.000000	 0.208260 
576.000000	 0.205408 
574.000000	 0.201370 
572.000000	 0.197973 
570.000000	 0.195249 
568.000000	 0.192538 
566.000000	 0.190047 
564.000000	 0.187887 
562.000000	 0.185738 
560.000000	 0.183416 
558.000000	 0.181630 
556.000000	 0.180296 
554.000000	 0.179269 
552.000000	 0.178257 
550.000000	 0.177990 
548.000000	 0.176908 
546.000000	 0.176135 
544.000000	 0.176264 
542.000000	 0.176384 
540.000000	 0.176138 
538.000000	 0.175924 
536.000000	 0.176351 
534.000000	 0.176769 
532.000000	 0.177104 
530.000000	 0.177736 
528.000000	 0.179195 
526.000000	 0.180572 
524.000000	 0.180796 
522.000000	 0.181208 
520.000000	 0.182701 
518.000000	 0.184112 
516.000000	 0.184373 
514.000000	 0.184558 
512.000000	 0.186563 
510.000000	 0.190189 
508.000000	 0.194725 
506.000000	 0.199115 
504.000000	 0.204659 
502.000000	 0.212315 
500.000000	 0.219031 
498.000000	 0.226070 
496.000000	 0.236350 
494.000000	 0.248131 
492.000000	 0.260190 
490.000000	 0.272278 
488.000000	 0.284534 
486.000000	 0.298208 
484.000000	 0.314551 
482.000000	 0.330225 
480.000000	 0.343020 
478.000000	 0.355451 
476.000000	 0.367962 
474.000000	 0.380813 
472.000000	 0.392684 
470.000000	 0.400344 
468.000000	 0.407834 
466.000000	 0.415473 
464.000000	 0.420469 
462.000000	 0.426670 
460.000000	 0.431433 
458.000000	 0.433644 
456.000000	 0.435079 
454.000000	 0.436767 
452.000000	 0.438554 
450.000000	 0.437011 

