4400.000000	1.659878 
4398.000000	1.674697 
4396.000000	1.680636 
4394.000000	1.676016 
4392.000000	1.675663 
4390.000000	1.674423 
4388.000000	1.670319 
4386.000000	1.671416 
4384.000000	1.679828 
4382.000000	1.683239 
4380.000000	1.675467 
4378.000000	1.662407 
4376.000000	1.659197 
4374.000000	1.677930 
4372.000000	1.692216 
4370.000000	1.683209 
4368.000000	1.670290 
4366.000000	1.666961 
4364.000000	1.676149 
4362.000000	1.681326 
4360.000000	1.673539 
4358.000000	1.668453 
4356.000000	1.664721 
4354.000000	1.659585 
4352.000000	1.661599 
4350.000000	1.660091 
4348.000000	1.658023 
4346.000000	1.661433 
4344.000000	1.661642 
4342.000000	1.669269 
4340.000000	1.676036 
4338.000000	1.674008 
4336.000000	1.676281 
4334.000000	1.674800 
4332.000000	1.677723 
4330.000000	1.679600 
4328.000000	1.671576 
4326.000000	1.668790 
4324.000000	1.670940 
4322.000000	1.672710 
4320.000000	1.672578 
4318.000000	1.674106 
4316.000000	1.677713 
4314.000000	1.679605 
4312.000000	1.681461 
4310.000000	1.681933 
4308.000000	1.671955 
4306.000000	1.658574 
4304.000000	1.662850 
4302.000000	1.679496 
4300.000000	1.675687 
4298.000000	1.660892 
4296.000000	1.666418 
4294.000000	1.673641 
4292.000000	1.673895 
4290.000000	1.675212 
4288.000000	1.679254 
4286.000000	1.681794 
4284.000000	1.680676 
4282.000000	1.680368 
4280.000000	1.681436 
4278.000000	1.683489 
4276.000000	1.680071 
4274.000000	1.669453 
4272.000000	1.669651 
4270.000000	1.682073 
4268.000000	1.685015 
4266.000000	1.674653 
4264.000000	1.662845 
4262.000000	1.656997 
4260.000000	1.659788 
4258.000000	1.664482 
4256.000000	1.664654 
4254.000000	1.664783 
4252.000000	1.670314 
4250.000000	1.679234 
4248.000000	1.678947 
4246.000000	1.678073 
4244.000000	1.678547 
4242.000000	1.679328 
4240.000000	1.683224 
4238.000000	1.677196 
4236.000000	1.681312 
4234.000000	1.682566 
4232.000000	1.672349 
4230.000000	1.665439 
4228.000000	1.667740 
4226.000000	1.670814 
4224.000000	1.671420 
4222.000000	1.666792 
4220.000000	1.664539 
4218.000000	1.672125 
4216.000000	1.669723 
4214.000000	1.665113 
4212.000000	1.669854 
4210.000000	1.664764 
4208.000000	1.670600 
4206.000000	1.681297 
4204.000000	1.674257 
4202.000000	1.662669 
4200.000000	1.656138 
4198.000000	1.657538 
4196.000000	1.665281 
4194.000000	1.669767 
4192.000000	1.669361 
4190.000000	1.667148 
4188.000000	1.658084 
4186.000000	1.656955 
4184.000000	1.669709 
4182.000000	1.674467 
4180.000000	1.670435 
4178.000000	1.668269 
4176.000000	1.666202 
4174.000000	1.664582 
4172.000000	1.668761 
4170.000000	1.674062 
4168.000000	1.667697 
4166.000000	1.659869 
4164.000000	1.660745 
4162.000000	1.662554 
4160.000000	1.664463 
4158.000000	1.671761 
4156.000000	1.678759 
4154.000000	1.676193 
4152.000000	1.675702 
4150.000000	1.678409 
4148.000000	1.675442 
4146.000000	1.672281 
4144.000000	1.674859 
4142.000000	1.673305 
4140.000000	1.669177 
4138.000000	1.670174 
4136.000000	1.666884 
4134.000000	1.664635 
4132.000000	1.667716 
4130.000000	1.666403 
4128.000000	1.655121 
4126.000000	1.655473 
4124.000000	1.668327 
4122.000000	1.674115 
4120.000000	1.671683 
4118.000000	1.668178 
4116.000000	1.667182 
4114.000000	1.671110 
4112.000000	1.675594 
4110.000000	1.669481 
4108.000000	1.662840 
4106.000000	1.665914 
4104.000000	1.665324 
4102.000000	1.659420 
4100.000000	1.659273 
4098.000000	1.672145 
4096.000000	1.681411 
4094.000000	1.678824 
4092.000000	1.670392 
4090.000000	1.664009 
4088.000000	1.666725 
4086.000000	1.670091 
4084.000000	1.669365 
4082.000000	1.666341 
4080.000000	1.667543 
4078.000000	1.666874 
4076.000000	1.655824 
4074.000000	1.649575 
4072.000000	1.652058 
4070.000000	1.656237 
4068.000000	1.657256 
4066.000000	1.655904 
4064.000000	1.653286 
4062.000000	1.652928 
4060.000000	1.660351 
4058.000000	1.669559 
4056.000000	1.666778 
4054.000000	1.657811 
4052.000000	1.657044 
4050.000000	1.661295 
4048.000000	1.665262 
4046.000000	1.665204 
4044.000000	1.664358 
4042.000000	1.666000 
4040.000000	1.663384 
4038.000000	1.659358 
4036.000000	1.660086 
4034.000000	1.665851 
4032.000000	1.665180 
4030.000000	1.663202 
4028.000000	1.664850 
4026.000000	1.669351 
4024.000000	1.664850 
4022.000000	1.659509 
4020.000000	1.663708 
4018.000000	1.665995 
4016.000000	1.666624 
4014.000000	1.667975 
4012.000000	1.669641 
4010.000000	1.667683 
4008.000000	1.660209 
4006.000000	1.654308 
4004.000000	1.655557 
4002.000000	1.659783 
4000.000000	1.661865 
3998.000000	1.664042 
3996.000000	1.666855 
3994.000000	1.662793 
3992.000000	1.654467 
3990.000000	1.651325 
3988.000000	1.657905 
3986.000000	1.661205 
3984.000000	1.662759 
3982.000000	1.665104 
3980.000000	1.661233 
3978.000000	1.655126 
3976.000000	1.656513 
3974.000000	1.660238 
3972.000000	1.658480 
3970.000000	1.656997 
3968.000000	1.656415 
3966.000000	1.656598 
3964.000000	1.654537 
3962.000000	1.660697 
3960.000000	1.662831 
3958.000000	1.659798 
3956.000000	1.666591 
3954.000000	1.666576 
3952.000000	1.664420 
3950.000000	1.661276 
3948.000000	1.658122 
3946.000000	1.662493 
3944.000000	1.661542 
3942.000000	1.651543 
3940.000000	1.651394 
3938.000000	1.657284 
3936.000000	1.660489 
3934.000000	1.659850 
3932.000000	1.656424 
3930.000000	1.658985 
3928.000000	1.661058 
3926.000000	1.660768 
3924.000000	1.655819 
3922.000000	1.648670 
3920.000000	1.646432 
3918.000000	1.649575 
3916.000000	1.663555 
3914.000000	1.668810 
3912.000000	1.658494 
3910.000000	1.653585 
3908.000000	1.656767 
3906.000000	1.653412 
3904.000000	1.662631 
3902.000000	1.676159 
3900.000000	1.673197 
3898.000000	1.664468 
3896.000000	1.656368 
3894.000000	1.643138 
3892.000000	1.638110 
3890.000000	1.649168 
3888.000000	1.651501 
3886.000000	1.652760 
3884.000000	1.653659 
3882.000000	1.646377 
3880.000000	1.648749 
3878.000000	1.651543 
3876.000000	1.654154 
3874.000000	1.661570 
3872.000000	1.653851 
3870.000000	1.654523 
3868.000000	1.668573 
3866.000000	1.666350 
3864.000000	1.660778 
3862.000000	1.666509 
3860.000000	1.662307 
3858.000000	1.646552 
3856.000000	1.629456 
3854.000000	1.637018 
3852.000000	1.669051 
3850.000000	1.678276 
3848.000000	1.667832 
3846.000000	1.651185 
3844.000000	1.641870 
3842.000000	1.650019 
3840.000000	1.651232 
3838.000000	1.651366 
3836.000000	1.659212 
3834.000000	1.652467 
3832.000000	1.646474 
3830.000000	1.653300 
3828.000000	1.655599 
3826.000000	1.648036 
3824.000000	1.630629 
3822.000000	1.634659 
3820.000000	1.660716 
3818.000000	1.655103 
3816.000000	1.645859 
3814.000000	1.665631 
3812.000000	1.669549 
3810.000000	1.657693 
3808.000000	1.647158 
3806.000000	1.657284 
3804.000000	1.656556 
3802.000000	1.651626 
3800.000000	1.660380 
3798.000000	1.658801 
3796.000000	1.660555 
3794.000000	1.668998 
3792.000000	1.666278 
3790.000000	1.657995 
3788.000000	1.654794 
3786.000000	1.656391 
3784.000000	1.656513 
3782.000000	1.650671 
3780.000000	1.644995 
3778.000000	1.652118 
3776.000000	1.663255 
3774.000000	1.662674 
3772.000000	1.654434 
3770.000000	1.654771 
3768.000000	1.663312 
3766.000000	1.662888 
3764.000000	1.665238 
3762.000000	1.661594 
3760.000000	1.649459 
3758.000000	1.652746 
3756.000000	1.660394 
3754.000000	1.655182 
3752.000000	1.646212 
3750.000000	1.657787 
3748.000000	1.668766 
3746.000000	1.653650 
3744.000000	1.661176 
3742.000000	1.673495 
3740.000000	1.656410 
3738.000000	1.646166 
3736.000000	1.657359 
3734.000000	1.671144 
3732.000000	1.674957 
3730.000000	1.672121 
3728.000000	1.668457 
3726.000000	1.672500 
3724.000000	1.679833 
3722.000000	1.672783 
3720.000000	1.668327 
3718.000000	1.670721 
3716.000000	1.670979 
3714.000000	1.665554 
3712.000000	1.665324 
3710.000000	1.682391 
3708.000000	1.695536 
3706.000000	1.690609 
3704.000000	1.675422 
3702.000000	1.675295 
3700.000000	1.683794 
3698.000000	1.685160 
3696.000000	1.686788 
3694.000000	1.686632 
3692.000000	1.684014 
3690.000000	1.689529 
3688.000000	1.708330 
3686.000000	1.714605 
3684.000000	1.699529 
3682.000000	1.690624 
3680.000000	1.691844 
3678.000000	1.685316 
3676.000000	1.691875 
3674.000000	1.721103 
3672.000000	1.718735 
3670.000000	1.711323 
3668.000000	1.725015 
3666.000000	1.721959 
3664.000000	1.706067 
3662.000000	1.700032 
3660.000000	1.701269 
3658.000000	1.695382 
3656.000000	1.701342 
3654.000000	1.709008 
3652.000000	1.695475 
3650.000000	1.693691 
3648.000000	1.722636 
3646.000000	1.728037 
3644.000000	1.724691 
3642.000000	1.719510 
3640.000000	1.718832 
3638.000000	1.711488 
3636.000000	1.693068 
3634.000000	1.690406 
3632.000000	1.694726 
3630.000000	1.696915 
3628.000000	1.711349 
3626.000000	1.717123 
3624.000000	1.708674 
3622.000000	1.694080 
3620.000000	1.699929 
3618.000000	1.722210 
3616.000000	1.717118 
3614.000000	1.702901 
3612.000000	1.706346 
3610.000000	1.704644 
3608.000000	1.708410 
3606.000000	1.720842 
3604.000000	1.713549 
3602.000000	1.704869 
3600.000000	1.712453 
3598.000000	1.716730 
3596.000000	1.709309 
3594.000000	1.712443 
3592.000000	1.711722 
3590.000000	1.702796 
3588.000000	1.701269 
3586.000000	1.713041 
3584.000000	1.719244 
3582.000000	1.713763 
3580.000000	1.705499 
3578.000000	1.704350 
3576.000000	1.706457 
3574.000000	1.705006 
3572.000000	1.703549 
3570.000000	1.696786 
3568.000000	1.688719 
3566.000000	1.700754 
3564.000000	1.706483 
3562.000000	1.700869 
3560.000000	1.704020 
3558.000000	1.708225 
3556.000000	1.705431 
3554.000000	1.699312 
3552.000000	1.699830 
3550.000000	1.700147 
3548.000000	1.701649 
3546.000000	1.712720 
3544.000000	1.722254 
3542.000000	1.714589 
3540.000000	1.706257 
3538.000000	1.707200 
3536.000000	1.712314 
3534.000000	1.715878 
3532.000000	1.711690 
3530.000000	1.703309 
3528.000000	1.704481 
3526.000000	1.705683 
3524.000000	1.701279 
3522.000000	1.702295 
3520.000000	1.702447 
3518.000000	1.701743 
3516.000000	1.704801 
3514.000000	1.703131 
3512.000000	1.697946 
3510.000000	1.705389 
3508.000000	1.715889 
3506.000000	1.709426 
3504.000000	1.699903 
3502.000000	1.700837 
3500.000000	1.707105 
3498.000000	1.706773 
3496.000000	1.703528 
3494.000000	1.712395 
3492.000000	1.712272 
3490.000000	1.699830 
3488.000000	1.694131 
3486.000000	1.701680 
3484.000000	1.702802 
3482.000000	1.701144 
3480.000000	1.702155 
3478.000000	1.700557 
3476.000000	1.701785 
3474.000000	1.698603 
3472.000000	1.694844 
3470.000000	1.699291 
3468.000000	1.704780 
3466.000000	1.705174 
3464.000000	1.702593 
3462.000000	1.701581 
3460.000000	1.707195 
3458.000000	1.715325 
3456.000000	1.714610 
3454.000000	1.707274 
3452.000000	1.702264 
3450.000000	1.704345 
3448.000000	1.706736 
3446.000000	1.705946 
3444.000000	1.705421 
3442.000000	1.704523 
3440.000000	1.705915 
3438.000000	1.709156 
3436.000000	1.702066 
3434.000000	1.699317 
3432.000000	1.705983 
3430.000000	1.709288 
3428.000000	1.703795 
3426.000000	1.701425 
3424.000000	1.705000 
3422.000000	1.704240 
3420.000000	1.705079 
3418.000000	1.706015 
3416.000000	1.704397 
3414.000000	1.700983 
3412.000000	1.696390 
3410.000000	1.697353 
3408.000000	1.699006 
3406.000000	1.696091 
3404.000000	1.690578 
3402.000000	1.690162 
3400.000000	1.693395 
3398.000000	1.695018 
3396.000000	1.700463 
3394.000000	1.701077 
3392.000000	1.695675 
3390.000000	1.692542 
3388.000000	1.695505 
3386.000000	1.698463 
3384.000000	1.698949 
3382.000000	1.702175 
3380.000000	1.700147 
3378.000000	1.696297 
3376.000000	1.697926 
3374.000000	1.698370 
3372.000000	1.702056 
3370.000000	1.702415 
3368.000000	1.689670 
3366.000000	1.682825 
3364.000000	1.688906 
3362.000000	1.688850 
3360.000000	1.690629 
3358.000000	1.694065 
3356.000000	1.684439 
3354.000000	1.681739 
3352.000000	1.690248 
3350.000000	1.692951 
3348.000000	1.694885 
3346.000000	1.695865 
3344.000000	1.689412 
3342.000000	1.690502 
3340.000000	1.695321 
3338.000000	1.693283 
3336.000000	1.694823 
3334.000000	1.698841 
3332.000000	1.697456 
3330.000000	1.691605 
3328.000000	1.685100 
3326.000000	1.679868 
3324.000000	1.678794 
3322.000000	1.678557 
3320.000000	1.677674 
3318.000000	1.678562 
3316.000000	1.680472 
3314.000000	1.679665 
3312.000000	1.681913 
3310.000000	1.685507 
3308.000000	1.686894 
3306.000000	1.682337 
3304.000000	1.683149 
3302.000000	1.683050 
3300.000000	1.678034 
3298.000000	1.678646 
3296.000000	1.679031 
3294.000000	1.671941 
3292.000000	1.670615 
3290.000000	1.677797 
3288.000000	1.682073 
3286.000000	1.682511 
3284.000000	1.680334 
3282.000000	1.677383 
3280.000000	1.677792 
3278.000000	1.676276 
3276.000000	1.671148 
3274.000000	1.672335 
3272.000000	1.679600 
3270.000000	1.677674 
3268.000000	1.673002 
3266.000000	1.676050 
3264.000000	1.672841 
3262.000000	1.669361 
3260.000000	1.677748 
3258.000000	1.682621 
3256.000000	1.676365 
3254.000000	1.673236 
3252.000000	1.671518 
3250.000000	1.670367 
3248.000000	1.672588 
3246.000000	1.673344 
3244.000000	1.673964 
3242.000000	1.675383 
3240.000000	1.674790 
3238.000000	1.671469 
3236.000000	1.670518 
3234.000000	1.670067 
3232.000000	1.666759 
3230.000000	1.666624 
3228.000000	1.667538 
3226.000000	1.664248 
3224.000000	1.665070 
3222.000000	1.666730 
3220.000000	1.666956 
3218.000000	1.666576 
3216.000000	1.663904 
3214.000000	1.665180 
3212.000000	1.667726 
3210.000000	1.670595 
3208.000000	1.676670 
3206.000000	1.672739 
3204.000000	1.667610 
3202.000000	1.667216 
3200.000000	1.664243 
3198.000000	1.666687 
3196.000000	1.670833 
3194.000000	1.668501 
3192.000000	1.665679 
3190.000000	1.665195 
3188.000000	1.661153 
3186.000000	1.656157 
3184.000000	1.657576 
3182.000000	1.662336 
3180.000000	1.662421 
3178.000000	1.658640 
3176.000000	1.660195 
3174.000000	1.667485 
3172.000000	1.671095 
3170.000000	1.664592 
3168.000000	1.659216 
3166.000000	1.660025 
3164.000000	1.661447 
3162.000000	1.664444 
3160.000000	1.668269 
3158.000000	1.663412 
3156.000000	1.657251 
3154.000000	1.652718 
3152.000000	1.651501 
3150.000000	1.650666 
3148.000000	1.649395 
3146.000000	1.654271 
3144.000000	1.659514 
3142.000000	1.659212 
3140.000000	1.654565 
3138.000000	1.654383 
3136.000000	1.655463 
3134.000000	1.654911 
3132.000000	1.659372 
3130.000000	1.662531 
3128.000000	1.660276 
3126.000000	1.656739 
3124.000000	1.657016 
3122.000000	1.657190 
3120.000000	1.654415 
3118.000000	1.652556 
3116.000000	1.652425 
3114.000000	1.656279 
3112.000000	1.658023 
3110.000000	1.653753 
3108.000000	1.649035 
3106.000000	1.651134 
3104.000000	1.655627 
3102.000000	1.650754 
3100.000000	1.646763 
3098.000000	1.647502 
3096.000000	1.647190 
3094.000000	1.647369 
3092.000000	1.648804 
3090.000000	1.650583 
3088.000000	1.652602 
3086.000000	1.654906 
3084.000000	1.651826 
3082.000000	1.648587 
3080.000000	1.651093 
3078.000000	1.652007 
3076.000000	1.650801 
3074.000000	1.648487 
3072.000000	1.649127 
3070.000000	1.649325 
3068.000000	1.646341 
3066.000000	1.646345 
3064.000000	1.650931 
3062.000000	1.652709 
3060.000000	1.649566 
3058.000000	1.650208 
3056.000000	1.650907 
3054.000000	1.648492 
3052.000000	1.648492 
3050.000000	1.650810 
3048.000000	1.647162 
3046.000000	1.644392 
3044.000000	1.641534 
3042.000000	1.633923 
3040.000000	1.635557 
3038.000000	1.643056 
3036.000000	1.644145 
3034.000000	1.643484 
3032.000000	1.647935 
3030.000000	1.650278 
3028.000000	1.649810 
3026.000000	1.647420 
3024.000000	1.644844 
3022.000000	1.647328 
3020.000000	1.649690 
3018.000000	1.646446 
3016.000000	1.645630 
3014.000000	1.644433 
3012.000000	1.638961 
3010.000000	1.639864 
3008.000000	1.644081 
3006.000000	1.641647 
3004.000000	1.636403 
3002.000000	1.637018 
3000.000000	1.639475 
2998.000000	1.640085 
2996.000000	1.640275 
2994.000000	1.638326 
2992.000000	1.636982 
2990.000000	1.642537 
2988.000000	1.643999 
2986.000000	1.643894 
2984.000000	1.646066 
2982.000000	1.647479 
2980.000000	1.645489 
2978.000000	1.641267 
2976.000000	1.639959 
2974.000000	1.638011 
2972.000000	1.638776 
2970.000000	1.640234 
2968.000000	1.644373 
2966.000000	1.649182 
2964.000000	1.649538 
2962.000000	1.647291 
2960.000000	1.642369 
2958.000000	1.641321 
2956.000000	1.647548 
2954.000000	1.647466 
2952.000000	1.646194 
2950.000000	1.646653 
2948.000000	1.647516 
2946.000000	1.652323 
2944.000000	1.651751 
2942.000000	1.646960 
2940.000000	1.644095 
2938.000000	1.646813 
2936.000000	1.654644 
2934.000000	1.660077 
2932.000000	1.660584 
2930.000000	1.659864 
2928.000000	1.658692 
2926.000000	1.661760 
2924.000000	1.659760 
2922.000000	1.656748 
2920.000000	1.662807 
2918.000000	1.662107 
2916.000000	1.652998 
2914.000000	1.646212 
2912.000000	1.644282 
2910.000000	1.646015 
2908.000000	1.645672 
2906.000000	1.641870 
2904.000000	1.640687 
2902.000000	1.640017 
2900.000000	1.637997 
2898.000000	1.637665 
2896.000000	1.642824 
2894.000000	1.644419 
2892.000000	1.641076 
2890.000000	1.638668 
2888.000000	1.633825 
2886.000000	1.633153 
2884.000000	1.637045 
2882.000000	1.636018 
2880.000000	1.631032 
2878.000000	1.627664 
2876.000000	1.630532 
2874.000000	1.636605 
2872.000000	1.638547 
2870.000000	1.633549 
2868.000000	1.627880 
2866.000000	1.626888 
2864.000000	1.635177 
2862.000000	1.644300 
2860.000000	1.643379 
2858.000000	1.638758 
2856.000000	1.635226 
2854.000000	1.633861 
2852.000000	1.636722 
2850.000000	1.637786 
2848.000000	1.634035 
2846.000000	1.629280 
2844.000000	1.629937 
2842.000000	1.632233 
2840.000000	1.630810 
2838.000000	1.629677 
2836.000000	1.628306 
2834.000000	1.627682 
2832.000000	1.627673 
2830.000000	1.625351 
2828.000000	1.624042 
2826.000000	1.623303 
2824.000000	1.622855 
2822.000000	1.618283 
2820.000000	1.616468 
2818.000000	1.619458 
2816.000000	1.620792 
2814.000000	1.617960 
2812.000000	1.616049 
2810.000000	1.615942 
2808.000000	1.615536 
2806.000000	1.616472 
2804.000000	1.618549 
2802.000000	1.622568 
2800.000000	1.623542 
2798.000000	1.619074 
2796.000000	1.617720 
2794.000000	1.618450 
2792.000000	1.614116 
2790.000000	1.613631 
2788.000000	1.620597 
2786.000000	1.624976 
2784.000000	1.623320 
2782.000000	1.618339 
2780.000000	1.614103 
2778.000000	1.613865 
2776.000000	1.616948 
2774.000000	1.615784 
2772.000000	1.616032 
2770.000000	1.620960 
2768.000000	1.623129 
2766.000000	1.619346 
2764.000000	1.617025 
2762.000000	1.616104 
2760.000000	1.617304 
2758.000000	1.614474 
2756.000000	1.612193 
2754.000000	1.616836 
2752.000000	1.621519 
2750.000000	1.624469 
2748.000000	1.623237 
2746.000000	1.617488 
2744.000000	1.614269 
2742.000000	1.615591 
2740.000000	1.617004 
2738.000000	1.615950 
2736.000000	1.616824 
2734.000000	1.617574 
2732.000000	1.617913 
2730.000000	1.618515 
2728.000000	1.616798 
2726.000000	1.614704 
2724.000000	1.613975 
2722.000000	1.614861 
2720.000000	1.616627 
2718.000000	1.620273 
2716.000000	1.619919 
2714.000000	1.617754 
2712.000000	1.617810 
2710.000000	1.617625 
2708.000000	1.614559 
2706.000000	1.612274 
2704.000000	1.613928 
2702.000000	1.615831 
2700.000000	1.616130 
2698.000000	1.612951 
2696.000000	1.610290 
2694.000000	1.611541 
2692.000000	1.612598 
2690.000000	1.610290 
2688.000000	1.607748 
2686.000000	1.610573 
2684.000000	1.614614 
2682.000000	1.610442 
2680.000000	1.608647 
2678.000000	1.608176 
2676.000000	1.606223 
2674.000000	1.608630 
2672.000000	1.612408 
2670.000000	1.612671 
2668.000000	1.614815 
2666.000000	1.615609 
2664.000000	1.611990 
2662.000000	1.612900 
2660.000000	1.612624 
2658.000000	1.608996 
2656.000000	1.608017 
2654.000000	1.613095 
2652.000000	1.617034 
2650.000000	1.615596 
2648.000000	1.612781 
2646.000000	1.610395 
2644.000000	1.608782 
2642.000000	1.609156 
2640.000000	1.609303 
2638.000000	1.610231 
2636.000000	1.609312 
2634.000000	1.602684 
2632.000000	1.597408 
2630.000000	1.601359 
2628.000000	1.604608 
2626.000000	1.602850 
2624.000000	1.604359 
2622.000000	1.602999 
2620.000000	1.599955 
2618.000000	1.602867 
2616.000000	1.603818 
2614.000000	1.603809 
2612.000000	1.602970 
2610.000000	1.604130 
2608.000000	1.603323 
2606.000000	1.602655 
2604.000000	1.605872 
2602.000000	1.605355 
2600.000000	1.602095 
2598.000000	1.603439 
2596.000000	1.605910 
2594.000000	1.603481 
2592.000000	1.600793 
2590.000000	1.602228 
2588.000000	1.601239 
2586.000000	1.601442 
2584.000000	1.600252 
2582.000000	1.597887 
2580.000000	1.599704 
2578.000000	1.598684 
2576.000000	1.597580 
2574.000000	1.598199 
2572.000000	1.593243 
2570.000000	1.591602 
2568.000000	1.596311 
2566.000000	1.596863 
2564.000000	1.593592 
2562.000000	1.593677 
2560.000000	1.595841 
2558.000000	1.595768 
2556.000000	1.594340 
2554.000000	1.597457 
2552.000000	1.598980 
2550.000000	1.598072 
2548.000000	1.595356 
2546.000000	1.594027 
2544.000000	1.594157 
2542.000000	1.595560 
2540.000000	1.599457 
2538.000000	1.599383 
2536.000000	1.593734 
2534.000000	1.588729 
2532.000000	1.592586 
2530.000000	1.597154 
2528.000000	1.595797 
2526.000000	1.591073 
2524.000000	1.588842 
2522.000000	1.591497 
2520.000000	1.594376 
2518.000000	1.596467 
2516.000000	1.593308 
2514.000000	1.590690 
2512.000000	1.591041 
2510.000000	1.592241 
2508.000000	1.591396 
2506.000000	1.589215 
2504.000000	1.591893 
2502.000000	1.590871 
2500.000000	1.588946 
2498.000000	1.587410 
2496.000000	1.584095 
2494.000000	1.583643 
2492.000000	1.585074 
2490.000000	1.585464 
2488.000000	1.585130 
2486.000000	1.586015 
2484.000000	1.586750 
2482.000000	1.587943 
2480.000000	1.588131 
2478.000000	1.586478 
2476.000000	1.585987 
2474.000000	1.585656 
2472.000000	1.585241 
2470.000000	1.586534 
2468.000000	1.586726 
2466.000000	1.584421 
2464.000000	1.584000 
2462.000000	1.584374 
2460.000000	1.583913 
2458.000000	1.582640 
2456.000000	1.581228 
2454.000000	1.580798 
2452.000000	1.579625 
2450.000000	1.576445 
2448.000000	1.576055 
2446.000000	1.576183 
2444.000000	1.575034 
2442.000000	1.573697 
2440.000000	1.572581 
2438.000000	1.574847 
2436.000000	1.577211 
2434.000000	1.578092 
2432.000000	1.578146 
2430.000000	1.576886 
2428.000000	1.575704 
2426.000000	1.575965 
2424.000000	1.577316 
2422.000000	1.575392 
2420.000000	1.575447 
2418.000000	1.575743 
2416.000000	1.572175 
2414.000000	1.571940 
2412.000000	1.573360 
2410.000000	1.571700 
2408.000000	1.568085 
2406.000000	1.562721 
2404.000000	1.562407 
2402.000000	1.570624 
2400.000000	1.575786 
2398.000000	1.571673 
2396.000000	1.569439 
2394.000000	1.571696 
2392.000000	1.575034 
2390.000000	1.570150 
2388.000000	1.565337 
2386.000000	1.564105 
2384.000000	1.565534 
2382.000000	1.565203 
2380.000000	1.564238 
2378.000000	1.563745 
2376.000000	1.560295 
2374.000000	1.556471 
2372.000000	1.554593 
2370.000000	1.553969 
2368.000000	1.550690 
2366.000000	1.553914 
2364.000000	1.561312 
2362.000000	1.561750 
2360.000000	1.568744 
2358.000000	1.575984 
2356.000000	1.574847 
2354.000000	1.579322 
2352.000000	1.584982 
2350.000000	1.581358 
2348.000000	1.561731 
2346.000000	1.548506 
2344.000000	1.554845 
2342.000000	1.565458 
2340.000000	1.566510 
2338.000000	1.568235 
2336.000000	1.566270 
2334.000000	1.564090 
2332.000000	1.570462 
2330.000000	1.576156 
2328.000000	1.575454 
2326.000000	1.575828 
2324.000000	1.575447 
2322.000000	1.574824 
2320.000000	1.580617 
2318.000000	1.584632 
2316.000000	1.577535 
2314.000000	1.573918 
2312.000000	1.577790 
2310.000000	1.580972 
2308.000000	1.585389 
2306.000000	1.584270 
2304.000000	1.583734 
2302.000000	1.586986 
2300.000000	1.589815 
2298.000000	1.590577 
2296.000000	1.589678 
2294.000000	1.594079 
2292.000000	1.601495 
2290.000000	1.604567 
2288.000000	1.604425 
2286.000000	1.604763 
2284.000000	1.608386 
2282.000000	1.616378 
2280.000000	1.623120 
2278.000000	1.630094 
2276.000000	1.634003 
2274.000000	1.641747 
2272.000000	1.648073 
2270.000000	1.648587 
2268.000000	1.654107 
2266.000000	1.658202 
2264.000000	1.662554 
2262.000000	1.672077 
2260.000000	1.675226 
2258.000000	1.674766 
2256.000000	1.680195 
2254.000000	1.689174 
2252.000000	1.692364 
2250.000000	1.690675 
2248.000000	1.692002 
2246.000000	1.692017 
2244.000000	1.689721 
2242.000000	1.690076 
2240.000000	1.694213 
2238.000000	1.693799 
2236.000000	1.691259 
2234.000000	1.689038 
2232.000000	1.685517 
2230.000000	1.681431 
2228.000000	1.676370 
2226.000000	1.674614 
2224.000000	1.675016 
2222.000000	1.675074 
2220.000000	1.675079 
2218.000000	1.678108 
2216.000000	1.684384 
2214.000000	1.689605 
2212.000000	1.693140 
2210.000000	1.697921 
2208.000000	1.702781 
2206.000000	1.707253 
2204.000000	1.712032 
2202.000000	1.713175 
2200.000000	1.715104 
2198.000000	1.715658 
2196.000000	1.711776 
2194.000000	1.711035 
2192.000000	1.714417 
2190.000000	1.718215 
2188.000000	1.719695 
2186.000000	1.712918 
2184.000000	1.705137 
2182.000000	1.699332 
2180.000000	1.694275 
2178.000000	1.694838 
2176.000000	1.692507 
2174.000000	1.686527 
2172.000000	1.688962 
2170.000000	1.690593 
2168.000000	1.686959 
2166.000000	1.688668 
2164.000000	1.692854 
2162.000000	1.690522 
2160.000000	1.693661 
2158.000000	1.701077 
2156.000000	1.705268 
2154.000000	1.708955 
2152.000000	1.721997 
2150.000000	1.741184 
2148.000000	1.760858 
2146.000000	1.777999 
2144.000000	1.778913 
2142.000000	1.779168 
2140.000000	1.784393 
2138.000000	1.785099 
2136.000000	1.777795 
2134.000000	1.769911 
2132.000000	1.767104 
2130.000000	1.766161 
2128.000000	1.767352 
2126.000000	1.779573 
2124.000000	1.797466 
2122.000000	1.814266 
2120.000000	1.831425 
2118.000000	1.853889 
2116.000000	1.865697 
2114.000000	1.867418 
2112.000000	1.869360 
2110.000000	1.860416 
2108.000000	1.845951 
2106.000000	1.832494 
2104.000000	1.823085 
2102.000000	1.810362 
2100.000000	1.793060 
2098.000000	1.780635 
2096.000000	1.780629 
2094.000000	1.796830 
2092.000000	1.813841 
2090.000000	1.819591 
2088.000000	1.816900 
2086.000000	1.811031 
2084.000000	1.801484 
2082.000000	1.784204 
2080.000000	1.771039 
2078.000000	1.758572 
2076.000000	1.740700 
2074.000000	1.717804 
2072.000000	1.692267 
2070.000000	1.665784 
2068.000000	1.636507 
2066.000000	1.610201 
2064.000000	1.591113 
2062.000000	1.574575 
2060.000000	1.557606 
2058.000000	1.546474 
2056.000000	1.540201 
2054.000000	1.534517 
2052.000000	1.532560 
2050.000000	1.531530 
2048.000000	1.529683 
2046.000000	1.525607 
2044.000000	1.520154 
2042.000000	1.518845 
2040.000000	1.517585 
2038.000000	1.514270 
2036.000000	1.514328 
2034.000000	1.515548 
2032.000000	1.511400 
2030.000000	1.510531 
2028.000000	1.513169 
2026.000000	1.512609 
2024.000000	1.508429 
2022.000000	1.507229 
2020.000000	1.506411 
2018.000000	1.505349 
2016.000000	1.506930 
2014.000000	1.505588 
2012.000000	1.503235 
2010.000000	1.504295 
2008.000000	1.503918 
2006.000000	1.500022 
2004.000000	1.499074 
2002.000000	1.501337 
2000.000000	1.503625 
1998.000000	1.502412 
1996.000000	1.498760 
1994.000000	1.496676 
1992.000000	1.499420 
1990.000000	1.500438 
1988.000000	1.497050 
1986.000000	1.495398 
1984.000000	1.495337 
1982.000000	1.495683 
1980.000000	1.495605 
1978.000000	1.495398 
1976.000000	1.493711 
1974.000000	1.493253 
1972.000000	1.495330 
1970.000000	1.494596 
1968.000000	1.491407 
1966.000000	1.491323 
1964.000000	1.490179 
1962.000000	1.490532 
1960.000000	1.490327 
1958.000000	1.487554 
1956.000000	1.487996 
1954.000000	1.487703 
1952.000000	1.486664 
1950.000000	1.484707 
1948.000000	1.484520 
1946.000000	1.484975 
1944.000000	1.481241 
1942.000000	1.483419 
1940.000000	1.487503 
1938.000000	1.484040 
1936.000000	1.482544 
1934.000000	1.480555 
1932.000000	1.477364 
1930.000000	1.477681 
1928.000000	1.479505 
1926.000000	1.479109 
1924.000000	1.478571 
1922.000000	1.479655 
1920.000000	1.476727 
1918.000000	1.478403 
1916.000000	1.480562 
1914.000000	1.476237 
1912.000000	1.474070 
1910.000000	1.473870 
1908.000000	1.474336 
1906.000000	1.474542 
1904.000000	1.473682 
1902.000000	1.471524 
1900.000000	1.471350 
1898.000000	1.469088 
1896.000000	1.469396 
1894.000000	1.472424 
1892.000000	1.469069 
1890.000000	1.467949 
1888.000000	1.473118 
1886.000000	1.470281 
1884.000000	1.466974 
1882.000000	1.465218 
1880.000000	1.464286 
1878.000000	1.465025 
1876.000000	1.465381 
1874.000000	1.464234 
1872.000000	1.459930 
1870.000000	1.459491 
1868.000000	1.468533 
1866.000000	1.471874 
1864.000000	1.467153 
1862.000000	1.462291 
1860.000000	1.457373 
1858.000000	1.456034 
1856.000000	1.458779 
1854.000000	1.457866 
1852.000000	1.457415 
1850.000000	1.456673 
1848.000000	1.455587 
1846.000000	1.450256 
1844.000000	1.456158 
1842.000000	1.463358 
1840.000000	1.455218 
1838.000000	1.453991 
1836.000000	1.455325 
1834.000000	1.451185 
1832.000000	1.445549 
1830.000000	1.450992 
1828.000000	1.456448 
1826.000000	1.449559 
1824.000000	1.450192 
1822.000000	1.449142 
1820.000000	1.444243 
1818.000000	1.443904 
1816.000000	1.446550 
1814.000000	1.444166 
1812.000000	1.440422 
1810.000000	1.441471 
1808.000000	1.441663 
1806.000000	1.438745 
1804.000000	1.434301 
1802.000000	1.431424 
1800.000000	1.435798 
1798.000000	1.438682 
1796.000000	1.434163 
1794.000000	1.423724 
1792.000000	1.432454 
1790.000000	1.442964 
1788.000000	1.437104 
1786.000000	1.432804 
1784.000000	1.432109 
1782.000000	1.426590 
1780.000000	1.426792 
1778.000000	1.430502 
1776.000000	1.424769 
1774.000000	1.416582 
1772.000000	1.424557 
1770.000000	1.430313 
1768.000000	1.425604 
1766.000000	1.424818 
1764.000000	1.413755 
1762.000000	1.414252 
1760.000000	1.424967 
1758.000000	1.419534 
1756.000000	1.418787 
1754.000000	1.410503 
1752.000000	1.400578 
1750.000000	1.410064 
1748.000000	1.417096 
1746.000000	1.415856 
1744.000000	1.410575 
1742.000000	1.407359 
1740.000000	1.411479 
1738.000000	1.417334 
1736.000000	1.395550 
1734.000000	1.406109 
1732.000000	1.428093 
1730.000000	1.415918 
1728.000000	1.408100 
1726.000000	1.402645 
1724.000000	1.404362 
1722.000000	1.403488 
1720.000000	1.388749 
1718.000000	1.389409 
1716.000000	1.409622 
1714.000000	1.411247 
1712.000000	1.403090 
1710.000000	1.394676 
1708.000000	1.388380 
1706.000000	1.387689 
1704.000000	1.388491 
1702.000000	1.369876 
1700.000000	1.389467 
1698.000000	1.396233 
1696.000000	1.385673 
1694.000000	1.395733 
1692.000000	1.382834 
1690.000000	1.375949 
1688.000000	1.372790 
1686.000000	1.356972 
1684.000000	1.376343 
1682.000000	1.394576 
1680.000000	1.375389 
1678.000000	1.361870 
1676.000000	1.357839 
1674.000000	1.372719 
1672.000000	1.362769 
1670.000000	1.357068 
1668.000000	1.373088 
1666.000000	1.366962 
1664.000000	1.353404 
1662.000000	1.357224 
1660.000000	1.360393 
1658.000000	1.354033 
1656.000000	1.332577 
1654.000000	1.321603 
1652.000000	1.375753 
1650.000000	1.365061 
1648.000000	1.338701 
1646.000000	1.352653 
1644.000000	1.358132 
1642.000000	1.345836 
1640.000000	1.337546 
1638.000000	1.326419 
1636.000000	1.332933 
1634.000000	1.358992 
1632.000000	1.350033 
1630.000000	1.336154 
1628.000000	1.336015 
1626.000000	1.334957 
1624.000000	1.330469 
1622.000000	1.338798 
1620.000000	1.332332 
1618.000000	1.320651 
1616.000000	1.334742 
1614.000000	1.338759 
1612.000000	1.327435 
1610.000000	1.323365 
1608.000000	1.322159 
1606.000000	1.318635 
1604.000000	1.316340 
1602.000000	1.317272 
1600.000000	1.316767 
1598.000000	1.313156 
1596.000000	1.311002 
1594.000000	1.311511 
1592.000000	1.310248 
1590.000000	1.307777 
1588.000000	1.307161 
1586.000000	1.305802 
1584.000000	1.302840 
1582.000000	1.297251 
1580.000000	1.293275 
1578.000000	1.283739 
1576.000000	1.293478 
1574.000000	1.305476 
1572.000000	1.290194 
1570.000000	1.287230 
1568.000000	1.299097 
1566.000000	1.291941 
1564.000000	1.285426 
1562.000000	1.269580 
1560.000000	1.256788 
1558.000000	1.301799 
1556.000000	1.302794 
1554.000000	1.289363 
1552.000000	1.283704 
1550.000000	1.278612 
1548.000000	1.273566 
1546.000000	1.264409 
1544.000000	1.262814 
1542.000000	1.260448 
1540.000000	1.275624 
1538.000000	1.290439 
1536.000000	1.270726 
1534.000000	1.262582 
1532.000000	1.271646 
1530.000000	1.261715 
1528.000000	1.253332 
1526.000000	1.255415 
1524.000000	1.253912 
1522.000000	1.251492 
1520.000000	1.263917 
1518.000000	1.256322 
1516.000000	1.256743 
1514.000000	1.253936 
1512.000000	1.244719 
1510.000000	1.236141 
1508.000000	1.228852 
1506.000000	1.257383 
1504.000000	1.260867 
1502.000000	1.239944 
1500.000000	1.228036 
1498.000000	1.228935 
1496.000000	1.240396 
1494.000000	1.240444 
1492.000000	1.228216 
1490.000000	1.230787 
1488.000000	1.239832 
1486.000000	1.239879 
1484.000000	1.234925 
1482.000000	1.230047 
1480.000000	1.229216 
1478.000000	1.225972 
1476.000000	1.223630 
1474.000000	1.220093 
1472.000000	1.230879 
1470.000000	1.232246 
1468.000000	1.220197 
1466.000000	1.215224 
1464.000000	1.224331 
1462.000000	1.222630 
1460.000000	1.207812 
1458.000000	1.206589 
1456.000000	1.228526 
1454.000000	1.226394 
1452.000000	1.214898 
1450.000000	1.212110 
1448.000000	1.213052 
1446.000000	1.211872 
1444.000000	1.204989 
1442.000000	1.201340 
1440.000000	1.194648 
1438.000000	1.186233 
1436.000000	1.195307 
1434.000000	1.195852 
1432.000000	1.185715 
1430.000000	1.183579 
1428.000000	1.183304 
1426.000000	1.175863 
1424.000000	1.174470 
1422.000000	1.171265 
1420.000000	1.166766 
1418.000000	1.175649 
1416.000000	1.171501 
1414.000000	1.162873 
1412.000000	1.160254 
1410.000000	1.158595 
1408.000000	1.153692 
1406.000000	1.150526 
1404.000000	1.153645 
1402.000000	1.149778 
1400.000000	1.143491 
1398.000000	1.143272 
1396.000000	1.140638 
1394.000000	1.143792 
1392.000000	1.142533 
1390.000000	1.133465 
1388.000000	1.130505 
1386.000000	1.132903 
1384.000000	1.129669 
1382.000000	1.125064 
1380.000000	1.122396 
1378.000000	1.120411 
1376.000000	1.116212 
1374.000000	1.115451 
1372.000000	1.114996 
1370.000000	1.110903 
1368.000000	1.109541 
1366.000000	1.106997 
1364.000000	1.101463 
1362.000000	1.100915 
1360.000000	1.098495 
1358.000000	1.094413 
1356.000000	1.092001 
1354.000000	1.090491 
1352.000000	1.087536 
1350.000000	1.084674 
1348.000000	1.082175 
1346.000000	1.078972 
1344.000000	1.075395 
1342.000000	1.071969 
1340.000000	1.070563 
1338.000000	1.069671 
1336.000000	1.066939 
1334.000000	1.064924 
1332.000000	1.062720 
1330.000000	1.060224 
1328.000000	1.058374 
1326.000000	1.056518 
1324.000000	1.055578 
1322.000000	1.054151 
1320.000000	1.050976 
1318.000000	1.048068 
1316.000000	1.046671 
1314.000000	1.045186 
1312.000000	1.043406 
1310.000000	1.039753 
1308.000000	1.036572 
1306.000000	1.034925 
1304.000000	1.033048 
1302.000000	1.031501 
1300.000000	1.028631 
1298.000000	1.025800 
1296.000000	1.024228 
1294.000000	1.021555 
1292.000000	1.018131 
1290.000000	1.015303 
1288.000000	1.012827 
1286.000000	1.010685 
1284.000000	1.007943 
1282.000000	1.005089 
1280.000000	1.002373 
1278.000000	0.999185 
1276.000000	0.996936 
1274.000000	0.995065 
1272.000000	0.991958 
1270.000000	0.988274 
1268.000000	0.985517 
1266.000000	0.983771 
1264.000000	0.981681 
1262.000000	0.979757 
1260.000000	0.978006 
1258.000000	0.975436 
1256.000000	0.972954 
1254.000000	0.970623 
1252.000000	0.968124 
1250.000000	0.966233 
1248.000000	0.964584 
1246.000000	0.962974 
1244.000000	0.960628 
1242.000000	0.959631 
1240.000000	0.958860 
1238.000000	0.957502 
1236.000000	0.956690 
1234.000000	0.955747 
1232.000000	0.954506 
1230.000000	0.954134 
1228.000000	0.953637 
1226.000000	0.953044 
1224.000000	0.953886 
1222.000000	0.954891 
1220.000000	0.956323 
1218.000000	0.958471 
1216.000000	0.961432 
1214.000000	0.965506 
1212.000000	0.968680 
1210.000000	0.972034 
1208.000000	0.977383 
1206.000000	0.983224 
1204.000000	0.989477 
1202.000000	0.995987 
1200.000000	1.003233 
1198.000000	1.010805 
1196.000000	1.019524 
1194.000000	1.028176 
1192.000000	1.037407 
1190.000000	1.046746 
1188.000000	1.057541 
1186.000000	1.067973 
1184.000000	1.076299 
1182.000000	1.085038 
1180.000000	1.096395 
1178.000000	1.107260 
1176.000000	1.116583 
1174.000000	1.126945 
1172.000000	1.136599 
1170.000000	1.144317 
1168.000000	1.154526 
1166.000000	1.166307 
1164.000000	1.176149 
1162.000000	1.184051 
1160.000000	1.190706 
1158.000000	1.200188 
1156.000000	1.211185 
1154.000000	1.218744 
1152.000000	1.225211 
1150.000000	1.233546 
1148.000000	1.240005 
1146.000000	1.245542 
1144.000000	1.252458 
1142.000000	1.261297 
1140.000000	1.267318 
1138.000000	1.271311 
1136.000000	1.278764 
1134.000000	1.285458 
1132.000000	1.287906 
1130.000000	1.289891 
1128.000000	1.295457 
1126.000000	1.302044 
1124.000000	1.306567 
1122.000000	1.310797 
1120.000000	1.313998 
1118.000000	1.318363 
1116.000000	1.323658 
1114.000000	1.328444 
1112.000000	1.334735 
1110.000000	1.336558 
1108.000000	1.336826 
1106.000000	1.343690 
1104.000000	1.350789 
1102.000000	1.352200 
1100.000000	1.350239 
1098.000000	1.352774 
1096.000000	1.357950 
1094.000000	1.363206 
1092.000000	1.364237 
1090.000000	1.364764 
1088.000000	1.370497 
1086.000000	1.376385 
1084.000000	1.379011 
1082.000000	1.379380 
1080.000000	1.379996 
1078.000000	1.383574 
1076.000000	1.386902 
1074.000000	1.392375 
1072.000000	1.397542 
1070.000000	1.398632 
1068.000000	1.401425 
1066.000000	1.405298 
1064.000000	1.409202 
1062.000000	1.409306 
1060.000000	1.407308 
1058.000000	1.404993 
1056.000000	1.400330 
1054.000000	1.395609 
1052.000000	1.391849 
1050.000000	1.389713 
1048.000000	1.388648 
1046.000000	1.384103 
1044.000000	1.377888 
1042.000000	1.370213 
1040.000000	1.356710 
1038.000000	1.342819 
1036.000000	1.331583 
1034.000000	1.317971 
1032.000000	1.303335 
1030.000000	1.289226 
1028.000000	1.272900 
1026.000000	1.257398 
1024.000000	1.242368 
1022.000000	1.222588 
1020.000000	1.199578 
1018.000000	1.178083 
1016.000000	1.155679 
1014.000000	1.132046 
1012.000000	1.109030 
1010.000000	1.083462 
1008.000000	1.056970 
1006.000000	1.033257 
1004.000000	1.011189 
1002.000000	0.988613 
1000.000000	0.967652 
998.000000	 0.949503 
996.000000	 0.932297 
994.000000	 0.917348 
992.000000	 0.907999 
990.000000	 0.904444 
988.000000	 0.906070 
986.000000	 0.912549 
984.000000	 0.922263 
982.000000	 0.931918 
980.000000	 0.937298 
978.000000	 0.937669 
976.000000	 0.932297 
974.000000	 0.918425 
972.000000	 0.899454 
970.000000	 0.878855 
968.000000	 0.859401 
966.000000	 0.841657 
964.000000	 0.826766 
962.000000	 0.815146 
960.000000	 0.806335 
958.000000	 0.799276 
956.000000	 0.793603 
954.000000	 0.790548 
952.000000	 0.790489 
950.000000	 0.793826 
948.000000	 0.801058 
946.000000	 0.809268 
944.000000	 0.817015 
942.000000	 0.825430 
940.000000	 0.830966 
938.000000	 0.832539 
936.000000	 0.831758 
934.000000	 0.828572 
932.000000	 0.823556 
930.000000	 0.818157 
928.000000	 0.813208 
926.000000	 0.807680 
924.000000	 0.802614 
922.000000	 0.800127 
920.000000	 0.800785 
918.000000	 0.803393 
916.000000	 0.804117 
914.000000	 0.801611 
912.000000	 0.796020 
910.000000	 0.792063 
908.000000	 0.791386 
906.000000	 0.786798 
904.000000	 0.777681 
902.000000	 0.768305 
900.000000	 0.760120 
898.000000	 0.754127 
896.000000	 0.750565 
894.000000	 0.749564 
892.000000	 0.753212 
890.000000	 0.761920 
888.000000	 0.773272 
886.000000	 0.786182 
884.000000	 0.800010 
882.000000	 0.813567 
880.000000	 0.826110 
878.000000	 0.837217 
876.000000	 0.845898 
874.000000	 0.852382 
872.000000	 0.855706 
870.000000	 0.858714 
868.000000	 0.862281 
866.000000	 0.862981 
864.000000	 0.861008 
862.000000	 0.858032 
860.000000	 0.854588 
858.000000	 0.851424 
856.000000	 0.848081 
854.000000	 0.844385 
852.000000	 0.840330 
850.000000	 0.837320 
848.000000	 0.836549 
846.000000	 0.835671 
844.000000	 0.833596 
842.000000	 0.831975 
840.000000	 0.829973 
838.000000	 0.824659 
836.000000	 0.817623 
834.000000	 0.808590 
832.000000	 0.795549 
830.000000	 0.780801 
828.000000	 0.763710 
826.000000	 0.744879 
824.000000	 0.724621 
822.000000	 0.704284 
820.000000	 0.686497 
818.000000	 0.671007 
816.000000	 0.658231 
814.000000	 0.647130 
812.000000	 0.636323 
810.000000	 0.626733 
808.000000	 0.618350 
806.000000	 0.610993 
804.000000	 0.604458 
802.000000	 0.597064 
800.000000	 0.588586 
798.000000	 0.579556 
796.000000	 0.570838 
794.000000	 0.561743 
792.000000	 0.552016 
790.000000	 0.542951 
788.000000	 0.534009 
786.000000	 0.525005 
784.000000	 0.516160 
782.000000	 0.507419 
780.000000	 0.499663 
778.000000	 0.492137 
776.000000	 0.484589 
774.000000	 0.478106 
772.000000	 0.471686 
770.000000	 0.465618 
768.000000	 0.460515 
766.000000	 0.455467 
764.000000	 0.450474 
762.000000	 0.446170 
760.000000	 0.442966 
758.000000	 0.439923 
756.000000	 0.437999 
754.000000	 0.436815 
752.000000	 0.435363 
750.000000	 0.434584 
748.000000	 0.434732 
746.000000	 0.435120 
744.000000	 0.435467 
742.000000	 0.436118 
740.000000	 0.437487 
738.000000	 0.438842 
736.000000	 0.440026 
734.000000	 0.441609 
732.000000	 0.443050 
730.000000	 0.444629 
728.000000	 0.446828 
726.000000	 0.449600 
724.000000	 0.452774 
722.000000	 0.455822 
720.000000	 0.459218 
718.000000	 0.463613 
716.000000	 0.467545 
714.000000	 0.471390 
712.000000	 0.475075 
710.000000	 0.478578 
708.000000	 0.481270 
706.000000	 0.482693 
704.000000	 0.482043 
702.000000	 0.479660 
700.000000	 0.476660 
698.000000	 0.472764 
696.000000	 0.469665 
694.000000	 0.469281 
692.000000	 0.470116 
690.000000	 0.471622 
688.000000	 0.473868 
686.000000	 0.476808 
684.000000	 0.480703 
682.000000	 0.485618 
680.000000	 0.492177 
678.000000	 0.500442 
676.000000	 0.509750 
674.000000	 0.518734 
672.000000	 0.524306 
670.000000	 0.525634 
668.000000	 0.527997 
666.000000	 0.525385 
664.000000	 0.516778 
662.000000	 0.506433 
660.000000	 0.497204 
658.000000	 0.490718 
656.000000	 0.484892 
654.000000	 0.480532 
652.000000	 0.478327 
650.000000	 0.479681 
648.000000	 0.484622 
646.000000	 0.490881 
644.000000	 0.497482 
642.000000	 0.504572 
640.000000	 0.512342 
638.000000	 0.520808 
636.000000	 0.530730 
634.000000	 0.542261 
632.000000	 0.553013 
630.000000	 0.559198 
628.000000	 0.558591 
626.000000	 0.548938 
624.000000	 0.526929 
622.000000	 0.495200 
620.000000	 0.458849 
618.000000	 0.420106 
616.000000	 0.382852 
614.000000	 0.350100 
612.000000	 0.322974 
610.000000	 0.300341 
608.000000	 0.280159 
606.000000	 0.261839 
604.000000	 0.247562 
602.000000	 0.235213 
600.000000	 0.224419 
598.000000	 0.215480 
596.000000	 0.206732 
594.000000	 0.198291 
592.000000	 0.191828 
590.000000	 0.185818 
588.000000	 0.179722 
586.000000	 0.174229 
584.000000	 0.169283 
582.000000	 0.164289 
580.000000	 0.159299 
578.000000	 0.153954 
576.000000	 0.148214 
574.000000	 0.141975 
572.000000	 0.136689 
570.000000	 0.132002 
568.000000	 0.126867 
566.000000	 0.122102 
564.000000	 0.118497 
562.000000	 0.115693 
560.000000	 0.112385 
558.000000	 0.108322 
556.000000	 0.105132 
554.000000	 0.102529 
552.000000	 0.100099 
550.000000	 0.099117 
548.000000	 0.098198 
546.000000	 0.095954 
544.000000	 0.093598 
542.000000	 0.091482 
540.000000	 0.089539 
538.000000	 0.088373 
536.000000	 0.087262 
534.000000	 0.086264 
532.000000	 0.085003 
530.000000	 0.083668 
528.000000	 0.082525 
526.000000	 0.081890 
524.000000	 0.081537 
522.000000	 0.081523 
520.000000	 0.082294 
518.000000	 0.083449 
516.000000	 0.084765 
514.000000	 0.086034 
512.000000	 0.087347 
510.000000	 0.087678 
508.000000	 0.086269 
506.000000	 0.085251 
504.000000	 0.084974 
502.000000	 0.084798 
500.000000	 0.084327 
498.000000	 0.083067 
496.000000	 0.083134 
494.000000	 0.083868 
492.000000	 0.084377 
490.000000	 0.085496 
488.000000	 0.087265 
486.000000	 0.088950 
484.000000	 0.090560 
482.000000	 0.092418 
480.000000	 0.094336 
478.000000	 0.096432 
476.000000	 0.098983 
474.000000	 0.100196 
472.000000	 0.101221 
470.000000	 0.103757 
468.000000	 0.105129 
466.000000	 0.105875 
464.000000	 0.106584 
462.000000	 0.106430 
460.000000	 0.105556 
458.000000	 0.105811 
456.000000	 0.107243 
454.000000	 0.107462 
452.000000	 0.107447 
450.000000	 0.108509 

