4400.000000	1.658221 
4398.000000	1.655285 
4396.000000	1.656950 
4394.000000	1.655576 
4392.000000	1.653953 
4390.000000	1.660882 
4388.000000	1.664687 
4386.000000	1.661323 
4384.000000	1.658961 
4382.000000	1.659840 
4380.000000	1.659528 
4378.000000	1.657670 
4376.000000	1.653571 
4374.000000	1.651473 
4372.000000	1.651431 
4370.000000	1.653832 
4368.000000	1.658999 
4366.000000	1.657750 
4364.000000	1.656471 
4362.000000	1.656941 
4360.000000	1.660347 
4358.000000	1.661898 
4356.000000	1.659254 
4354.000000	1.664793 
4352.000000	1.669496 
4350.000000	1.660560 
4348.000000	1.648799 
4346.000000	1.650958 
4344.000000	1.653408 
4342.000000	1.652123 
4340.000000	1.649215 
4338.000000	1.654967 
4336.000000	1.663880 
4334.000000	1.653249 
4332.000000	1.646960 
4330.000000	1.651255 
4328.000000	1.653571 
4326.000000	1.659665 
4324.000000	1.667105 
4322.000000	1.666096 
4320.000000	1.667129 
4318.000000	1.665808 
4316.000000	1.660347 
4314.000000	1.662478 
4312.000000	1.662336 
4310.000000	1.656007 
4308.000000	1.650819 
4306.000000	1.653403 
4304.000000	1.662978 
4302.000000	1.661879 
4300.000000	1.658155 
4298.000000	1.657190 
4296.000000	1.652002 
4294.000000	1.653356 
4292.000000	1.654761 
4290.000000	1.656631 
4288.000000	1.662359 
4286.000000	1.670440 
4284.000000	1.668380 
4282.000000	1.666197 
4280.000000	1.676561 
4278.000000	1.675261 
4276.000000	1.657355 
4274.000000	1.650014 
4272.000000	1.662554 
4270.000000	1.671804 
4268.000000	1.659561 
4266.000000	1.647066 
4264.000000	1.647089 
4262.000000	1.660257 
4260.000000	1.670125 
4258.000000	1.661846 
4256.000000	1.658584 
4254.000000	1.663260 
4252.000000	1.661789 
4250.000000	1.655810 
4248.000000	1.658084 
4246.000000	1.665516 
4244.000000	1.663856 
4242.000000	1.660072 
4240.000000	1.659906 
4238.000000	1.659878 
4236.000000	1.657778 
4234.000000	1.655707 
4232.000000	1.654967 
4230.000000	1.651357 
4228.000000	1.648785 
4226.000000	1.652551 
4224.000000	1.657510 
4222.000000	1.666307 
4220.000000	1.669569 
4218.000000	1.668868 
4216.000000	1.670043 
4214.000000	1.661642 
4212.000000	1.656556 
4210.000000	1.658013 
4208.000000	1.660778 
4206.000000	1.668076 
4204.000000	1.665583 
4202.000000	1.660768 
4200.000000	1.658438 
4198.000000	1.650838 
4196.000000	1.654191 
4194.000000	1.663737 
4192.000000	1.664444 
4190.000000	1.657853 
4188.000000	1.656574 
4186.000000	1.661499 
4184.000000	1.666692 
4182.000000	1.664276 
4180.000000	1.662916 
4178.000000	1.666908 
4176.000000	1.666384 
4174.000000	1.664319 
4172.000000	1.661865 
4170.000000	1.665358 
4168.000000	1.670149 
4166.000000	1.663198 
4164.000000	1.655065 
4162.000000	1.656349 
4160.000000	1.658230 
4158.000000	1.655904 
4156.000000	1.657082 
4154.000000	1.659405 
4152.000000	1.659448 
4150.000000	1.660636 
4148.000000	1.666163 
4146.000000	1.668684 
4144.000000	1.668231 
4142.000000	1.671804 
4140.000000	1.664525 
4138.000000	1.660134 
4136.000000	1.662183 
4134.000000	1.658758 
4132.000000	1.652063 
4130.000000	1.655613 
4128.000000	1.658150 
4126.000000	1.652588 
4124.000000	1.650032 
4122.000000	1.653874 
4120.000000	1.658820 
4118.000000	1.659746 
4116.000000	1.651533 
4114.000000	1.643643 
4112.000000	1.644465 
4110.000000	1.657350 
4108.000000	1.666312 
4106.000000	1.660877 
4104.000000	1.660697 
4102.000000	1.665717 
4100.000000	1.666874 
4098.000000	1.666817 
4096.000000	1.663341 
4094.000000	1.658178 
4092.000000	1.659344 
4090.000000	1.663431 
4088.000000	1.656011 
4086.000000	1.644309 
4084.000000	1.642601 
4082.000000	1.646134 
4080.000000	1.649820 
4078.000000	1.656631 
4076.000000	1.657773 
4074.000000	1.658315 
4072.000000	1.656026 
4070.000000	1.650917 
4068.000000	1.656701 
4066.000000	1.667538 
4064.000000	1.670246 
4062.000000	1.663646 
4060.000000	1.663412 
4058.000000	1.668086 
4056.000000	1.662202 
4054.000000	1.657021 
4052.000000	1.655805 
4050.000000	1.647521 
4048.000000	1.642706 
4046.000000	1.650463 
4044.000000	1.653170 
4042.000000	1.647792 
4040.000000	1.655426 
4038.000000	1.670377 
4036.000000	1.669699 
4034.000000	1.669544 
4032.000000	1.667615 
4030.000000	1.664975 
4028.000000	1.663469 
4026.000000	1.658702 
4024.000000	1.660423 
4022.000000	1.655983 
4020.000000	1.649136 
4018.000000	1.651863 
4016.000000	1.657223 
4014.000000	1.655847 
4012.000000	1.647309 
4010.000000	1.646221 
4008.000000	1.654981 
4006.000000	1.657924 
4004.000000	1.651784 
4002.000000	1.652467 
4000.000000	1.655632 
3998.000000	1.656466 
3996.000000	1.656208 
3994.000000	1.653077 
3992.000000	1.654616 
3990.000000	1.656241 
3988.000000	1.660844 
3986.000000	1.658296 
3984.000000	1.655913 
3982.000000	1.659136 
3980.000000	1.655852 
3978.000000	1.656786 
3976.000000	1.658777 
3974.000000	1.651933 
3972.000000	1.645324 
3970.000000	1.647080 
3968.000000	1.651450 
3966.000000	1.649381 
3964.000000	1.644086 
3962.000000	1.650537 
3960.000000	1.660058 
3958.000000	1.657533 
3956.000000	1.657166 
3954.000000	1.654976 
3952.000000	1.646189 
3950.000000	1.646758 
3948.000000	1.649399 
3946.000000	1.644291 
3944.000000	1.637274 
3942.000000	1.645068 
3940.000000	1.655229 
3938.000000	1.652211 
3936.000000	1.644839 
3934.000000	1.647889 
3932.000000	1.654336 
3930.000000	1.655618 
3928.000000	1.654028 
3926.000000	1.655164 
3924.000000	1.654892 
3922.000000	1.649880 
3920.000000	1.653827 
3918.000000	1.665607 
3916.000000	1.662459 
3914.000000	1.656866 
3912.000000	1.659911 
3910.000000	1.656720 
3908.000000	1.648354 
3906.000000	1.646409 
3904.000000	1.646102 
3902.000000	1.642256 
3900.000000	1.643525 
3898.000000	1.650958 
3896.000000	1.655412 
3894.000000	1.652044 
3892.000000	1.649265 
3890.000000	1.652151 
3888.000000	1.641688 
3886.000000	1.632388 
3884.000000	1.641180 
3882.000000	1.647640 
3880.000000	1.654794 
3878.000000	1.656405 
3876.000000	1.650148 
3874.000000	1.648864 
3872.000000	1.646377 
3870.000000	1.649538 
3868.000000	1.658235 
3866.000000	1.655833 
3864.000000	1.656049 
3862.000000	1.653813 
3860.000000	1.648578 
3858.000000	1.646469 
3856.000000	1.636184 
3854.000000	1.627875 
3852.000000	1.658254 
3850.000000	1.673827 
3848.000000	1.669743 
3846.000000	1.659656 
3844.000000	1.651454 
3842.000000	1.648520 
3840.000000	1.644414 
3838.000000	1.645837 
3836.000000	1.655749 
3834.000000	1.660105 
3832.000000	1.661366 
3830.000000	1.657543 
3828.000000	1.648776 
3826.000000	1.652128 
3824.000000	1.647098 
3822.000000	1.639494 
3820.000000	1.650597 
3818.000000	1.652556 
3816.000000	1.659032 
3814.000000	1.673319 
3812.000000	1.673793 
3810.000000	1.662850 
3808.000000	1.651756 
3806.000000	1.660261 
3804.000000	1.651835 
3802.000000	1.643489 
3800.000000	1.660503 
3798.000000	1.663727 
3796.000000	1.662536 
3794.000000	1.660802 
3792.000000	1.651547 
3790.000000	1.649556 
3788.000000	1.654159 
3786.000000	1.654986 
3784.000000	1.654261 
3782.000000	1.652816 
3780.000000	1.660124 
3778.000000	1.665981 
3776.000000	1.658787 
3774.000000	1.654588 
3772.000000	1.658028 
3770.000000	1.658966 
3768.000000	1.661077 
3766.000000	1.663665 
3764.000000	1.665952 
3762.000000	1.657289 
3760.000000	1.649838 
3758.000000	1.648432 
3756.000000	1.650412 
3754.000000	1.649852 
3752.000000	1.643470 
3750.000000	1.652430 
3748.000000	1.667765 
3746.000000	1.657599 
3744.000000	1.682905 
3742.000000	1.709346 
3740.000000	1.691071 
3738.000000	1.666696 
3736.000000	1.669486 
3734.000000	1.684229 
3732.000000	1.694818 
3730.000000	1.700105 
3728.000000	1.693247 
3726.000000	1.692614 
3724.000000	1.697595 
3722.000000	1.698024 
3720.000000	1.695167 
3718.000000	1.702212 
3716.000000	1.706942 
3714.000000	1.694936 
3712.000000	1.687372 
3710.000000	1.698287 
3708.000000	1.710860 
3706.000000	1.705447 
3704.000000	1.699763 
3702.000000	1.710902 
3700.000000	1.722445 
3698.000000	1.724740 
3696.000000	1.719754 
3694.000000	1.715115 
3692.000000	1.710929 
3690.000000	1.720706 
3688.000000	1.741407 
3686.000000	1.743088 
3684.000000	1.731811 
3682.000000	1.727346 
3680.000000	1.722729 
3678.000000	1.708606 
3676.000000	1.715835 
3674.000000	1.745674 
3672.000000	1.734758 
3670.000000	1.725246 
3668.000000	1.747065 
3666.000000	1.755620 
3664.000000	1.756304 
3662.000000	1.759434 
3660.000000	1.755590 
3658.000000	1.747360 
3656.000000	1.758287 
3654.000000	1.765533 
3652.000000	1.749256 
3650.000000	1.736853 
3648.000000	1.749436 
3646.000000	1.766729 
3644.000000	1.767516 
3642.000000	1.763552 
3640.000000	1.762880 
3638.000000	1.759791 
3636.000000	1.760107 
3634.000000	1.761862 
3632.000000	1.752242 
3630.000000	1.740432 
3628.000000	1.760071 
3626.000000	1.776413 
3624.000000	1.770905 
3622.000000	1.759214 
3620.000000	1.757896 
3618.000000	1.766904 
3616.000000	1.761025 
3614.000000	1.748211 
3612.000000	1.749873 
3610.000000	1.760972 
3608.000000	1.770270 
3606.000000	1.774906 
3604.000000	1.774265 
3602.000000	1.761611 
3600.000000	1.760984 
3598.000000	1.765708 
3596.000000	1.762221 
3594.000000	1.760697 
3592.000000	1.763084 
3590.000000	1.753731 
3588.000000	1.745011 
3586.000000	1.760184 
3584.000000	1.769381 
3582.000000	1.759922 
3580.000000	1.758234 
3578.000000	1.766318 
3576.000000	1.767104 
3574.000000	1.765841 
3572.000000	1.767922 
3570.000000	1.768171 
3568.000000	1.759547 
3566.000000	1.753455 
3564.000000	1.753267 
3562.000000	1.762700 
3560.000000	1.775122 
3558.000000	1.772245 
3556.000000	1.768979 
3554.000000	1.771620 
3552.000000	1.775894 
3550.000000	1.779573 
3548.000000	1.783247 
3546.000000	1.783285 
3544.000000	1.780185 
3542.000000	1.780260 
3540.000000	1.773785 
3538.000000	1.768700 
3536.000000	1.771841 
3534.000000	1.771406 
3532.000000	1.768444 
3530.000000	1.770039 
3528.000000	1.772791 
3526.000000	1.778957 
3524.000000	1.776339 
3522.000000	1.776927 
3520.000000	1.776592 
3518.000000	1.774795 
3516.000000	1.777844 
3514.000000	1.778186 
3512.000000	1.781942 
3510.000000	1.786394 
3508.000000	1.778950 
3506.000000	1.770404 
3504.000000	1.769235 
3502.000000	1.773411 
3500.000000	1.781254 
3498.000000	1.781842 
3496.000000	1.775110 
3494.000000	1.770991 
3492.000000	1.776011 
3490.000000	1.784443 
3488.000000	1.782871 
3486.000000	1.780554 
3484.000000	1.775696 
3482.000000	1.773706 
3480.000000	1.785244 
3478.000000	1.795464 
3476.000000	1.791213 
3474.000000	1.789239 
3472.000000	1.791149 
3470.000000	1.790464 
3468.000000	1.788940 
3466.000000	1.784973 
3464.000000	1.780516 
3462.000000	1.777826 
3460.000000	1.783518 
3458.000000	1.785711 
3456.000000	1.781104 
3454.000000	1.782237 
3452.000000	1.789080 
3450.000000	1.793073 
3448.000000	1.791526 
3446.000000	1.781974 
3444.000000	1.777528 
3442.000000	1.777373 
3440.000000	1.773140 
3438.000000	1.781416 
3436.000000	1.791411 
3434.000000	1.789660 
3432.000000	1.790477 
3430.000000	1.785452 
3428.000000	1.776091 
3426.000000	1.775146 
3424.000000	1.773263 
3422.000000	1.775171 
3420.000000	1.781679 
3418.000000	1.780654 
3416.000000	1.777069 
3414.000000	1.779791 
3412.000000	1.781880 
3410.000000	1.781316 
3408.000000	1.790005 
3406.000000	1.787878 
3404.000000	1.777007 
3402.000000	1.775875 
3400.000000	1.777038 
3398.000000	1.777720 
3396.000000	1.781855 
3394.000000	1.781054 
3392.000000	1.778994 
3390.000000	1.775912 
3388.000000	1.776128 
3386.000000	1.776537 
3384.000000	1.767995 
3382.000000	1.767371 
3380.000000	1.771724 
3378.000000	1.778360 
3376.000000	1.779917 
3374.000000	1.775474 
3372.000000	1.776902 
3370.000000	1.779486 
3368.000000	1.779106 
3366.000000	1.779037 
3364.000000	1.777305 
3362.000000	1.773454 
3360.000000	1.773429 
3358.000000	1.769344 
3356.000000	1.762676 
3354.000000	1.756535 
3352.000000	1.755449 
3350.000000	1.757926 
3348.000000	1.758098 
3346.000000	1.761832 
3344.000000	1.763168 
3342.000000	1.756458 
3340.000000	1.756966 
3338.000000	1.765641 
3336.000000	1.769326 
3334.000000	1.767710 
3332.000000	1.765708 
3330.000000	1.761982 
3328.000000	1.763991 
3326.000000	1.771859 
3324.000000	1.775894 
3322.000000	1.769314 
3320.000000	1.755720 
3318.000000	1.751161 
3316.000000	1.756151 
3314.000000	1.757150 
3312.000000	1.750478 
3310.000000	1.749337 
3308.000000	1.757185 
3306.000000	1.756039 
3304.000000	1.748165 
3302.000000	1.750117 
3300.000000	1.756086 
3298.000000	1.759214 
3296.000000	1.758970 
3294.000000	1.759553 
3292.000000	1.758852 
3290.000000	1.748658 
3288.000000	1.743265 
3286.000000	1.748536 
3284.000000	1.753361 
3282.000000	1.753355 
3280.000000	1.745242 
3278.000000	1.746037 
3276.000000	1.751628 
3274.000000	1.746216 
3272.000000	1.744896 
3270.000000	1.746504 
3268.000000	1.745414 
3266.000000	1.743380 
3264.000000	1.737543 
3262.000000	1.739641 
3260.000000	1.749454 
3258.000000	1.752505 
3256.000000	1.744120 
3254.000000	1.733882 
3252.000000	1.727313 
3250.000000	1.727086 
3248.000000	1.729179 
3246.000000	1.733097 
3244.000000	1.731242 
3242.000000	1.732644 
3240.000000	1.740568 
3238.000000	1.735264 
3236.000000	1.728475 
3234.000000	1.731376 
3232.000000	1.734724 
3230.000000	1.732174 
3228.000000	1.730574 
3226.000000	1.733585 
3224.000000	1.733596 
3222.000000	1.734258 
3220.000000	1.735968 
3218.000000	1.734583 
3216.000000	1.732974 
3214.000000	1.725802 
3212.000000	1.718924 
3210.000000	1.721844 
3208.000000	1.724806 
3206.000000	1.724208 
3204.000000	1.726303 
3202.000000	1.718935 
3200.000000	1.713357 
3198.000000	1.714401 
3196.000000	1.717415 
3194.000000	1.720673 
3192.000000	1.724213 
3190.000000	1.726110 
3188.000000	1.727015 
3186.000000	1.726970 
3184.000000	1.724663 
3182.000000	1.714369 
3180.000000	1.709410 
3178.000000	1.717555 
3176.000000	1.721010 
3174.000000	1.715459 
3172.000000	1.710434 
3170.000000	1.707987 
3168.000000	1.705552 
3166.000000	1.704917 
3164.000000	1.703329 
3162.000000	1.702776 
3160.000000	1.703397 
3158.000000	1.700760 
3156.000000	1.701207 
3154.000000	1.707638 
3152.000000	1.708484 
3150.000000	1.706336 
3148.000000	1.708156 
3146.000000	1.706905 
3144.000000	1.709161 
3142.000000	1.709856 
3140.000000	1.703094 
3138.000000	1.696961 
3136.000000	1.699162 
3134.000000	1.701175 
3132.000000	1.697745 
3130.000000	1.693917 
3128.000000	1.693334 
3126.000000	1.692859 
3124.000000	1.689969 
3122.000000	1.689048 
3120.000000	1.697822 
3118.000000	1.702995 
3116.000000	1.691234 
3114.000000	1.683759 
3112.000000	1.688962 
3110.000000	1.699571 
3108.000000	1.703214 
3106.000000	1.696580 
3104.000000	1.693559 
3102.000000	1.693313 
3100.000000	1.688003 
3098.000000	1.685426 
3096.000000	1.680249 
3094.000000	1.675476 
3092.000000	1.677901 
3090.000000	1.682227 
3088.000000	1.684754 
3086.000000	1.685883 
3084.000000	1.684840 
3082.000000	1.682576 
3080.000000	1.680562 
3078.000000	1.683354 
3076.000000	1.682715 
3074.000000	1.686159 
3072.000000	1.691173 
3070.000000	1.683229 
3068.000000	1.674741 
3066.000000	1.675574 
3064.000000	1.678290 
3062.000000	1.676060 
3060.000000	1.671649 
3058.000000	1.673144 
3056.000000	1.675457 
3054.000000	1.671824 
3052.000000	1.671008 
3050.000000	1.675266 
3048.000000	1.674849 
3046.000000	1.669781 
3044.000000	1.669443 
3042.000000	1.671751 
3040.000000	1.669119 
3038.000000	1.668274 
3036.000000	1.668892 
3034.000000	1.668062 
3032.000000	1.665616 
3030.000000	1.662036 
3028.000000	1.660678 
3026.000000	1.658768 
3024.000000	1.657816 
3022.000000	1.659183 
3020.000000	1.660920 
3018.000000	1.661889 
3016.000000	1.661205 
3014.000000	1.664291 
3012.000000	1.666250 
3010.000000	1.662083 
3008.000000	1.659334 
3006.000000	1.661124 
3004.000000	1.661096 
3002.000000	1.659826 
3000.000000	1.657227 
2998.000000	1.652988 
2996.000000	1.649630 
2994.000000	1.654920 
2992.000000	1.661794 
2990.000000	1.661257 
2988.000000	1.660892 
2986.000000	1.660067 
2984.000000	1.658914 
2982.000000	1.661380 
2980.000000	1.663975 
2978.000000	1.660882 
2976.000000	1.656847 
2974.000000	1.654443 
2972.000000	1.662022 
2970.000000	1.672344 
2968.000000	1.673744 
2966.000000	1.671800 
2964.000000	1.668419 
2962.000000	1.669341 
2960.000000	1.672359 
2958.000000	1.668969 
2956.000000	1.666677 
2954.000000	1.664338 
2952.000000	1.663264 
2950.000000	1.668274 
2948.000000	1.669511 
2946.000000	1.669361 
2944.000000	1.667028 
2942.000000	1.666432 
2940.000000	1.669554 
2938.000000	1.669927 
2936.000000	1.668062 
2934.000000	1.671994 
2932.000000	1.672286 
2930.000000	1.670372 
2928.000000	1.674340 
2926.000000	1.681098 
2924.000000	1.683634 
2922.000000	1.678508 
2920.000000	1.671110 
2918.000000	1.662688 
2916.000000	1.659727 
2914.000000	1.662697 
2912.000000	1.657293 
2910.000000	1.653459 
2908.000000	1.656612 
2906.000000	1.654514 
2904.000000	1.652886 
2902.000000	1.653058 
2900.000000	1.644684 
2898.000000	1.643142 
2896.000000	1.652230 
2894.000000	1.653692 
2892.000000	1.649778 
2890.000000	1.647746 
2888.000000	1.642869 
2886.000000	1.636996 
2884.000000	1.635432 
2882.000000	1.638407 
2880.000000	1.641534 
2878.000000	1.645063 
2876.000000	1.644419 
2874.000000	1.643120 
2872.000000	1.640130 
2870.000000	1.639412 
2868.000000	1.638533 
2866.000000	1.639683 
2864.000000	1.645068 
2862.000000	1.648638 
2860.000000	1.645713 
2858.000000	1.641743 
2856.000000	1.643352 
2854.000000	1.646804 
2852.000000	1.650116 
2850.000000	1.647783 
2848.000000	1.639832 
2846.000000	1.637984 
2844.000000	1.636247 
2842.000000	1.630187 
2840.000000	1.629297 
2838.000000	1.625745 
2836.000000	1.622712 
2834.000000	1.625211 
2832.000000	1.625050 
2830.000000	1.625076 
2828.000000	1.625259 
2826.000000	1.623303 
2824.000000	1.621870 
2822.000000	1.622260 
2820.000000	1.624518 
2818.000000	1.628284 
2816.000000	1.631616 
2814.000000	1.627801 
2812.000000	1.621263 
2810.000000	1.620360 
2808.000000	1.621108 
2806.000000	1.618579 
2804.000000	1.615998 
2802.000000	1.616579 
2800.000000	1.617205 
2798.000000	1.615275 
2796.000000	1.612564 
2794.000000	1.616447 
2792.000000	1.618954 
2790.000000	1.615844 
2788.000000	1.616122 
2786.000000	1.613733 
2784.000000	1.615485 
2782.000000	1.616845 
2780.000000	1.613856 
2778.000000	1.615788 
2776.000000	1.619833 
2774.000000	1.617690 
2772.000000	1.613903 
2770.000000	1.613631 
2768.000000	1.613308 
2766.000000	1.612929 
2764.000000	1.614802 
2762.000000	1.613529 
2760.000000	1.610822 
2758.000000	1.610269 
2756.000000	1.613767 
2754.000000	1.617012 
2752.000000	1.615613 
2750.000000	1.612819 
2748.000000	1.613945 
2746.000000	1.614124 
2744.000000	1.613631 
2742.000000	1.614405 
2740.000000	1.611803 
2738.000000	1.612772 
2736.000000	1.616139 
2734.000000	1.613053 
2732.000000	1.611638 
2730.000000	1.613397 
2728.000000	1.608760 
2726.000000	1.607723 
2724.000000	1.608975 
2722.000000	1.609763 
2720.000000	1.608437 
2718.000000	1.608521 
2716.000000	1.608168 
2714.000000	1.606090 
2712.000000	1.609636 
2710.000000	1.615677 
2708.000000	1.617064 
2706.000000	1.613524 
2704.000000	1.613754 
2702.000000	1.614065 
2700.000000	1.611092 
2698.000000	1.610670 
2696.000000	1.609868 
2694.000000	1.607044 
2692.000000	1.606341 
2690.000000	1.605501 
2688.000000	1.604300 
2686.000000	1.605426 
2684.000000	1.607098 
2682.000000	1.603572 
2680.000000	1.602025 
2678.000000	1.604434 
2676.000000	1.604217 
2674.000000	1.602419 
2672.000000	1.602410 
2670.000000	1.603464 
2668.000000	1.603805 
2666.000000	1.604221 
2664.000000	1.604338 
2662.000000	1.606203 
2660.000000	1.606596 
2658.000000	1.600050 
2656.000000	1.596982 
2654.000000	1.599947 
2652.000000	1.602796 
2650.000000	1.599951 
2648.000000	1.596193 
2646.000000	1.594511 
2644.000000	1.597678 
2642.000000	1.601553 
2640.000000	1.602394 
2638.000000	1.603473 
2636.000000	1.600083 
2634.000000	1.599309 
2632.000000	1.602564 
2630.000000	1.601359 
2628.000000	1.598729 
2626.000000	1.595060 
2624.000000	1.594563 
2622.000000	1.596618 
2620.000000	1.597088 
2618.000000	1.593592 
2616.000000	1.592813 
2614.000000	1.596352 
2612.000000	1.599684 
2610.000000	1.597424 
2608.000000	1.596561 
2606.000000	1.598261 
2604.000000	1.595305 
2602.000000	1.595397 
2600.000000	1.596622 
2598.000000	1.594462 
2596.000000	1.599021 
2594.000000	1.604017 
2592.000000	1.598593 
2590.000000	1.592642 
2588.000000	1.590548 
2586.000000	1.588786 
2584.000000	1.588613 
2582.000000	1.587506 
2580.000000	1.589063 
2578.000000	1.593413 
2576.000000	1.593616 
2574.000000	1.590439 
2572.000000	1.586270 
2570.000000	1.585775 
2568.000000	1.586258 
2566.000000	1.588757 
2564.000000	1.589111 
2562.000000	1.588179 
2560.000000	1.591845 
2558.000000	1.593324 
2556.000000	1.591590 
2554.000000	1.592282 
2552.000000	1.592715 
2550.000000	1.590206 
2548.000000	1.590093 
2546.000000	1.592193 
2544.000000	1.589352 
2542.000000	1.587350 
2540.000000	1.588874 
2538.000000	1.588978 
2536.000000	1.588500 
2534.000000	1.587795 
2532.000000	1.584231 
2530.000000	1.588677 
2528.000000	1.593588 
2526.000000	1.588629 
2524.000000	1.585987 
2522.000000	1.588561 
2520.000000	1.587006 
2518.000000	1.582735 
2516.000000	1.582667 
2514.000000	1.581374 
2512.000000	1.578111 
2510.000000	1.580621 
2508.000000	1.584939 
2506.000000	1.584294 
2504.000000	1.583674 
2502.000000	1.582058 
2500.000000	1.579027 
2498.000000	1.578037 
2496.000000	1.579070 
2494.000000	1.580983 
2492.000000	1.583674 
2490.000000	1.585221 
2488.000000	1.582153 
2486.000000	1.581102 
2484.000000	1.582957 
2482.000000	1.583024 
2480.000000	1.582457 
2478.000000	1.581999 
2476.000000	1.580081 
2474.000000	1.578339 
2472.000000	1.579039 
2470.000000	1.580404 
2468.000000	1.582070 
2466.000000	1.583448 
2464.000000	1.584060 
2462.000000	1.583266 
2460.000000	1.579589 
2458.000000	1.576418 
2456.000000	1.576640 
2454.000000	1.577387 
2452.000000	1.578495 
2450.000000	1.578976 
2448.000000	1.579530 
2446.000000	1.577700 
2444.000000	1.578652 
2442.000000	1.581489 
2440.000000	1.581556 
2438.000000	1.579114 
2436.000000	1.577140 
2434.000000	1.576238 
2432.000000	1.573154 
2430.000000	1.573488 
2428.000000	1.577301 
2426.000000	1.577391 
2424.000000	1.574855 
2422.000000	1.571141 
2420.000000	1.570817 
2418.000000	1.576285 
2416.000000	1.579632 
2414.000000	1.574723 
2412.000000	1.569873 
2410.000000	1.572570 
2408.000000	1.573728 
2406.000000	1.573015 
2404.000000	1.574968 
2402.000000	1.575318 
2400.000000	1.575279 
2398.000000	1.573127 
2396.000000	1.569401 
2394.000000	1.571229 
2392.000000	1.575540 
2390.000000	1.575517 
2388.000000	1.570235 
2386.000000	1.570073 
2384.000000	1.572651 
2382.000000	1.574703 
2380.000000	1.574785 
2378.000000	1.573492 
2376.000000	1.574641 
2374.000000	1.574602 
2372.000000	1.572821 
2370.000000	1.576941 
2368.000000	1.584843 
2366.000000	1.589292 
2364.000000	1.585189 
2362.000000	1.582758 
2360.000000	1.581473 
2358.000000	1.579912 
2356.000000	1.585732 
2354.000000	1.589835 
2352.000000	1.594059 
2350.000000	1.594877 
2348.000000	1.585628 
2346.000000	1.571986 
2344.000000	1.568633 
2342.000000	1.579739 
2340.000000	1.588476 
2338.000000	1.588689 
2336.000000	1.592513 
2334.000000	1.594950 
2332.000000	1.593766 
2330.000000	1.592873 
2328.000000	1.589904 
2326.000000	1.591808 
2324.000000	1.595474 
2322.000000	1.592906 
2320.000000	1.593697 
2318.000000	1.598692 
2316.000000	1.599025 
2314.000000	1.597408 
2312.000000	1.602730 
2310.000000	1.608307 
2308.000000	1.610062 
2306.000000	1.610332 
2304.000000	1.613176 
2302.000000	1.617492 
2300.000000	1.618915 
2298.000000	1.618803 
2296.000000	1.625491 
2294.000000	1.630474 
2292.000000	1.628927 
2290.000000	1.634494 
2288.000000	1.644583 
2286.000000	1.649247 
2284.000000	1.655758 
2282.000000	1.665674 
2280.000000	1.676286 
2278.000000	1.693569 
2276.000000	1.704586 
2274.000000	1.708293 
2272.000000	1.718756 
2270.000000	1.731973 
2268.000000	1.742035 
2266.000000	1.752271 
2264.000000	1.757718 
2262.000000	1.763174 
2260.000000	1.775430 
2258.000000	1.778639 
2256.000000	1.775974 
2254.000000	1.784040 
2252.000000	1.791872 
2250.000000	1.794521 
2248.000000	1.797083 
2246.000000	1.794167 
2244.000000	1.792450 
2242.000000	1.789839 
2240.000000	1.785364 
2238.000000	1.778422 
2236.000000	1.769155 
2234.000000	1.758436 
2232.000000	1.751499 
2230.000000	1.749082 
2228.000000	1.741469 
2226.000000	1.736030 
2224.000000	1.737577 
2222.000000	1.737730 
2220.000000	1.737373 
2218.000000	1.735179 
2216.000000	1.735219 
2214.000000	1.740853 
2212.000000	1.747655 
2210.000000	1.755738 
2208.000000	1.764105 
2206.000000	1.766995 
2204.000000	1.769521 
2202.000000	1.768620 
2200.000000	1.766161 
2198.000000	1.768153 
2196.000000	1.770771 
2194.000000	1.771859 
2192.000000	1.767419 
2190.000000	1.757659 
2188.000000	1.750105 
2186.000000	1.740700 
2184.000000	1.733708 
2182.000000	1.729290 
2180.000000	1.724460 
2178.000000	1.723336 
2176.000000	1.718026 
2174.000000	1.708415 
2172.000000	1.705232 
2170.000000	1.706499 
2168.000000	1.712256 
2166.000000	1.715948 
2164.000000	1.716051 
2162.000000	1.718199 
2160.000000	1.715561 
2158.000000	1.714551 
2156.000000	1.716891 
2154.000000	1.719526 
2152.000000	1.724444 
2150.000000	1.728985 
2148.000000	1.736475 
2146.000000	1.743197 
2144.000000	1.740455 
2142.000000	1.742412 
2140.000000	1.743678 
2138.000000	1.736159 
2136.000000	1.733052 
2134.000000	1.731270 
2132.000000	1.729418 
2130.000000	1.735039 
2128.000000	1.740563 
2126.000000	1.740625 
2124.000000	1.743529 
2122.000000	1.747418 
2120.000000	1.757807 
2118.000000	1.769667 
2116.000000	1.767552 
2114.000000	1.763402 
2112.000000	1.764454 
2110.000000	1.755561 
2108.000000	1.738052 
2106.000000	1.732744 
2104.000000	1.729024 
2102.000000	1.719743 
2100.000000	1.713062 
2098.000000	1.707311 
2096.000000	1.705132 
2094.000000	1.713474 
2092.000000	1.720624 
2090.000000	1.719760 
2088.000000	1.717042 
2086.000000	1.711206 
2084.000000	1.704754 
2082.000000	1.700136 
2080.000000	1.690370 
2078.000000	1.675060 
2076.000000	1.662850 
2074.000000	1.647461 
2072.000000	1.628025 
2070.000000	1.610970 
2068.000000	1.594327 
2066.000000	1.577281 
2064.000000	1.565633 
2062.000000	1.556404 
2060.000000	1.550734 
2058.000000	1.545924 
2056.000000	1.539706 
2054.000000	1.537023 
2052.000000	1.537908 
2050.000000	1.534786 
2048.000000	1.527972 
2046.000000	1.525319 
2044.000000	1.523397 
2042.000000	1.522141 
2040.000000	1.522358 
2038.000000	1.518438 
2036.000000	1.516812 
2034.000000	1.516911 
2032.000000	1.516247 
2030.000000	1.517077 
2028.000000	1.516298 
2026.000000	1.515405 
2024.000000	1.512831 
2022.000000	1.506920 
2020.000000	1.507732 
2018.000000	1.512703 
2016.000000	1.513973 
2014.000000	1.510970 
2012.000000	1.507915 
2010.000000	1.507716 
2008.000000	1.509686 
2006.000000	1.510762 
2004.000000	1.508276 
2002.000000	1.503334 
2000.000000	1.502283 
1998.000000	1.503084 
1996.000000	1.501350 
1994.000000	1.498010 
1992.000000	1.499273 
1990.000000	1.501550 
1988.000000	1.499600 
1986.000000	1.499109 
1984.000000	1.499204 
1982.000000	1.502761 
1980.000000	1.503720 
1978.000000	1.499515 
1976.000000	1.497743 
1974.000000	1.498261 
1972.000000	1.496280 
1970.000000	1.493537 
1968.000000	1.490708 
1966.000000	1.489556 
1964.000000	1.489460 
1962.000000	1.490570 
1960.000000	1.491192 
1958.000000	1.491433 
1956.000000	1.490817 
1954.000000	1.489003 
1952.000000	1.487055 
1950.000000	1.488665 
1948.000000	1.491921 
1946.000000	1.490746 
1944.000000	1.487888 
1942.000000	1.491262 
1940.000000	1.492393 
1938.000000	1.487811 
1936.000000	1.487350 
1934.000000	1.488987 
1932.000000	1.490749 
1930.000000	1.489038 
1928.000000	1.486981 
1926.000000	1.488592 
1924.000000	1.488630 
1922.000000	1.489971 
1920.000000	1.488968 
1918.000000	1.489955 
1916.000000	1.491644 
1914.000000	1.486877 
1912.000000	1.483526 
1910.000000	1.482626 
1908.000000	1.485380 
1906.000000	1.485824 
1904.000000	1.483441 
1902.000000	1.478060 
1900.000000	1.479099 
1898.000000	1.481737 
1896.000000	1.479570 
1894.000000	1.479442 
1892.000000	1.473771 
1890.000000	1.470092 
1888.000000	1.475794 
1886.000000	1.476042 
1884.000000	1.474870 
1882.000000	1.473935 
1880.000000	1.472605 
1878.000000	1.472202 
1876.000000	1.471883 
1874.000000	1.471248 
1872.000000	1.465448 
1870.000000	1.462237 
1868.000000	1.471751 
1866.000000	1.476526 
1864.000000	1.473599 
1862.000000	1.468515 
1860.000000	1.466153 
1858.000000	1.466689 
1856.000000	1.469631 
1854.000000	1.471209 
1852.000000	1.471037 
1850.000000	1.468174 
1848.000000	1.463653 
1846.000000	1.452836 
1844.000000	1.454437 
1842.000000	1.466783 
1840.000000	1.461664 
1838.000000	1.457718 
1836.000000	1.459482 
1834.000000	1.460076 
1832.000000	1.452193 
1830.000000	1.452351 
1828.000000	1.461146 
1826.000000	1.458740 
1824.000000	1.462633 
1822.000000	1.463834 
1820.000000	1.457866 
1818.000000	1.454345 
1816.000000	1.454348 
1814.000000	1.449396 
1812.000000	1.446564 
1810.000000	1.452205 
1808.000000	1.453747 
1806.000000	1.449696 
1804.000000	1.444981 
1802.000000	1.441082 
1800.000000	1.446122 
1798.000000	1.446880 
1796.000000	1.443076 
1794.000000	1.437535 
1792.000000	1.445737 
1790.000000	1.457115 
1788.000000	1.447976 
1786.000000	1.437575 
1784.000000	1.439000 
1782.000000	1.436748 
1780.000000	1.433736 
1778.000000	1.432199 
1776.000000	1.425513 
1774.000000	1.416436 
1772.000000	1.425063 
1770.000000	1.434791 
1768.000000	1.433017 
1766.000000	1.434985 
1764.000000	1.426733 
1762.000000	1.427694 
1760.000000	1.432967 
1758.000000	1.425053 
1756.000000	1.427666 
1754.000000	1.423408 
1752.000000	1.412832 
1750.000000	1.421623 
1748.000000	1.427688 
1746.000000	1.423644 
1744.000000	1.417526 
1742.000000	1.415452 
1740.000000	1.415309 
1738.000000	1.424232 
1736.000000	1.407533 
1734.000000	1.413792 
1732.000000	1.435696 
1730.000000	1.426540 
1728.000000	1.424838 
1726.000000	1.421295 
1724.000000	1.417058 
1722.000000	1.415875 
1720.000000	1.402739 
1718.000000	1.402624 
1716.000000	1.424584 
1714.000000	1.425127 
1712.000000	1.413572 
1710.000000	1.402899 
1708.000000	1.395686 
1706.000000	1.396736 
1704.000000	1.398873 
1702.000000	1.375217 
1700.000000	1.385969 
1698.000000	1.393445 
1696.000000	1.392005 
1694.000000	1.408703 
1692.000000	1.393660 
1690.000000	1.383965 
1688.000000	1.380732 
1686.000000	1.362726 
1684.000000	1.381339 
1682.000000	1.401623 
1680.000000	1.388362 
1678.000000	1.380234 
1676.000000	1.371509 
1674.000000	1.382391 
1672.000000	1.375170 
1670.000000	1.370964 
1668.000000	1.385175 
1666.000000	1.378132 
1664.000000	1.365460 
1662.000000	1.371867 
1660.000000	1.375795 
1658.000000	1.367613 
1656.000000	1.344317 
1654.000000	1.331905 
1652.000000	1.385663 
1650.000000	1.375738 
1648.000000	1.350102 
1646.000000	1.365698 
1644.000000	1.374866 
1642.000000	1.366621 
1640.000000	1.361051 
1638.000000	1.347022 
1636.000000	1.347965 
1634.000000	1.374069 
1632.000000	1.370585 
1630.000000	1.356915 
1628.000000	1.353021 
1626.000000	1.353558 
1624.000000	1.351409 
1622.000000	1.360999 
1620.000000	1.356214 
1618.000000	1.343706 
1616.000000	1.357349 
1614.000000	1.361387 
1612.000000	1.348810 
1610.000000	1.344237 
1608.000000	1.345503 
1606.000000	1.343702 
1604.000000	1.336475 
1602.000000	1.331656 
1600.000000	1.328967 
1598.000000	1.324894 
1596.000000	1.322566 
1594.000000	1.322969 
1592.000000	1.321760 
1590.000000	1.318559 
1588.000000	1.316344 
1586.000000	1.314890 
1584.000000	1.313559 
1582.000000	1.311072 
1580.000000	1.307527 
1578.000000	1.295625 
1576.000000	1.305369 
1574.000000	1.316443 
1572.000000	1.298674 
1570.000000	1.293507 
1568.000000	1.304243 
1566.000000	1.297617 
1564.000000	1.294240 
1562.000000	1.280826 
1560.000000	1.264160 
1558.000000	1.301360 
1556.000000	1.303595 
1554.000000	1.293637 
1552.000000	1.288163 
1550.000000	1.283346 
1548.000000	1.280157 
1546.000000	1.270292 
1544.000000	1.266437 
1542.000000	1.262207 
1540.000000	1.276690 
1538.000000	1.296993 
1536.000000	1.277514 
1534.000000	1.264897 
1532.000000	1.273881 
1530.000000	1.267241 
1528.000000	1.261029 
1526.000000	1.261874 
1524.000000	1.256216 
1522.000000	1.250102 
1520.000000	1.264021 
1518.000000	1.257812 
1516.000000	1.257630 
1514.000000	1.257267 
1512.000000	1.249358 
1510.000000	1.239796 
1508.000000	1.229597 
1506.000000	1.256362 
1504.000000	1.263960 
1502.000000	1.248662 
1500.000000	1.239112 
1498.000000	1.236537 
1496.000000	1.245052 
1494.000000	1.248578 
1492.000000	1.237282 
1490.000000	1.236478 
1488.000000	1.244643 
1486.000000	1.244071 
1484.000000	1.238606 
1482.000000	1.236439 
1480.000000	1.239180 
1478.000000	1.235705 
1476.000000	1.229688 
1474.000000	1.225276 
1472.000000	1.238824 
1470.000000	1.242904 
1468.000000	1.231198 
1466.000000	1.225460 
1464.000000	1.233749 
1462.000000	1.232538 
1460.000000	1.216543 
1458.000000	1.212507 
1456.000000	1.236052 
1454.000000	1.234099 
1452.000000	1.222020 
1450.000000	1.217718 
1448.000000	1.216691 
1446.000000	1.216576 
1444.000000	1.211540 
1442.000000	1.208006 
1440.000000	1.201405 
1438.000000	1.194643 
1436.000000	1.203986 
1434.000000	1.202879 
1432.000000	1.193083 
1430.000000	1.190973 
1428.000000	1.191175 
1426.000000	1.185027 
1424.000000	1.183939 
1422.000000	1.178986 
1420.000000	1.170902 
1418.000000	1.180947 
1416.000000	1.180497 
1414.000000	1.173143 
1412.000000	1.168811 
1410.000000	1.166697 
1408.000000	1.163161 
1406.000000	1.159819 
1404.000000	1.162340 
1402.000000	1.159795 
1400.000000	1.153982 
1398.000000	1.155065 
1396.000000	1.152532 
1394.000000	1.154302 
1392.000000	1.154991 
1390.000000	1.147724 
1388.000000	1.143625 
1386.000000	1.145115 
1384.000000	1.142795 
1382.000000	1.138641 
1380.000000	1.136220 
1378.000000	1.133731 
1376.000000	1.127921 
1374.000000	1.126645 
1372.000000	1.126972 
1370.000000	1.123057 
1368.000000	1.120705 
1366.000000	1.117567 
1364.000000	1.113078 
1362.000000	1.113474 
1360.000000	1.113282 
1358.000000	1.110644 
1356.000000	1.107781 
1354.000000	1.106264 
1352.000000	1.104374 
1350.000000	1.101442 
1348.000000	1.098833 
1346.000000	1.096244 
1344.000000	1.094157 
1342.000000	1.090157 
1340.000000	1.085674 
1338.000000	1.084760 
1336.000000	1.082460 
1334.000000	1.080670 
1332.000000	1.080577 
1330.000000	1.078058 
1328.000000	1.074279 
1326.000000	1.072484 
1324.000000	1.071946 
1322.000000	1.069970 
1320.000000	1.066921 
1318.000000	1.066418 
1316.000000	1.066401 
1314.000000	1.062761 
1312.000000	1.059723 
1310.000000	1.057983 
1308.000000	1.056674 
1306.000000	1.055325 
1304.000000	1.053821 
1302.000000	1.051903 
1300.000000	1.049837 
1298.000000	1.046981 
1296.000000	1.043641 
1294.000000	1.041300 
1292.000000	1.039457 
1290.000000	1.037287 
1288.000000	1.035246 
1286.000000	1.033379 
1284.000000	1.031990 
1282.000000	1.030263 
1280.000000	1.028067 
1278.000000	1.025597 
1276.000000	1.024080 
1274.000000	1.023096 
1272.000000	1.021471 
1270.000000	1.020306 
1268.000000	1.018962 
1266.000000	1.017154 
1264.000000	1.015556 
1262.000000	1.014142 
1260.000000	1.013067 
1258.000000	1.012109 
1256.000000	1.011040 
1254.000000	1.010180 
1252.000000	1.009679 
1250.000000	1.009625 
1248.000000	1.009930 
1246.000000	1.010349 
1244.000000	1.011311 
1242.000000	1.013943 
1240.000000	1.016184 
1238.000000	1.018741 
1236.000000	1.021465 
1234.000000	1.025281 
1232.000000	1.029876 
1230.000000	1.034930 
1228.000000	1.040910 
1226.000000	1.047837 
1224.000000	1.056904 
1222.000000	1.067365 
1220.000000	1.077389 
1218.000000	1.088589 
1216.000000	1.101098 
1214.000000	1.113072 
1212.000000	1.127191 
1210.000000	1.145001 
1208.000000	1.161967 
1206.000000	1.175897 
1204.000000	1.189966 
1202.000000	1.205026 
1200.000000	1.220244 
1198.000000	1.234818 
1196.000000	1.251221 
1194.000000	1.269544 
1192.000000	1.287611 
1190.000000	1.303799 
1188.000000	1.316329 
1186.000000	1.329374 
1184.000000	1.344200 
1182.000000	1.362037 
1180.000000	1.381202 
1178.000000	1.395720 
1176.000000	1.407044 
1174.000000	1.419020 
1172.000000	1.431275 
1170.000000	1.443153 
1168.000000	1.458148 
1166.000000	1.473559 
1164.000000	1.485545 
1162.000000	1.495275 
1160.000000	1.504841 
1158.000000	1.514822 
1156.000000	1.524047 
1154.000000	1.533879 
1152.000000	1.540377 
1150.000000	1.546070 
1148.000000	1.554853 
1146.000000	1.562721 
1144.000000	1.569032 
1142.000000	1.577442 
1140.000000	1.583929 
1138.000000	1.590552 
1136.000000	1.599692 
1134.000000	1.606947 
1132.000000	1.611812 
1130.000000	1.619199 
1128.000000	1.624343 
1126.000000	1.623799 
1124.000000	1.625395 
1122.000000	1.628975 
1120.000000	1.638060 
1118.000000	1.647544 
1116.000000	1.648133 
1114.000000	1.649681 
1112.000000	1.659013 
1110.000000	1.665430 
1108.000000	1.671323 
1106.000000	1.680393 
1104.000000	1.683514 
1102.000000	1.691091 
1100.000000	1.701103 
1098.000000	1.700064 
1096.000000	1.701410 
1094.000000	1.715411 
1092.000000	1.728497 
1090.000000	1.741184 
1088.000000	1.749931 
1086.000000	1.755531 
1084.000000	1.764400 
1082.000000	1.767044 
1080.000000	1.771975 
1078.000000	1.780354 
1076.000000	1.788278 
1074.000000	1.789941 
1072.000000	1.793903 
1070.000000	1.809746 
1068.000000	1.820804 
1066.000000	1.810549 
1064.000000	1.806916 
1062.000000	1.809686 
1060.000000	1.807674 
1058.000000	1.806273 
1056.000000	1.802836 
1054.000000	1.795231 
1052.000000	1.785579 
1050.000000	1.779392 
1048.000000	1.768535 
1046.000000	1.753819 
1044.000000	1.739999 
1042.000000	1.721059 
1040.000000	1.693605 
1038.000000	1.671362 
1036.000000	1.654397 
1034.000000	1.637162 
1032.000000	1.611363 
1030.000000	1.584386 
1028.000000	1.560062 
1026.000000	1.529977 
1024.000000	1.498157 
1022.000000	1.466989 
1020.000000	1.434681 
1018.000000	1.400036 
1016.000000	1.360923 
1014.000000	1.321601 
1012.000000	1.283809 
1010.000000	1.246372 
1008.000000	1.209653 
1006.000000	1.174839 
1004.000000	1.139629 
1002.000000	1.106597 
1000.000000	1.077253 
998.000000	 1.050370 
996.000000	 1.025321 
994.000000	 1.004306 
992.000000	 0.991992 
990.000000	 0.985935 
988.000000	 0.985942 
986.000000	 0.992111 
984.000000	 0.998041 
982.000000	 0.999835 
980.000000	 0.996200 
978.000000	 0.987409 
976.000000	 0.970820 
974.000000	 0.947521 
972.000000	 0.921563 
970.000000	 0.896774 
968.000000	 0.875843 
966.000000	 0.857975 
964.000000	 0.844428 
962.000000	 0.833643 
960.000000	 0.825173 
958.000000	 0.820049 
956.000000	 0.817905 
954.000000	 0.820717 
952.000000	 0.827446 
950.000000	 0.836054 
948.000000	 0.847693 
946.000000	 0.860029 
944.000000	 0.870588 
942.000000	 0.878851 
940.000000	 0.883206 
938.000000	 0.881893 
936.000000	 0.877203 
934.000000	 0.871422 
932.000000	 0.862993 
930.000000	 0.854114 
928.000000	 0.845788 
926.000000	 0.836943 
924.000000	 0.827827 
922.000000	 0.818591 
920.000000	 0.811971 
918.000000	 0.807375 
916.000000	 0.802396 
914.000000	 0.799881 
912.000000	 0.800691 
910.000000	 0.802833 
908.000000	 0.805507 
906.000000	 0.807580 
904.000000	 0.808209 
902.000000	 0.810362 
900.000000	 0.815388 
898.000000	 0.822928 
896.000000	 0.836259 
894.000000	 0.856068 
892.000000	 0.880967 
890.000000	 0.910710 
888.000000	 0.943130 
886.000000	 0.975296 
884.000000	 1.004200 
882.000000	 1.030141 
880.000000	 1.050729 
878.000000	 1.065395 
876.000000	 1.071519 
874.000000	 1.070934 
872.000000	 1.069950 
870.000000	 1.066295 
868.000000	 1.058717 
866.000000	 1.051931 
864.000000	 1.047709 
862.000000	 1.040538 
860.000000	 1.031187 
858.000000	 1.024618 
856.000000	 1.019569 
854.000000	 1.012849 
852.000000	 1.006206 
850.000000	 1.002306 
848.000000	 0.998844 
846.000000	 0.996309 
844.000000	 0.995282 
842.000000	 0.991492 
840.000000	 0.984305 
838.000000	 0.976130 
836.000000	 0.963900 
834.000000	 0.943901 
832.000000	 0.918465 
830.000000	 0.888126 
828.000000	 0.851800 
826.000000	 0.812588 
824.000000	 0.773878 
822.000000	 0.740177 
820.000000	 0.712563 
818.000000	 0.688367 
816.000000	 0.668977 
814.000000	 0.653604 
812.000000	 0.639856 
810.000000	 0.628569 
808.000000	 0.619795 
806.000000	 0.613049 
804.000000	 0.607017 
802.000000	 0.599876 
800.000000	 0.591797 
798.000000	 0.583322 
796.000000	 0.575096 
794.000000	 0.566580 
792.000000	 0.557947 
790.000000	 0.549915 
788.000000	 0.541635 
786.000000	 0.533523 
784.000000	 0.526672 
782.000000	 0.520291 
780.000000	 0.514162 
778.000000	 0.508742 
776.000000	 0.503791 
774.000000	 0.499280 
772.000000	 0.495155 
770.000000	 0.491281 
768.000000	 0.487588 
766.000000	 0.485347 
764.000000	 0.484007 
762.000000	 0.482115 
760.000000	 0.480245 
758.000000	 0.479435 
756.000000	 0.479636 
754.000000	 0.479585 
752.000000	 0.478892 
750.000000	 0.478649 
748.000000	 0.478516 
746.000000	 0.478011 
744.000000	 0.477645 
742.000000	 0.477927 
740.000000	 0.477748 
738.000000	 0.477116 
736.000000	 0.476725 
734.000000	 0.476051 
732.000000	 0.475102 
730.000000	 0.474884 
728.000000	 0.474588 
726.000000	 0.473505 
724.000000	 0.472719 
722.000000	 0.472988 
720.000000	 0.473978 
718.000000	 0.475342 
716.000000	 0.476679 
714.000000	 0.478926 
712.000000	 0.481351 
710.000000	 0.481978 
708.000000	 0.480825 
706.000000	 0.477291 
704.000000	 0.471461 
702.000000	 0.463894 
700.000000	 0.456244 
698.000000	 0.448928 
696.000000	 0.442339 
694.000000	 0.437633 
692.000000	 0.433701 
690.000000	 0.430785 
688.000000	 0.429607 
686.000000	 0.429355 
684.000000	 0.429406 
682.000000	 0.430532 
680.000000	 0.432994 
678.000000	 0.435492 
676.000000	 0.437847 
674.000000	 0.440556 
672.000000	 0.441609 
670.000000	 0.441879 
668.000000	 0.442726 
666.000000	 0.438720 
664.000000	 0.431788 
662.000000	 0.425348 
660.000000	 0.419613 
658.000000	 0.415422 
656.000000	 0.411955 
654.000000	 0.409860 
652.000000	 0.408141 
650.000000	 0.407420 
648.000000	 0.407974 
646.000000	 0.408745 
644.000000	 0.410279 
642.000000	 0.412016 
640.000000	 0.413378 
638.000000	 0.414996 
636.000000	 0.417288 
634.000000	 0.419359 
632.000000	 0.418963 
630.000000	 0.415441 
628.000000	 0.407964 
626.000000	 0.396672 
624.000000	 0.382375 
622.000000	 0.364304 
620.000000	 0.345688 
618.000000	 0.328578 
616.000000	 0.312048 
614.000000	 0.296741 
612.000000	 0.281466 
610.000000	 0.268281 
608.000000	 0.258637 
606.000000	 0.249480 
604.000000	 0.240862 
602.000000	 0.232992 
600.000000	 0.226040 
598.000000	 0.219888 
596.000000	 0.213955 
594.000000	 0.207058 
592.000000	 0.200441 
590.000000	 0.194931 
588.000000	 0.189264 
586.000000	 0.183965 
584.000000	 0.179345 
582.000000	 0.174268 
580.000000	 0.169450 
578.000000	 0.164769 
576.000000	 0.160259 
574.000000	 0.156321 
572.000000	 0.151844 
570.000000	 0.147541 
568.000000	 0.143821 
566.000000	 0.140485 
564.000000	 0.137291 
562.000000	 0.133849 
560.000000	 0.130839 
558.000000	 0.128840 
556.000000	 0.127063 
554.000000	 0.125265 
552.000000	 0.123674 
550.000000	 0.122023 
548.000000	 0.120445 
546.000000	 0.119534 
544.000000	 0.118741 
542.000000	 0.118230 
540.000000	 0.118396 
538.000000	 0.118360 
536.000000	 0.117869 
534.000000	 0.118065 
532.000000	 0.118421 
530.000000	 0.117947 
528.000000	 0.117781 
526.000000	 0.118117 
524.000000	 0.118505 
522.000000	 0.118737 
520.000000	 0.119276 
518.000000	 0.120458 
516.000000	 0.121172 
514.000000	 0.122340 
512.000000	 0.123587 
510.000000	 0.124076 
508.000000	 0.125229 
506.000000	 0.126432 
504.000000	 0.127344 
502.000000	 0.128878 
500.000000	 0.131973 
498.000000	 0.136174 
496.000000	 0.140565 
494.000000	 0.144329 
492.000000	 0.149336 
490.000000	 0.155629 
488.000000	 0.162421 
486.000000	 0.168358 
484.000000	 0.174802 
482.000000	 0.182284 
480.000000	 0.189108 
478.000000	 0.194693 
476.000000	 0.201052 
474.000000	 0.206558 
472.000000	 0.212017 
470.000000	 0.218939 
468.000000	 0.224434 
466.000000	 0.228841 
464.000000	 0.231413 
462.000000	 0.232781 
460.000000	 0.233345 
458.000000	 0.233595 
456.000000	 0.237003 
454.000000	 0.240515 
452.000000	 0.241286 
450.000000	 0.239371 

