4400.000000	1.688274 
4398.000000	1.680220 
4396.000000	1.669540 
4394.000000	1.669748 
4392.000000	1.671751 
4390.000000	1.676542 
4388.000000	1.688497 
4386.000000	1.683609 
4384.000000	1.674101 
4382.000000	1.677950 
4380.000000	1.685974 
4378.000000	1.681824 
4376.000000	1.673754 
4374.000000	1.670770 
4372.000000	1.672841 
4370.000000	1.684259 
4368.000000	1.687660 
4366.000000	1.683249 
4364.000000	1.681749 
4362.000000	1.681630 
4360.000000	1.687614 
4358.000000	1.681530 
4356.000000	1.670624 
4354.000000	1.667302 
4352.000000	1.664884 
4350.000000	1.668819 
4348.000000	1.676291 
4346.000000	1.673798 
4344.000000	1.666557 
4342.000000	1.671090 
4340.000000	1.670508 
4338.000000	1.670227 
4336.000000	1.679709 
4334.000000	1.684749 
4332.000000	1.681177 
4330.000000	1.674233 
4328.000000	1.666898 
4326.000000	1.667278 
4324.000000	1.675133 
4322.000000	1.676193 
4320.000000	1.678478 
4318.000000	1.680026 
4316.000000	1.677083 
4314.000000	1.677516 
4312.000000	1.682680 
4310.000000	1.687166 
4308.000000	1.687554 
4306.000000	1.685908 
4304.000000	1.683849 
4302.000000	1.681471 
4300.000000	1.682995 
4298.000000	1.677644 
4296.000000	1.674106 
4294.000000	1.671294 
4292.000000	1.674927 
4290.000000	1.680994 
4288.000000	1.680646 
4286.000000	1.680919 
4284.000000	1.682700 
4282.000000	1.679600 
4280.000000	1.674683 
4278.000000	1.672919 
4276.000000	1.671250 
4274.000000	1.668950 
4272.000000	1.673978 
4270.000000	1.687080 
4268.000000	1.685572 
4266.000000	1.680785 
4264.000000	1.677743 
4262.000000	1.671902 
4260.000000	1.672091 
4258.000000	1.681153 
4256.000000	1.678192 
4254.000000	1.669738 
4252.000000	1.666817 
4250.000000	1.665224 
4248.000000	1.665626 
4246.000000	1.670290 
4244.000000	1.674101 
4242.000000	1.672422 
4240.000000	1.674296 
4238.000000	1.674213 
4236.000000	1.678276 
4234.000000	1.680780 
4232.000000	1.671975 
4230.000000	1.667485 
4228.000000	1.664774 
4226.000000	1.665204 
4224.000000	1.666682 
4222.000000	1.663422 
4220.000000	1.673807 
4218.000000	1.686562 
4216.000000	1.680770 
4214.000000	1.672968 
4212.000000	1.668776 
4210.000000	1.663331 
4208.000000	1.665765 
4206.000000	1.672296 
4204.000000	1.677250 
4202.000000	1.676768 
4200.000000	1.670654 
4198.000000	1.667519 
4196.000000	1.672330 
4194.000000	1.680378 
4192.000000	1.684459 
4190.000000	1.688073 
4188.000000	1.684790 
4186.000000	1.682715 
4184.000000	1.686723 
4182.000000	1.680091 
4180.000000	1.670285 
4178.000000	1.671396 
4176.000000	1.674590 
4174.000000	1.681252 
4172.000000	1.688623 
4170.000000	1.689250 
4168.000000	1.689670 
4166.000000	1.695891 
4164.000000	1.697621 
4162.000000	1.690786 
4160.000000	1.685030 
4158.000000	1.684209 
4156.000000	1.673900 
4154.000000	1.663288 
4152.000000	1.669815 
4150.000000	1.682352 
4148.000000	1.684444 
4146.000000	1.681287 
4144.000000	1.679729 
4142.000000	1.679066 
4140.000000	1.680319 
4138.000000	1.684990 
4136.000000	1.684289 
4134.000000	1.679382 
4132.000000	1.679298 
4130.000000	1.681103 
4128.000000	1.674580 
4126.000000	1.674174 
4124.000000	1.679590 
4122.000000	1.682366 
4120.000000	1.688856 
4118.000000	1.691697 
4116.000000	1.683065 
4114.000000	1.671352 
4112.000000	1.667427 
4110.000000	1.672715 
4108.000000	1.676021 
4106.000000	1.674717 
4104.000000	1.673876 
4102.000000	1.674076 
4100.000000	1.683434 
4098.000000	1.685527 
4096.000000	1.679902 
4094.000000	1.678014 
4092.000000	1.673266 
4090.000000	1.673046 
4088.000000	1.675452 
4086.000000	1.688497 
4084.000000	1.686713 
4082.000000	1.668462 
4080.000000	1.671906 
4078.000000	1.681550 
4076.000000	1.683904 
4074.000000	1.681814 
4072.000000	1.685747 
4070.000000	1.686330 
4068.000000	1.681197 
4066.000000	1.680815 
4064.000000	1.677565 
4062.000000	1.668892 
4060.000000	1.664850 
4058.000000	1.662060 
4056.000000	1.662988 
4054.000000	1.665827 
4052.000000	1.668993 
4050.000000	1.673578 
4048.000000	1.673705 
4046.000000	1.674252 
4044.000000	1.677940 
4042.000000	1.677901 
4040.000000	1.672651 
4038.000000	1.672486 
4036.000000	1.672315 
4034.000000	1.669409 
4032.000000	1.665919 
4030.000000	1.671702 
4028.000000	1.677442 
4026.000000	1.673217 
4024.000000	1.673646 
4022.000000	1.675001 
4020.000000	1.674883 
4018.000000	1.676581 
4016.000000	1.678276 
4014.000000	1.677585 
4012.000000	1.669811 
4010.000000	1.662840 
4008.000000	1.670188 
4006.000000	1.679373 
4004.000000	1.680185 
4002.000000	1.677970 
4000.000000	1.675422 
3998.000000	1.674062 
3996.000000	1.675933 
3994.000000	1.674365 
3992.000000	1.669811 
3990.000000	1.672325 
3988.000000	1.671488 
3986.000000	1.661190 
3984.000000	1.662812 
3982.000000	1.672900 
3980.000000	1.670367 
3978.000000	1.667577 
3976.000000	1.664855 
3974.000000	1.665928 
3972.000000	1.677107 
3970.000000	1.677506 
3968.000000	1.674844 
3966.000000	1.673925 
3964.000000	1.677285 
3962.000000	1.676984 
3960.000000	1.668038 
3958.000000	1.659831 
3956.000000	1.662583 
3954.000000	1.668419 
3952.000000	1.667519 
3950.000000	1.663193 
3948.000000	1.667230 
3946.000000	1.672651 
3944.000000	1.672023 
3942.000000	1.672958 
3940.000000	1.676704 
3938.000000	1.679283 
3936.000000	1.678839 
3934.000000	1.669230 
3932.000000	1.664903 
3930.000000	1.672413 
3928.000000	1.677053 
3926.000000	1.675820 
3924.000000	1.673256 
3922.000000	1.672773 
3920.000000	1.669187 
3918.000000	1.662916 
3916.000000	1.667832 
3914.000000	1.675138 
3912.000000	1.676581 
3910.000000	1.665760 
3908.000000	1.653655 
3906.000000	1.654832 
3904.000000	1.675177 
3902.000000	1.688572 
3900.000000	1.684925 
3898.000000	1.681699 
3896.000000	1.675761 
3894.000000	1.668293 
3892.000000	1.664898 
3890.000000	1.661338 
3888.000000	1.652783 
3886.000000	1.658226 
3884.000000	1.671693 
3882.000000	1.664812 
3880.000000	1.666187 
3878.000000	1.669985 
3876.000000	1.667543 
3874.000000	1.670179 
3872.000000	1.666600 
3870.000000	1.663665 
3868.000000	1.662179 
3866.000000	1.656180 
3864.000000	1.658376 
3862.000000	1.662864 
3860.000000	1.662031 
3858.000000	1.649607 
3856.000000	1.634914 
3854.000000	1.647415 
3852.000000	1.678295 
3850.000000	1.683099 
3848.000000	1.675045 
3846.000000	1.668443 
3844.000000	1.660351 
3842.000000	1.649857 
3840.000000	1.640913 
3838.000000	1.651218 
3836.000000	1.672486 
3834.000000	1.673510 
3832.000000	1.661347 
3830.000000	1.659122 
3828.000000	1.666254 
3826.000000	1.674639 
3824.000000	1.662878 
3822.000000	1.646662 
3820.000000	1.661855 
3818.000000	1.667846 
3816.000000	1.667187 
3814.000000	1.682990 
3812.000000	1.686798 
3810.000000	1.667557 
3808.000000	1.648008 
3806.000000	1.662179 
3804.000000	1.665348 
3802.000000	1.658678 
3800.000000	1.671173 
3798.000000	1.667288 
3796.000000	1.667846 
3794.000000	1.674918 
3792.000000	1.674521 
3790.000000	1.666629 
3788.000000	1.656640 
3786.000000	1.659594 
3784.000000	1.665530 
3782.000000	1.659377 
3780.000000	1.656913 
3778.000000	1.667456 
3776.000000	1.670484 
3774.000000	1.665549 
3772.000000	1.662797 
3770.000000	1.666072 
3768.000000	1.668873 
3766.000000	1.675099 
3764.000000	1.680125 
3762.000000	1.671970 
3760.000000	1.664573 
3758.000000	1.664879 
3756.000000	1.662926 
3754.000000	1.659282 
3752.000000	1.658801 
3750.000000	1.676458 
3748.000000	1.683749 
3746.000000	1.666797 
3744.000000	1.666620 
3742.000000	1.674825 
3740.000000	1.665267 
3738.000000	1.660721 
3736.000000	1.672705 
3734.000000	1.681083 
3732.000000	1.681515 
3730.000000	1.677501 
3728.000000	1.668361 
3726.000000	1.665866 
3724.000000	1.667543 
3722.000000	1.666889 
3720.000000	1.669336 
3718.000000	1.673334 
3716.000000	1.670445 
3714.000000	1.667168 
3712.000000	1.673109 
3710.000000	1.684044 
3708.000000	1.687554 
3706.000000	1.677221 
3704.000000	1.663360 
3702.000000	1.673095 
3700.000000	1.684594 
3698.000000	1.682366 
3696.000000	1.680160 
3694.000000	1.674604 
3692.000000	1.667663 
3690.000000	1.667818 
3688.000000	1.686793 
3686.000000	1.700121 
3684.000000	1.692782 
3682.000000	1.683184 
3680.000000	1.671386 
3678.000000	1.661542 
3676.000000	1.669423 
3674.000000	1.688921 
3672.000000	1.685592 
3670.000000	1.681844 
3668.000000	1.691341 
3666.000000	1.688269 
3664.000000	1.685186 
3662.000000	1.688810 
3660.000000	1.684825 
3658.000000	1.679595 
3656.000000	1.687458 
3654.000000	1.686687 
3652.000000	1.672758 
3650.000000	1.669133 
3648.000000	1.688891 
3646.000000	1.709861 
3644.000000	1.706810 
3642.000000	1.690284 
3640.000000	1.685090 
3638.000000	1.683489 
3636.000000	1.685757 
3634.000000	1.685958 
3632.000000	1.675354 
3630.000000	1.670911 
3628.000000	1.698758 
3626.000000	1.708315 
3624.000000	1.693119 
3622.000000	1.673768 
3620.000000	1.667427 
3618.000000	1.682675 
3616.000000	1.694157 
3614.000000	1.694014 
3612.000000	1.686537 
3610.000000	1.680740 
3608.000000	1.688008 
3606.000000	1.697286 
3604.000000	1.693722 
3602.000000	1.688461 
3600.000000	1.686929 
3598.000000	1.686602 
3596.000000	1.691025 
3594.000000	1.697002 
3592.000000	1.689605 
3590.000000	1.674267 
3588.000000	1.672315 
3586.000000	1.689746 
3584.000000	1.693814 
3582.000000	1.683259 
3580.000000	1.675589 
3578.000000	1.679749 
3576.000000	1.685537 
3574.000000	1.681426 
3572.000000	1.672349 
3570.000000	1.669375 
3568.000000	1.679526 
3566.000000	1.687655 
3564.000000	1.687801 
3562.000000	1.689594 
3560.000000	1.684094 
3558.000000	1.672646 
3556.000000	1.673930 
3554.000000	1.679660 
3552.000000	1.680091 
3550.000000	1.675677 
3548.000000	1.668096 
3546.000000	1.675574 
3544.000000	1.685261 
3542.000000	1.685828 
3540.000000	1.675859 
3538.000000	1.670116 
3536.000000	1.671071 
3534.000000	1.674600 
3532.000000	1.673383 
3530.000000	1.666740 
3528.000000	1.667548 
3526.000000	1.669481 
3524.000000	1.672422 
3522.000000	1.673773 
3520.000000	1.676984 
3518.000000	1.683194 
3516.000000	1.684564 
3514.000000	1.680636 
3512.000000	1.676778 
3510.000000	1.677226 
3508.000000	1.680294 
3506.000000	1.677772 
3504.000000	1.674600 
3502.000000	1.677605 
3500.000000	1.678458 
3498.000000	1.670610 
3496.000000	1.663789 
3494.000000	1.665885 
3492.000000	1.667712 
3490.000000	1.665827 
3488.000000	1.670338 
3486.000000	1.678468 
3484.000000	1.678350 
3482.000000	1.672247 
3480.000000	1.672271 
3478.000000	1.673485 
3476.000000	1.674477 
3474.000000	1.675677 
3472.000000	1.673807 
3470.000000	1.671182 
3468.000000	1.673915 
3466.000000	1.680810 
3464.000000	1.682516 
3462.000000	1.672242 
3460.000000	1.669080 
3458.000000	1.675481 
3456.000000	1.678601 
3454.000000	1.676085 
3452.000000	1.672554 
3450.000000	1.671212 
3448.000000	1.672866 
3446.000000	1.677437 
3444.000000	1.676453 
3442.000000	1.668457 
3440.000000	1.660792 
3438.000000	1.661210 
3436.000000	1.664219 
3434.000000	1.668863 
3432.000000	1.674008 
3430.000000	1.669133 
3428.000000	1.669714 
3426.000000	1.672754 
3424.000000	1.667707 
3422.000000	1.665861 
3420.000000	1.668800 
3418.000000	1.672169 
3416.000000	1.673041 
3414.000000	1.672900 
3412.000000	1.665444 
3410.000000	1.658485 
3408.000000	1.662536 
3406.000000	1.671309 
3404.000000	1.673495 
3402.000000	1.671785 
3400.000000	1.671187 
3398.000000	1.673212 
3396.000000	1.673583 
3394.000000	1.671216 
3392.000000	1.671780 
3390.000000	1.672973 
3388.000000	1.668737 
3386.000000	1.662688 
3384.000000	1.664482 
3382.000000	1.667591 
3380.000000	1.672700 
3378.000000	1.674370 
3376.000000	1.664396 
3374.000000	1.662654 
3372.000000	1.668409 
3370.000000	1.671139 
3368.000000	1.672101 
3366.000000	1.671328 
3364.000000	1.675300 
3362.000000	1.671795 
3360.000000	1.663560 
3358.000000	1.664362 
3356.000000	1.668462 
3354.000000	1.666048 
3352.000000	1.663040 
3350.000000	1.664874 
3348.000000	1.667994 
3346.000000	1.671352 
3344.000000	1.667903 
3342.000000	1.662502 
3340.000000	1.666836 
3338.000000	1.671590 
3336.000000	1.665506 
3334.000000	1.661998 
3332.000000	1.668559 
3330.000000	1.669646 
3328.000000	1.666226 
3326.000000	1.667692 
3324.000000	1.667451 
3322.000000	1.668091 
3320.000000	1.666946 
3318.000000	1.665219 
3316.000000	1.667917 
3314.000000	1.670668 
3312.000000	1.664683 
3310.000000	1.660034 
3308.000000	1.657609 
3306.000000	1.659727 
3304.000000	1.663813 
3302.000000	1.663336 
3300.000000	1.661062 
3298.000000	1.662198 
3296.000000	1.662574 
3294.000000	1.661333 
3292.000000	1.663017 
3290.000000	1.664425 
3288.000000	1.659580 
3286.000000	1.653631 
3284.000000	1.655908 
3282.000000	1.656917 
3280.000000	1.657825 
3278.000000	1.661143 
3276.000000	1.661661 
3274.000000	1.665755 
3272.000000	1.669332 
3270.000000	1.663598 
3268.000000	1.662326 
3266.000000	1.660911 
3264.000000	1.656570 
3262.000000	1.651209 
3260.000000	1.652026 
3258.000000	1.656889 
3256.000000	1.656279 
3254.000000	1.652793 
3252.000000	1.653627 
3250.000000	1.655852 
3248.000000	1.661865 
3246.000000	1.662559 
3244.000000	1.652993 
3242.000000	1.647286 
3240.000000	1.652732 
3238.000000	1.658824 
3236.000000	1.655075 
3234.000000	1.650356 
3232.000000	1.656354 
3230.000000	1.661718 
3228.000000	1.658028 
3226.000000	1.651348 
3224.000000	1.649861 
3222.000000	1.652667 
3220.000000	1.654710 
3218.000000	1.657148 
3216.000000	1.661010 
3214.000000	1.661361 
3212.000000	1.657731 
3210.000000	1.657877 
3208.000000	1.655248 
3206.000000	1.650963 
3204.000000	1.654224 
3202.000000	1.653338 
3200.000000	1.653813 
3198.000000	1.656194 
3196.000000	1.657086 
3194.000000	1.654327 
3192.000000	1.651728 
3190.000000	1.650625 
3188.000000	1.650546 
3186.000000	1.653478 
3184.000000	1.653571 
3182.000000	1.651399 
3180.000000	1.650917 
3178.000000	1.650412 
3176.000000	1.651682 
3174.000000	1.651083 
3172.000000	1.648151 
3170.000000	1.651380 
3168.000000	1.655103 
3166.000000	1.655126 
3164.000000	1.659339 
3162.000000	1.662645 
3160.000000	1.656180 
3158.000000	1.648515 
3156.000000	1.643306 
3154.000000	1.648294 
3152.000000	1.654322 
3150.000000	1.649801 
3148.000000	1.645695 
3146.000000	1.646611 
3144.000000	1.646006 
3142.000000	1.646281 
3140.000000	1.646368 
3138.000000	1.645223 
3136.000000	1.642842 
3134.000000	1.639322 
3132.000000	1.643174 
3130.000000	1.647254 
3128.000000	1.640972 
3126.000000	1.641915 
3124.000000	1.651728 
3122.000000	1.654182 
3120.000000	1.653300 
3118.000000	1.650643 
3116.000000	1.647898 
3114.000000	1.650282 
3112.000000	1.650532 
3110.000000	1.648901 
3108.000000	1.649404 
3106.000000	1.648998 
3104.000000	1.653454 
3102.000000	1.652328 
3100.000000	1.643534 
3098.000000	1.639606 
3096.000000	1.639281 
3094.000000	1.640338 
3092.000000	1.644583 
3090.000000	1.643771 
3088.000000	1.637507 
3086.000000	1.639773 
3084.000000	1.645869 
3082.000000	1.647190 
3080.000000	1.649090 
3078.000000	1.649778 
3076.000000	1.645429 
3074.000000	1.642724 
3072.000000	1.644054 
3070.000000	1.640963 
3068.000000	1.640723 
3066.000000	1.648183 
3064.000000	1.654476 
3062.000000	1.656265 
3060.000000	1.652239 
3058.000000	1.648656 
3056.000000	1.641902 
3054.000000	1.635571 
3052.000000	1.638610 
3050.000000	1.643211 
3048.000000	1.646777 
3046.000000	1.645598 
3044.000000	1.642051 
3042.000000	1.639503 
3040.000000	1.641190 
3038.000000	1.645100 
3036.000000	1.647121 
3034.000000	1.650541 
3032.000000	1.652504 
3030.000000	1.648979 
3028.000000	1.641158 
3026.000000	1.638204 
3024.000000	1.640592 
3022.000000	1.644268 
3020.000000	1.649945 
3018.000000	1.647590 
3016.000000	1.645603 
3014.000000	1.650347 
3012.000000	1.651687 
3010.000000	1.649445 
3008.000000	1.650079 
3006.000000	1.649095 
3004.000000	1.645695 
3002.000000	1.642929 
3000.000000	1.638812 
2998.000000	1.639087 
2996.000000	1.644405 
2994.000000	1.644159 
2992.000000	1.640533 
2990.000000	1.644214 
2988.000000	1.648068 
2986.000000	1.649270 
2984.000000	1.650810 
2982.000000	1.654168 
2980.000000	1.656560 
2978.000000	1.655843 
2976.000000	1.651121 
2974.000000	1.647981 
2972.000000	1.649496 
2970.000000	1.651134 
2968.000000	1.649898 
2966.000000	1.649113 
2964.000000	1.653314 
2962.000000	1.652872 
2960.000000	1.649118 
2958.000000	1.650111 
2956.000000	1.652649 
2954.000000	1.657646 
2952.000000	1.657755 
2950.000000	1.648716 
2948.000000	1.643397 
2946.000000	1.647939 
2944.000000	1.648827 
2942.000000	1.645511 
2940.000000	1.643543 
2938.000000	1.646290 
2936.000000	1.649663 
2934.000000	1.647861 
2932.000000	1.651937 
2930.000000	1.656993 
2928.000000	1.655398 
2926.000000	1.647594 
2924.000000	1.649579 
2922.000000	1.660309 
2920.000000	1.665732 
2918.000000	1.660011 
2916.000000	1.649963 
2914.000000	1.650736 
2912.000000	1.654616 
2910.000000	1.650305 
2908.000000	1.644835 
2906.000000	1.644944 
2904.000000	1.650639 
2902.000000	1.652244 
2900.000000	1.647387 
2898.000000	1.648451 
2896.000000	1.648358 
2894.000000	1.640357 
2892.000000	1.636838 
2890.000000	1.638767 
2888.000000	1.641280 
2886.000000	1.642974 
2884.000000	1.640651 
2882.000000	1.639972 
2880.000000	1.640814 
2878.000000	1.641852 
2876.000000	1.642188 
2874.000000	1.639241 
2872.000000	1.638831 
2870.000000	1.642801 
2868.000000	1.640623 
2866.000000	1.636547 
2864.000000	1.637795 
2862.000000	1.641421 
2860.000000	1.642251 
2858.000000	1.640768 
2856.000000	1.640108 
2854.000000	1.640841 
2852.000000	1.642138 
2850.000000	1.640452 
2848.000000	1.641666 
2846.000000	1.641149 
2844.000000	1.638461 
2842.000000	1.638434 
2840.000000	1.640203 
2838.000000	1.639340 
2836.000000	1.635682 
2834.000000	1.633291 
2832.000000	1.635186 
2830.000000	1.636421 
2828.000000	1.635776 
2826.000000	1.639060 
2824.000000	1.635535 
2822.000000	1.628223 
2820.000000	1.627889 
2818.000000	1.628183 
2816.000000	1.628443 
2814.000000	1.632882 
2812.000000	1.633122 
2810.000000	1.629491 
2808.000000	1.624382 
2806.000000	1.624160 
2804.000000	1.627884 
2802.000000	1.630501 
2800.000000	1.629337 
2798.000000	1.625399 
2796.000000	1.626730 
2794.000000	1.631111 
2792.000000	1.629363 
2790.000000	1.622768 
2788.000000	1.620900 
2786.000000	1.628720 
2784.000000	1.632002 
2782.000000	1.627924 
2780.000000	1.623111 
2778.000000	1.623494 
2776.000000	1.630315 
2774.000000	1.632771 
2772.000000	1.626839 
2770.000000	1.628914 
2768.000000	1.637036 
2766.000000	1.634771 
2764.000000	1.626958 
2762.000000	1.627493 
2760.000000	1.633785 
2758.000000	1.631151 
2756.000000	1.627379 
2754.000000	1.631103 
2752.000000	1.632619 
2750.000000	1.627818 
2748.000000	1.623572 
2746.000000	1.624090 
2744.000000	1.625972 
2742.000000	1.625268 
2740.000000	1.622100 
2738.000000	1.622273 
2736.000000	1.626730 
2734.000000	1.631191 
2732.000000	1.631408 
2730.000000	1.629033 
2728.000000	1.630673 
2726.000000	1.625727 
2724.000000	1.620411 
2722.000000	1.622764 
2720.000000	1.624151 
2718.000000	1.626143 
2716.000000	1.627348 
2714.000000	1.620489 
2712.000000	1.615570 
2710.000000	1.620334 
2708.000000	1.624740 
2706.000000	1.622612 
2704.000000	1.617900 
2702.000000	1.619613 
2700.000000	1.622243 
2698.000000	1.618993 
2696.000000	1.618377 
2694.000000	1.624657 
2692.000000	1.625530 
2690.000000	1.617660 
2688.000000	1.615173 
2686.000000	1.619367 
2684.000000	1.624997 
2682.000000	1.624291 
2680.000000	1.618752 
2678.000000	1.614789 
2676.000000	1.615391 
2674.000000	1.616764 
2672.000000	1.618128 
2670.000000	1.612866 
2668.000000	1.611778 
2666.000000	1.616417 
2664.000000	1.617711 
2662.000000	1.617261 
2660.000000	1.616725 
2658.000000	1.612333 
2656.000000	1.608567 
2654.000000	1.607857 
2652.000000	1.607824 
2650.000000	1.612963 
2648.000000	1.614418 
2646.000000	1.610788 
2644.000000	1.612904 
2642.000000	1.617797 
2640.000000	1.616044 
2638.000000	1.610100 
2636.000000	1.610159 
2634.000000	1.611494 
2632.000000	1.612730 
2630.000000	1.614380 
2628.000000	1.613720 
2626.000000	1.611194 
2624.000000	1.609763 
2622.000000	1.607517 
2620.000000	1.608706 
2618.000000	1.611494 
2616.000000	1.610640 
2614.000000	1.610032 
2612.000000	1.612036 
2610.000000	1.615092 
2608.000000	1.613189 
2606.000000	1.613091 
2604.000000	1.614537 
2602.000000	1.614209 
2600.000000	1.614606 
2598.000000	1.616956 
2596.000000	1.616216 
2594.000000	1.610953 
2592.000000	1.608798 
2590.000000	1.605764 
2588.000000	1.602779 
2586.000000	1.608071 
2584.000000	1.609666 
2582.000000	1.604230 
2580.000000	1.604121 
2578.000000	1.609737 
2576.000000	1.611812 
2574.000000	1.611410 
2572.000000	1.608718 
2570.000000	1.606161 
2568.000000	1.608130 
2566.000000	1.607320 
2564.000000	1.603261 
2562.000000	1.602021 
2560.000000	1.604463 
2558.000000	1.607870 
2556.000000	1.607014 
2554.000000	1.605747 
2552.000000	1.606583 
2550.000000	1.604946 
2548.000000	1.602742 
2546.000000	1.606023 
2544.000000	1.606328 
2542.000000	1.600067 
2540.000000	1.599124 
2538.000000	1.600937 
2536.000000	1.601057 
2534.000000	1.605167 
2532.000000	1.608937 
2530.000000	1.604454 
2528.000000	1.600306 
2526.000000	1.601648 
2524.000000	1.604396 
2522.000000	1.603153 
2520.000000	1.601090 
2518.000000	1.600966 
2516.000000	1.602195 
2514.000000	1.601028 
2512.000000	1.600541 
2510.000000	1.603431 
2508.000000	1.602166 
2506.000000	1.597937 
2504.000000	1.596597 
2502.000000	1.600855 
2500.000000	1.602605 
2498.000000	1.600871 
2496.000000	1.600001 
2494.000000	1.601276 
2492.000000	1.603024 
2490.000000	1.602800 
2488.000000	1.599231 
2486.000000	1.594108 
2484.000000	1.592391 
2482.000000	1.595625 
2480.000000	1.597941 
2478.000000	1.598515 
2476.000000	1.601276 
2474.000000	1.602050 
2472.000000	1.597740 
2470.000000	1.592262 
2468.000000	1.593340 
2466.000000	1.595503 
2464.000000	1.595372 
2462.000000	1.597121 
2460.000000	1.594482 
2458.000000	1.592339 
2456.000000	1.592237 
2454.000000	1.591598 
2452.000000	1.591938 
2450.000000	1.593974 
2448.000000	1.593835 
2446.000000	1.593121 
2444.000000	1.589485 
2442.000000	1.588717 
2440.000000	1.589413 
2438.000000	1.588858 
2436.000000	1.587859 
2434.000000	1.587282 
2432.000000	1.588003 
2430.000000	1.588227 
2428.000000	1.589626 
2426.000000	1.589107 
2424.000000	1.588637 
2422.000000	1.590794 
2420.000000	1.588910 
2418.000000	1.586746 
2416.000000	1.588524 
2414.000000	1.588288 
2412.000000	1.587947 
2410.000000	1.591441 
2408.000000	1.590738 
2406.000000	1.583678 
2404.000000	1.585309 
2402.000000	1.588858 
2400.000000	1.588866 
2398.000000	1.588376 
2396.000000	1.583393 
2394.000000	1.580093 
2392.000000	1.584183 
2390.000000	1.587162 
2388.000000	1.584107 
2386.000000	1.581801 
2384.000000	1.580018 
2382.000000	1.579196 
2380.000000	1.583341 
2378.000000	1.585724 
2376.000000	1.581066 
2374.000000	1.577567 
2372.000000	1.584811 
2370.000000	1.592565 
2368.000000	1.599177 
2366.000000	1.604313 
2364.000000	1.605075 
2362.000000	1.609826 
2360.000000	1.611173 
2358.000000	1.615583 
2356.000000	1.619704 
2354.000000	1.612658 
2352.000000	1.608773 
2350.000000	1.605142 
2348.000000	1.592987 
2346.000000	1.585345 
2344.000000	1.588697 
2342.000000	1.597223 
2340.000000	1.597945 
2338.000000	1.595289 
2336.000000	1.597900 
2334.000000	1.600248 
2332.000000	1.598955 
2330.000000	1.598294 
2328.000000	1.595956 
2326.000000	1.594169 
2324.000000	1.595735 
2322.000000	1.603818 
2320.000000	1.609712 
2318.000000	1.603082 
2316.000000	1.597363 
2314.000000	1.599881 
2312.000000	1.595768 
2310.000000	1.590053 
2308.000000	1.590758 
2306.000000	1.592173 
2304.000000	1.589875 
2302.000000	1.588360 
2300.000000	1.591182 
2298.000000	1.593957 
2296.000000	1.593389 
2294.000000	1.590379 
2292.000000	1.592861 
2290.000000	1.595325 
2288.000000	1.592521 
2286.000000	1.593604 
2284.000000	1.597559 
2282.000000	1.601280 
2280.000000	1.606839 
2278.000000	1.605860 
2276.000000	1.603336 
2274.000000	1.606843 
2272.000000	1.611143 
2270.000000	1.612913 
2268.000000	1.612484 
2266.000000	1.615732 
2264.000000	1.620736 
2262.000000	1.622395 
2260.000000	1.623133 
2258.000000	1.625107 
2256.000000	1.630810 
2254.000000	1.634382 
2252.000000	1.632415 
2250.000000	1.635736 
2248.000000	1.637260 
2246.000000	1.636856 
2244.000000	1.638083 
2242.000000	1.639367 
2240.000000	1.642738 
2238.000000	1.643812 
2236.000000	1.643188 
2234.000000	1.642424 
2232.000000	1.641888 
2230.000000	1.639742 
2228.000000	1.638416 
2226.000000	1.639173 
2224.000000	1.644026 
2222.000000	1.646313 
2220.000000	1.647535 
2218.000000	1.647580 
2216.000000	1.647916 
2214.000000	1.654350 
2212.000000	1.663684 
2210.000000	1.661651 
2208.000000	1.661608 
2206.000000	1.667196 
2204.000000	1.673549 
2202.000000	1.678483 
2200.000000	1.678631 
2198.000000	1.680438 
2196.000000	1.684319 
2194.000000	1.686939 
2192.000000	1.686914 
2190.000000	1.687367 
2188.000000	1.687100 
2186.000000	1.686612 
2184.000000	1.687166 
2182.000000	1.685211 
2180.000000	1.687473 
2178.000000	1.691264 
2176.000000	1.690654 
2174.000000	1.682431 
2172.000000	1.678118 
2170.000000	1.687372 
2168.000000	1.690325 
2166.000000	1.686527 
2164.000000	1.690208 
2162.000000	1.695439 
2160.000000	1.697724 
2158.000000	1.705683 
2156.000000	1.718020 
2154.000000	1.732767 
2152.000000	1.752324 
2150.000000	1.777435 
2148.000000	1.798512 
2146.000000	1.811272 
2144.000000	1.818963 
2142.000000	1.823519 
2140.000000	1.828911 
2138.000000	1.837409 
2136.000000	1.839357 
2134.000000	1.831593 
2132.000000	1.830807 
2130.000000	1.836846 
2128.000000	1.846023 
2126.000000	1.858349 
2124.000000	1.874906 
2122.000000	1.895467 
2120.000000	1.918355 
2118.000000	1.944623 
2116.000000	1.963656 
2114.000000	1.968491 
2112.000000	1.977090 
2110.000000	1.985389 
2108.000000	1.977120 
2106.000000	1.971189 
2104.000000	1.967847 
2102.000000	1.949103 
2100.000000	1.922666 
2098.000000	1.905597 
2096.000000	1.899311 
2094.000000	1.906139 
2092.000000	1.917447 
2090.000000	1.931091 
2088.000000	1.946532 
2086.000000	1.938569 
2084.000000	1.915917 
2082.000000	1.906122 
2080.000000	1.896790 
2078.000000	1.883484 
2076.000000	1.864279 
2074.000000	1.840130 
2072.000000	1.809693 
2070.000000	1.773024 
2068.000000	1.734634 
2066.000000	1.697941 
2064.000000	1.669554 
2062.000000	1.642970 
2060.000000	1.616866 
2058.000000	1.602141 
2056.000000	1.593279 
2054.000000	1.584119 
2052.000000	1.575318 
2050.000000	1.566533 
2048.000000	1.560111 
2046.000000	1.554596 
2044.000000	1.551891 
2042.000000	1.553203 
2040.000000	1.551957 
2038.000000	1.548938 
2036.000000	1.548052 
2034.000000	1.543974 
2032.000000	1.541359 
2030.000000	1.540158 
2028.000000	1.537344 
2026.000000	1.538109 
2024.000000	1.535369 
2022.000000	1.530641 
2020.000000	1.532397 
2018.000000	1.534028 
2016.000000	1.534028 
2014.000000	1.534184 
2012.000000	1.533940 
2010.000000	1.530729 
2008.000000	1.530616 
2006.000000	1.530915 
2004.000000	1.527965 
2002.000000	1.526908 
2000.000000	1.525111 
1998.000000	1.525875 
1996.000000	1.528387 
1994.000000	1.525937 
1992.000000	1.522007 
1990.000000	1.523445 
1988.000000	1.526960 
1986.000000	1.528223 
1984.000000	1.524930 
1982.000000	1.522631 
1980.000000	1.521432 
1978.000000	1.520758 
1976.000000	1.522010 
1974.000000	1.522289 
1972.000000	1.519709 
1970.000000	1.516992 
1968.000000	1.516023 
1966.000000	1.515056 
1964.000000	1.512467 
1962.000000	1.511710 
1960.000000	1.510494 
1958.000000	1.512033 
1956.000000	1.514487 
1954.000000	1.512087 
1952.000000	1.507229 
1950.000000	1.507749 
1948.000000	1.510655 
1946.000000	1.508716 
1944.000000	1.505538 
1942.000000	1.507772 
1940.000000	1.508279 
1938.000000	1.504950 
1936.000000	1.505727 
1934.000000	1.508049 
1932.000000	1.509004 
1930.000000	1.506328 
1928.000000	1.501767 
1926.000000	1.501297 
1924.000000	1.502287 
1922.000000	1.504338 
1920.000000	1.502152 
1918.000000	1.504037 
1916.000000	1.509760 
1914.000000	1.507942 
1912.000000	1.502899 
1910.000000	1.498411 
1908.000000	1.499711 
1906.000000	1.499832 
1904.000000	1.497600 
1902.000000	1.495943 
1900.000000	1.498656 
1898.000000	1.499106 
1896.000000	1.496738 
1894.000000	1.498907 
1892.000000	1.496670 
1890.000000	1.492499 
1888.000000	1.494321 
1886.000000	1.495233 
1884.000000	1.494748 
1882.000000	1.490500 
1880.000000	1.488114 
1878.000000	1.489799 
1876.000000	1.491378 
1874.000000	1.491262 
1872.000000	1.486080 
1870.000000	1.482434 
1868.000000	1.493127 
1866.000000	1.497245 
1864.000000	1.491317 
1862.000000	1.487885 
1860.000000	1.487385 
1858.000000	1.484985 
1856.000000	1.483007 
1854.000000	1.483388 
1852.000000	1.486160 
1850.000000	1.484624 
1848.000000	1.481646 
1846.000000	1.475105 
1844.000000	1.482387 
1842.000000	1.492863 
1840.000000	1.481586 
1838.000000	1.474206 
1836.000000	1.476222 
1834.000000	1.477597 
1832.000000	1.470226 
1830.000000	1.472467 
1828.000000	1.479084 
1826.000000	1.474370 
1824.000000	1.479127 
1822.000000	1.478683 
1820.000000	1.471938 
1818.000000	1.470156 
1816.000000	1.471135 
1814.000000	1.469597 
1812.000000	1.468570 
1810.000000	1.471414 
1808.000000	1.471736 
1806.000000	1.467083 
1804.000000	1.461182 
1802.000000	1.460267 
1800.000000	1.466938 
1798.000000	1.466541 
1796.000000	1.462261 
1794.000000	1.457044 
1792.000000	1.465034 
1790.000000	1.471322 
1788.000000	1.462171 
1786.000000	1.458916 
1784.000000	1.461595 
1782.000000	1.459670 
1780.000000	1.461188 
1778.000000	1.461221 
1776.000000	1.450212 
1774.000000	1.439476 
1772.000000	1.452055 
1770.000000	1.463162 
1768.000000	1.460249 
1766.000000	1.455927 
1764.000000	1.442577 
1762.000000	1.444664 
1760.000000	1.454976 
1758.000000	1.448976 
1756.000000	1.451387 
1754.000000	1.444854 
1752.000000	1.438174 
1750.000000	1.451147 
1748.000000	1.453547 
1746.000000	1.449431 
1744.000000	1.445654 
1742.000000	1.442660 
1740.000000	1.441668 
1738.000000	1.446703 
1736.000000	1.425416 
1734.000000	1.435843 
1732.000000	1.459664 
1730.000000	1.449792 
1728.000000	1.446362 
1726.000000	1.440214 
1724.000000	1.438358 
1722.000000	1.435485 
1720.000000	1.418499 
1718.000000	1.423043 
1716.000000	1.450662 
1714.000000	1.449270 
1712.000000	1.438179 
1710.000000	1.429886 
1708.000000	1.423378 
1706.000000	1.424243 
1704.000000	1.427497 
1702.000000	1.408640 
1700.000000	1.425629 
1698.000000	1.430422 
1696.000000	1.423543 
1694.000000	1.436988 
1692.000000	1.420793 
1690.000000	1.410434 
1688.000000	1.406970 
1686.000000	1.388765 
1684.000000	1.413865 
1682.000000	1.437291 
1680.000000	1.418136 
1678.000000	1.406547 
1676.000000	1.400851 
1674.000000	1.412966 
1672.000000	1.401926 
1670.000000	1.398448 
1668.000000	1.416010 
1666.000000	1.408762 
1664.000000	1.394001 
1662.000000	1.400648 
1660.000000	1.403734 
1658.000000	1.395424 
1656.000000	1.372450 
1654.000000	1.362425 
1652.000000	1.421587 
1650.000000	1.404530 
1648.000000	1.374809 
1646.000000	1.393380 
1644.000000	1.398849 
1642.000000	1.383076 
1640.000000	1.374059 
1638.000000	1.361325 
1636.000000	1.371278 
1634.000000	1.399940 
1632.000000	1.387494 
1630.000000	1.371692 
1628.000000	1.369776 
1626.000000	1.369728 
1624.000000	1.368379 
1622.000000	1.377665 
1620.000000	1.367804 
1618.000000	1.355676 
1616.000000	1.374861 
1614.000000	1.378511 
1612.000000	1.362910 
1610.000000	1.358922 
1608.000000	1.362261 
1606.000000	1.362850 
1604.000000	1.359447 
1602.000000	1.357721 
1600.000000	1.356477 
1598.000000	1.352545 
1596.000000	1.349757 
1594.000000	1.350784 
1592.000000	1.350842 
1590.000000	1.349109 
1588.000000	1.346808 
1586.000000	1.341526 
1584.000000	1.339560 
1582.000000	1.339673 
1580.000000	1.337206 
1578.000000	1.323246 
1576.000000	1.336570 
1574.000000	1.353752 
1572.000000	1.332873 
1570.000000	1.324734 
1568.000000	1.339247 
1566.000000	1.332746 
1564.000000	1.325860 
1562.000000	1.307146 
1560.000000	1.292493 
1558.000000	1.344820 
1556.000000	1.344921 
1554.000000	1.329984 
1552.000000	1.325305 
1550.000000	1.323110 
1548.000000	1.319606 
1546.000000	1.310382 
1544.000000	1.308960 
1542.000000	1.304396 
1540.000000	1.320155 
1538.000000	1.336210 
1536.000000	1.313992 
1534.000000	1.305943 
1532.000000	1.319032 
1530.000000	1.310007 
1528.000000	1.301509 
1526.000000	1.304181 
1524.000000	1.300852 
1522.000000	1.297268 
1520.000000	1.313301 
1518.000000	1.303466 
1516.000000	1.302673 
1514.000000	1.299290 
1512.000000	1.289470 
1510.000000	1.281970 
1508.000000	1.276339 
1506.000000	1.308128 
1504.000000	1.309287 
1502.000000	1.287649 
1500.000000	1.278882 
1498.000000	1.280650 
1496.000000	1.288531 
1494.000000	1.287505 
1492.000000	1.276502 
1490.000000	1.280656 
1488.000000	1.290924 
1486.000000	1.291157 
1484.000000	1.282623 
1482.000000	1.277305 
1480.000000	1.279563 
1478.000000	1.275860 
1476.000000	1.275058 
1474.000000	1.271546 
1472.000000	1.282275 
1470.000000	1.285698 
1468.000000	1.272272 
1466.000000	1.264504 
1464.000000	1.273149 
1462.000000	1.270842 
1460.000000	1.254706 
1458.000000	1.254393 
1456.000000	1.280504 
1454.000000	1.277207 
1452.000000	1.264171 
1450.000000	1.259023 
1448.000000	1.259134 
1446.000000	1.260252 
1444.000000	1.254252 
1442.000000	1.251271 
1440.000000	1.245958 
1438.000000	1.238412 
1436.000000	1.248697 
1434.000000	1.247143 
1432.000000	1.236528 
1430.000000	1.234833 
1428.000000	1.232598 
1426.000000	1.225956 
1424.000000	1.225606 
1422.000000	1.221077 
1420.000000	1.215075 
1418.000000	1.226082 
1416.000000	1.223419 
1414.000000	1.214530 
1412.000000	1.209523 
1410.000000	1.206109 
1408.000000	1.202245 
1406.000000	1.200266 
1404.000000	1.203584 
1402.000000	1.199580 
1400.000000	1.194125 
1398.000000	1.195292 
1396.000000	1.192416 
1394.000000	1.192855 
1392.000000	1.191000 
1390.000000	1.184453 
1388.000000	1.182920 
1386.000000	1.183640 
1384.000000	1.178834 
1382.000000	1.174676 
1380.000000	1.172062 
1378.000000	1.169661 
1376.000000	1.164999 
1374.000000	1.165680 
1372.000000	1.166410 
1370.000000	1.161476 
1368.000000	1.157825 
1366.000000	1.154182 
1364.000000	1.149810 
1362.000000	1.150956 
1360.000000	1.148344 
1358.000000	1.144507 
1356.000000	1.141525 
1354.000000	1.138274 
1352.000000	1.133968 
1350.000000	1.130939 
1348.000000	1.128366 
1346.000000	1.126611 
1344.000000	1.124334 
1342.000000	1.120815 
1340.000000	1.119613 
1338.000000	1.119642 
1336.000000	1.115625 
1334.000000	1.111701 
1332.000000	1.109878 
1330.000000	1.107829 
1328.000000	1.106303 
1326.000000	1.104955 
1324.000000	1.102573 
1322.000000	1.099758 
1320.000000	1.097014 
1318.000000	1.094839 
1316.000000	1.093481 
1314.000000	1.090537 
1312.000000	1.087485 
1310.000000	1.085086 
1308.000000	1.083405 
1306.000000	1.081399 
1304.000000	1.079087 
1302.000000	1.075938 
1300.000000	1.072903 
1298.000000	1.071351 
1296.000000	1.069305 
1294.000000	1.064819 
1292.000000	1.061001 
1290.000000	1.059585 
1288.000000	1.057925 
1286.000000	1.055157 
1284.000000	1.051715 
1282.000000	1.049236 
1280.000000	1.046765 
1278.000000	1.042849 
1276.000000	1.040188 
1274.000000	1.038095 
1272.000000	1.034723 
1270.000000	1.031579 
1268.000000	1.026717 
1266.000000	1.022447 
1264.000000	1.022096 
1262.000000	1.020399 
1260.000000	1.016176 
1258.000000	1.012683 
1256.000000	1.010078 
1254.000000	1.007812 
1252.000000	1.004385 
1250.000000	1.001095 
1248.000000	0.998136 
1246.000000	0.995000 
1244.000000	0.992073 
1242.000000	0.989378 
1240.000000	0.986327 
1238.000000	0.983691 
1236.000000	0.981034 
1234.000000	0.977680 
1232.000000	0.974779 
1230.000000	0.972123 
1228.000000	0.969636 
1226.000000	0.966020 
1224.000000	0.962749 
1222.000000	0.961562 
1220.000000	0.958543 
1218.000000	0.954824 
1216.000000	0.952219 
1214.000000	0.949572 
1212.000000	0.947603 
1210.000000	0.945697 
1208.000000	0.944231 
1206.000000	0.942717 
1204.000000	0.940141 
1202.000000	0.937544 
1200.000000	0.935750 
1198.000000	0.934052 
1196.000000	0.933979 
1194.000000	0.933903 
1192.000000	0.932736 
1190.000000	0.932057 
1188.000000	0.932069 
1186.000000	0.931847 
1184.000000	0.931735 
1182.000000	0.932131 
1180.000000	0.932710 
1178.000000	0.933250 
1176.000000	0.934533 
1174.000000	0.935914 
1172.000000	0.938415 
1170.000000	0.940779 
1168.000000	0.941346 
1166.000000	0.941782 
1164.000000	0.944523 
1162.000000	0.949761 
1160.000000	0.954023 
1158.000000	0.956769 
1156.000000	0.960278 
1154.000000	0.964134 
1152.000000	0.967178 
1150.000000	0.970481 
1148.000000	0.974624 
1146.000000	0.978260 
1144.000000	0.981647 
1142.000000	0.985607 
1140.000000	0.990073 
1138.000000	0.995043 
1136.000000	0.998915 
1134.000000	1.001352 
1132.000000	1.003889 
1130.000000	1.006751 
1128.000000	1.008684 
1126.000000	1.011973 
1124.000000	1.015291 
1122.000000	1.017192 
1120.000000	1.020465 
1118.000000	1.024038 
1116.000000	1.026829 
1114.000000	1.029574 
1112.000000	1.033733 
1110.000000	1.038642 
1108.000000	1.042765 
1106.000000	1.047224 
1104.000000	1.052396 
1102.000000	1.056685 
1100.000000	1.059182 
1098.000000	1.063063 
1096.000000	1.067626 
1094.000000	1.069105 
1092.000000	1.068948 
1090.000000	1.069513 
1088.000000	1.071390 
1086.000000	1.073435 
1084.000000	1.073367 
1082.000000	1.073317 
1080.000000	1.073034 
1078.000000	1.071967 
1076.000000	1.072435 
1074.000000	1.073978 
1072.000000	1.074616 
1070.000000	1.074252 
1068.000000	1.073223 
1066.000000	1.072279 
1064.000000	1.071750 
1062.000000	1.071303 
1060.000000	1.070256 
1058.000000	1.069071 
1056.000000	1.066891 
1054.000000	1.064077 
1052.000000	1.063135 
1050.000000	1.064096 
1048.000000	1.064293 
1046.000000	1.061844 
1044.000000	1.054170 
1042.000000	1.045899 
1040.000000	1.042369 
1038.000000	1.038817 
1036.000000	1.031860 
1034.000000	1.025996 
1032.000000	1.021119 
1030.000000	1.014080 
1028.000000	1.007235 
1026.000000	0.998982 
1024.000000	0.989577 
1022.000000	0.980572 
1020.000000	0.971112 
1018.000000	0.960081 
1016.000000	0.947464 
1014.000000	0.934954 
1012.000000	0.924649 
1010.000000	0.914158 
1008.000000	0.901532 
1006.000000	0.888885 
1004.000000	0.877064 
1002.000000	0.864685 
1000.000000	0.852665 
998.000000	 0.842105 
996.000000	 0.832085 
994.000000	 0.823408 
992.000000	 0.815733 
990.000000	 0.809378 
988.000000	 0.806804 
986.000000	 0.807544 
984.000000	 0.809738 
982.000000	 0.813444 
980.000000	 0.818923 
978.000000	 0.822822 
976.000000	 0.821972 
974.000000	 0.817438 
972.000000	 0.810099 
970.000000	 0.798910 
968.000000	 0.785704 
966.000000	 0.773500 
964.000000	 0.764040 
962.000000	 0.756292 
960.000000	 0.749854 
958.000000	 0.744404 
956.000000	 0.739523 
954.000000	 0.734574 
952.000000	 0.729670 
950.000000	 0.726154 
948.000000	 0.724477 
946.000000	 0.724642 
944.000000	 0.727510 
942.000000	 0.731222 
940.000000	 0.734743 
938.000000	 0.739041 
936.000000	 0.742821 
934.000000	 0.744672 
932.000000	 0.744878 
930.000000	 0.744959 
928.000000	 0.743959 
926.000000	 0.743442 
924.000000	 0.745019 
922.000000	 0.749561 
920.000000	 0.758914 
918.000000	 0.771383 
916.000000	 0.782727 
914.000000	 0.791283 
912.000000	 0.796786 
910.000000	 0.800313 
908.000000	 0.803766 
906.000000	 0.803192 
904.000000	 0.796048 
902.000000	 0.785129 
900.000000	 0.772687 
898.000000	 0.757296 
896.000000	 0.737823 
894.000000	 0.716794 
892.000000	 0.696822 
890.000000	 0.680470 
888.000000	 0.666384 
886.000000	 0.653676 
884.000000	 0.644447 
882.000000	 0.638200 
880.000000	 0.635840 
878.000000	 0.636117 
876.000000	 0.636637 
874.000000	 0.637810 
872.000000	 0.640846 
870.000000	 0.644341 
868.000000	 0.646987 
866.000000	 0.648568 
864.000000	 0.650542 
862.000000	 0.652243 
860.000000	 0.651624 
858.000000	 0.649435 
856.000000	 0.647217 
854.000000	 0.645302 
852.000000	 0.643136 
850.000000	 0.641126 
848.000000	 0.639515 
846.000000	 0.637879 
844.000000	 0.637989 
842.000000	 0.638003 
840.000000	 0.636512 
838.000000	 0.635075 
836.000000	 0.633701 
834.000000	 0.632023 
832.000000	 0.628617 
830.000000	 0.625212 
828.000000	 0.622302 
826.000000	 0.619148 
824.000000	 0.614473 
822.000000	 0.610222 
820.000000	 0.606693 
818.000000	 0.603462 
816.000000	 0.600232 
814.000000	 0.597943 
812.000000	 0.595468 
810.000000	 0.592679 
808.000000	 0.589166 
806.000000	 0.585358 
804.000000	 0.580795 
802.000000	 0.576447 
800.000000	 0.571154 
798.000000	 0.564600 
796.000000	 0.558971 
794.000000	 0.553301 
792.000000	 0.546595 
790.000000	 0.539083 
788.000000	 0.530911 
786.000000	 0.521553 
784.000000	 0.512226 
782.000000	 0.503970 
780.000000	 0.495568 
778.000000	 0.486352 
776.000000	 0.477810 
774.000000	 0.469411 
772.000000	 0.461353 
770.000000	 0.453679 
768.000000	 0.445803 
766.000000	 0.438122 
764.000000	 0.431057 
762.000000	 0.424336 
760.000000	 0.418956 
758.000000	 0.414484 
756.000000	 0.410188 
754.000000	 0.406020 
752.000000	 0.402370 
750.000000	 0.399908 
748.000000	 0.398686 
746.000000	 0.397545 
744.000000	 0.397011 
742.000000	 0.397097 
740.000000	 0.398048 
738.000000	 0.400182 
736.000000	 0.403281 
734.000000	 0.405769 
732.000000	 0.407852 
730.000000	 0.411275 
728.000000	 0.415660 
726.000000	 0.420850 
724.000000	 0.426200 
722.000000	 0.431385 
720.000000	 0.436253 
718.000000	 0.441141 
716.000000	 0.446230 
714.000000	 0.451180 
712.000000	 0.456326 
710.000000	 0.461461 
708.000000	 0.465678 
706.000000	 0.470205 
704.000000	 0.474587 
702.000000	 0.479386 
700.000000	 0.484150 
698.000000	 0.488921 
696.000000	 0.495775 
694.000000	 0.504602 
692.000000	 0.513918 
690.000000	 0.523911 
688.000000	 0.534870 
686.000000	 0.546731 
684.000000	 0.558986 
682.000000	 0.570490 
680.000000	 0.582713 
678.000000	 0.595845 
676.000000	 0.607878 
674.000000	 0.618593 
672.000000	 0.627723 
670.000000	 0.636839 
668.000000	 0.646021 
666.000000	 0.637999 
664.000000	 0.623734 
662.000000	 0.610545 
660.000000	 0.600103 
658.000000	 0.591552 
656.000000	 0.583835 
654.000000	 0.577027 
652.000000	 0.572611 
650.000000	 0.572447 
648.000000	 0.576232 
646.000000	 0.582485 
644.000000	 0.588961 
642.000000	 0.596646 
640.000000	 0.606037 
638.000000	 0.616183 
636.000000	 0.627889 
634.000000	 0.641367 
632.000000	 0.651468 
630.000000	 0.656947 
628.000000	 0.657812 
626.000000	 0.647412 
624.000000	 0.624079 
622.000000	 0.594128 
620.000000	 0.556877 
618.000000	 0.511227 
616.000000	 0.465432 
614.000000	 0.424514 
612.000000	 0.389744 
610.000000	 0.362818 
608.000000	 0.340393 
606.000000	 0.318587 
604.000000	 0.299509 
602.000000	 0.283345 
600.000000	 0.269372 
598.000000	 0.255890 
596.000000	 0.244060 
594.000000	 0.233459 
592.000000	 0.224576 
590.000000	 0.216739 
588.000000	 0.209274 
586.000000	 0.202403 
584.000000	 0.196576 
582.000000	 0.191228 
580.000000	 0.185058 
578.000000	 0.178456 
576.000000	 0.172101 
574.000000	 0.165788 
572.000000	 0.158956 
570.000000	 0.152005 
568.000000	 0.145941 
566.000000	 0.140552 
564.000000	 0.136518 
562.000000	 0.132937 
560.000000	 0.128662 
558.000000	 0.124322 
556.000000	 0.119787 
554.000000	 0.115522 
552.000000	 0.112662 
550.000000	 0.111355 
548.000000	 0.108750 
546.000000	 0.105278 
544.000000	 0.102117 
542.000000	 0.099125 
540.000000	 0.095711 
538.000000	 0.093043 
536.000000	 0.091609 
534.000000	 0.090343 
532.000000	 0.088212 
530.000000	 0.085809 
528.000000	 0.083750 
526.000000	 0.082597 
524.000000	 0.080924 
522.000000	 0.079175 
520.000000	 0.079424 
518.000000	 0.080350 
516.000000	 0.080127 
514.000000	 0.080977 
512.000000	 0.083304 
510.000000	 0.084567 
508.000000	 0.083561 
506.000000	 0.081978 
504.000000	 0.080698 
502.000000	 0.078558 
500.000000	 0.075815 
498.000000	 0.073253 
496.000000	 0.070724 
494.000000	 0.068775 
492.000000	 0.067878 
490.000000	 0.066194 
488.000000	 0.064172 
486.000000	 0.062281 
484.000000	 0.060765 
482.000000	 0.057766 
480.000000	 0.055034 
478.000000	 0.053958 
476.000000	 0.053364 
474.000000	 0.051671 
472.000000	 0.049105 
470.000000	 0.046404 
468.000000	 0.043629 
466.000000	 0.041473 
464.000000	 0.039356 
462.000000	 0.036361 
460.000000	 0.034633 
458.000000	 0.033652 
456.000000	 0.030616 
454.000000	 0.029147 
452.000000	 0.029924 
450.000000	 0.028544 

