4400.000000	1.675334  
4398.000000	1.677753  
4396.000000	1.688305  
4394.000000	1.691936  
4392.000000	1.683324  
4390.000000	1.680532  
4388.000000	1.684174  
4386.000000	1.677807  
4384.000000	1.674228  
4382.000000	1.674389  
4380.000000	1.682222  
4378.000000	1.687382  
4376.000000	1.674135  
4374.000000	1.670649  
4372.000000	1.678384  
4370.000000	1.680170  
4368.000000	1.676070  
4366.000000	1.680453  
4364.000000	1.683274  
4362.000000	1.669506  
4360.000000	1.664372  
4358.000000	1.671173  
4356.000000	1.675074  
4354.000000	1.673314  
4352.000000	1.675413  
4350.000000	1.676316  
4348.000000	1.666010  
4346.000000	1.664076  
4344.000000	1.675579  
4342.000000	1.681933  
4340.000000	1.678345  
4338.000000	1.674609  
4336.000000	1.671872  
4334.000000	1.670877  
4332.000000	1.678345  
4330.000000	1.679734  
4328.000000	1.673392  
4326.000000	1.674370  
4324.000000	1.679883  
4322.000000	1.689498  
4320.000000	1.694859  
4318.000000	1.683334  
4316.000000	1.676965  
4314.000000	1.680066  
4312.000000	1.683294  
4310.000000	1.678621  
4308.000000	1.681316  
4306.000000	1.679704  
4304.000000	1.676129  
4302.000000	1.678700  
4300.000000	1.681302  
4298.000000	1.678364  
4296.000000	1.679585  
4294.000000	1.680557  
4292.000000	1.681844  
4290.000000	1.681471  
4288.000000	1.682441  
4286.000000	1.685602  
4284.000000	1.680433  
4282.000000	1.678177  
4280.000000	1.683814  
4278.000000	1.681401  
4276.000000	1.686129  
4274.000000	1.689139  
4272.000000	1.679016  
4270.000000	1.668641  
4268.000000	1.668472  
4266.000000	1.676670  
4264.000000	1.679739  
4262.000000	1.685622  
4260.000000	1.680949  
4258.000000	1.680448  
4256.000000	1.682646  
4254.000000	1.684729  
4252.000000	1.685336  
4250.000000	1.689691  
4248.000000	1.686527  
4246.000000	1.679378  
4244.000000	1.678132  
4242.000000	1.676552  
4240.000000	1.678434  
4238.000000	1.685908  
4236.000000	1.691849  
4234.000000	1.688254  
4232.000000	1.683454  
4230.000000	1.681834  
4228.000000	1.677743  
4226.000000	1.676350  
4224.000000	1.678547  
4222.000000	1.683429  
4220.000000	1.688284  
4218.000000	1.688663  
4216.000000	1.683759  
4214.000000	1.678735  
4212.000000	1.676965  
4210.000000	1.679640  
4208.000000	1.683514  
4206.000000	1.688916  
4204.000000	1.687988  
4202.000000	1.685406  
4200.000000	1.686446  
4198.000000	1.689033  
4196.000000	1.685391  
4194.000000	1.680492  
4192.000000	1.687196  
4190.000000	1.685221  
4188.000000	1.683659  
4186.000000	1.690807  
4184.000000	1.693262  
4182.000000	1.685838  
4180.000000	1.682361  
4178.000000	1.681799  
4176.000000	1.679793  
4174.000000	1.681366  
4172.000000	1.684669  
4170.000000	1.687100  
4168.000000	1.685266  
4166.000000	1.682431  
4164.000000	1.684014  
4162.000000	1.688416  
4160.000000	1.686708  
4158.000000	1.681660  
4156.000000	1.687236  
4154.000000	1.684985  
4152.000000	1.678478  
4150.000000	1.686672  
4148.000000	1.691921  
4146.000000	1.693855  
4144.000000	1.687993  
4142.000000	1.678735  
4140.000000	1.681849  
4138.000000	1.692884  
4136.000000	1.692497  
4134.000000	1.683964  
4132.000000	1.680815  
4130.000000	1.690101  
4128.000000	1.689579  
4126.000000	1.684850  
4124.000000	1.687856  
4122.000000	1.679561  
4120.000000	1.670469  
4118.000000	1.671221  
4116.000000	1.675570  
4114.000000	1.682631  
4112.000000	1.689068  
4110.000000	1.688684  
4108.000000	1.690142  
4106.000000	1.684980  
4104.000000	1.676724  
4102.000000	1.678824  
4100.000000	1.683219  
4098.000000	1.684990  
4096.000000	1.688143  
4094.000000	1.692706  
4092.000000	1.688214  
4090.000000	1.681774  
4088.000000	1.688098  
4086.000000	1.692716  
4084.000000	1.685642  
4082.000000	1.676542  
4080.000000	1.673358  
4078.000000	1.676409  
4076.000000	1.677906  
4074.000000	1.674604  
4072.000000	1.673915  
4070.000000	1.676571  
4068.000000	1.679838  
4066.000000	1.686074  
4064.000000	1.685311  
4062.000000	1.678873  
4060.000000	1.672988  
4058.000000	1.672476  
4056.000000	1.682312  
4054.000000	1.690243  
4052.000000	1.686662  
4050.000000	1.679962  
4048.000000	1.680309  
4046.000000	1.683499  
4044.000000	1.677629  
4042.000000	1.673998  
4040.000000	1.677250  
4038.000000	1.680795  
4036.000000	1.685923  
4034.000000	1.682825  
4032.000000	1.674203  
4030.000000	1.670387  
4028.000000	1.672846  
4026.000000	1.675977  
4024.000000	1.677728  
4022.000000	1.677654  
4020.000000	1.672953  
4018.000000	1.676380  
4016.000000	1.680125  
4014.000000	1.683654  
4012.000000	1.681814  
4010.000000	1.670629  
4008.000000	1.671600  
4006.000000	1.675099  
4004.000000	1.668086  
4002.000000	1.666538  
4000.000000	1.671008  
3998.000000	1.673056  
3996.000000	1.677048  
3994.000000	1.679546  
3992.000000	1.670814  
3990.000000	1.663288  
3988.000000	1.667216  
3986.000000	1.675422  
3984.000000	1.672695  
3982.000000	1.668728  
3980.000000	1.674252  
3978.000000	1.676660  
3976.000000	1.670809  
3974.000000	1.664946  
3972.000000	1.669694  
3970.000000	1.671800  
3968.000000	1.671566  
3966.000000	1.672340  
3964.000000	1.668409  
3962.000000	1.673261  
3960.000000	1.673690  
3958.000000	1.672549  
3956.000000	1.671693  
3954.000000	1.669902  
3952.000000	1.669124  
3950.000000	1.670174  
3948.000000	1.672296  
3946.000000	1.671134  
3944.000000	1.670484  
3942.000000	1.670828  
3940.000000	1.671936  
3938.000000	1.671197  
3936.000000	1.670149  
3934.000000	1.668105  
3932.000000	1.668713  
3930.000000	1.668269  
3928.000000	1.668800  
3926.000000	1.676026  
3924.000000	1.673768  
3922.000000	1.657317  
3920.000000	1.654285  
3918.000000	1.665928  
3916.000000	1.677605  
3914.000000	1.680363  
3912.000000	1.676483  
3910.000000	1.670629  
3908.000000	1.662483  
3906.000000	1.651385  
3904.000000	1.651905  
3902.000000	1.660470  
3900.000000	1.666173  
3898.000000	1.678389  
3896.000000	1.682237  
3894.000000	1.669124  
3892.000000	1.667259  
3890.000000	1.672622  
3888.000000	1.660925  
3886.000000	1.664061  
3884.000000	1.678305  
3882.000000	1.675525  
3880.000000	1.675511  
3878.000000	1.678735  
3876.000000	1.671294  
3874.000000	1.670179  
3872.000000	1.667533  
3870.000000	1.665669  
3868.000000	1.669370  
3866.000000	1.664372  
3864.000000	1.671877  
3862.000000	1.684089  
3860.000000	1.687151  
3858.000000	1.675050  
3856.000000	1.648693  
3854.000000	1.653869  
3852.000000	1.684424  
3850.000000	1.688315  
3848.000000	1.682770  
3846.000000	1.673749  
3844.000000	1.669370  
3842.000000	1.668303  
3840.000000	1.663837  
3838.000000	1.669327  
3836.000000	1.675535  
3834.000000	1.677058  
3832.000000	1.677822  
3830.000000	1.677477  
3828.000000	1.676350  
3826.000000	1.677915  
3824.000000	1.672495  
3822.000000	1.666471  
3820.000000	1.680160  
3818.000000	1.682800  
3816.000000	1.680081  
3814.000000	1.683914  
3812.000000	1.678231  
3810.000000	1.663083  
3808.000000	1.650917  
3806.000000	1.655267  
3804.000000	1.659817  
3802.000000	1.662574  
3800.000000	1.675736  
3798.000000	1.675653  
3796.000000	1.675344  
3794.000000	1.683194  
3792.000000	1.675717  
3790.000000	1.668342  
3788.000000	1.673212  
3786.000000	1.677117  
3784.000000	1.670208  
3782.000000	1.662493  
3780.000000	1.668718  
3778.000000	1.677319  
3776.000000	1.675256  
3774.000000	1.671046  
3772.000000	1.671741  
3770.000000	1.678261  
3768.000000	1.684349  
3766.000000	1.683404  
3764.000000	1.674781  
3762.000000	1.661765  
3760.000000	1.660285  
3758.000000	1.668665  
3756.000000	1.671459  
3754.000000	1.665439  
3752.000000	1.665037  
3750.000000	1.681316  
3748.000000	1.671970  
3746.000000	1.648077  
3744.000000	1.662036  
3742.000000	1.679546  
3740.000000	1.670324  
3738.000000	1.662274  
3736.000000	1.668694  
3734.000000	1.686245  
3732.000000	1.692629  
3730.000000	1.686687  
3728.000000	1.676960  
3726.000000	1.669428  
3724.000000	1.670159  
3722.000000	1.677255  
3720.000000	1.680820  
3718.000000	1.685667  
3716.000000	1.684729  
3714.000000	1.666951  
3712.000000	1.658980  
3710.000000	1.672929  
3708.000000	1.679858  
3706.000000	1.679590  
3704.000000	1.674913  
3702.000000	1.671309  
3700.000000	1.673392  
3698.000000	1.667288  
3696.000000	1.669027  
3694.000000	1.670935  
3692.000000	1.662840  
3690.000000	1.663584  
3688.000000	1.667750  
3686.000000	1.669990  
3684.000000	1.668110  
3682.000000	1.671838  
3680.000000	1.674820  
3678.000000	1.665923  
3676.000000	1.660030  
3674.000000	1.672330  
3672.000000	1.675609  
3670.000000	1.680795  
3668.000000	1.694357  
3666.000000	1.691809  
3664.000000	1.682232  
3662.000000	1.680458  
3660.000000	1.681326  
3658.000000	1.670780  
3656.000000	1.667649  
3654.000000	1.671323  
3652.000000	1.661889  
3650.000000	1.663851  
3648.000000	1.684664  
3646.000000	1.687932  
3644.000000	1.674262  
3642.000000	1.665875  
3640.000000	1.662993  
3638.000000	1.662150  
3636.000000	1.666778  
3634.000000	1.670343  
3632.000000	1.666423  
3630.000000	1.663117  
3628.000000	1.681491  
3626.000000	1.689078  
3624.000000	1.678419  
3622.000000	1.670464  
3620.000000	1.679100  
3618.000000	1.689838  
3616.000000	1.686441  
3614.000000	1.677117  
3612.000000	1.675383  
3610.000000	1.675790  
3608.000000	1.672330  
3606.000000	1.679937  
3604.000000	1.678513  
3602.000000	1.671712  
3600.000000	1.665760  
3598.000000	1.657491  
3596.000000	1.660058  
3594.000000	1.676832  
3592.000000	1.682347  
3590.000000	1.674957  
3588.000000	1.671595  
3586.000000	1.675844  
3584.000000	1.676645  
3582.000000	1.674771  
3580.000000	1.672797  
3578.000000	1.673534  
3576.000000	1.672096  
3574.000000	1.668771  
3572.000000	1.668168  
3570.000000	1.667866  
3568.000000	1.671571  
3566.000000	1.676139  
3564.000000	1.672052  
3562.000000	1.665482  
3560.000000	1.665161  
3558.000000	1.668115  
3556.000000	1.664525  
3554.000000	1.657190  
3552.000000	1.657218  
3550.000000	1.663717  
3548.000000	1.668009  
3546.000000	1.672919  
3544.000000	1.676404  
3542.000000	1.672481  
3540.000000	1.668795  
3538.000000	1.666792  
3536.000000	1.665530  
3534.000000	1.667379  
3532.000000	1.665018  
3530.000000	1.663641  
3528.000000	1.668607  
3526.000000	1.670983  
3524.000000	1.667495  
3522.000000	1.669100  
3520.000000	1.673632  
3518.000000	1.669738  
3516.000000	1.670590  
3514.000000	1.667495  
3512.000000	1.661665  
3510.000000	1.670363  
3508.000000	1.676370  
3506.000000	1.674458  
3504.000000	1.676281  
3502.000000	1.679195  
3500.000000	1.674746  
3498.000000	1.668067  
3496.000000	1.668163  
3494.000000	1.667139  
3492.000000	1.664879  
3490.000000	1.664238  
3488.000000	1.660678  
3486.000000	1.658735  
3484.000000	1.661665  
3482.000000	1.664573  
3480.000000	1.667692  
3478.000000	1.669941  
3476.000000	1.674991  
3474.000000	1.674233  
3472.000000	1.664932  
3470.000000	1.659377  
3468.000000	1.655126  
3466.000000	1.650931  
3464.000000	1.655997  
3462.000000	1.665698  
3460.000000	1.667158  
3458.000000	1.668361  
3456.000000	1.671027  
3454.000000	1.665597  
3452.000000	1.663293  
3450.000000	1.668115  
3448.000000	1.672437  
3446.000000	1.673583  
3444.000000	1.671965  
3442.000000	1.671882  
3440.000000	1.671003  
3438.000000	1.668351  
3436.000000	1.667505  
3434.000000	1.666716  
3432.000000	1.666298  
3430.000000	1.662740  
3428.000000	1.656246  
3426.000000	1.657618  
3424.000000	1.661347  
3422.000000	1.665693  
3420.000000	1.661993  
3418.000000	1.663021  
3416.000000	1.667466  
3414.000000	1.664649  
3412.000000	1.663589  
3410.000000	1.668226  
3408.000000	1.672442  
3406.000000	1.668289  
3404.000000	1.667105  
3402.000000	1.670222  
3400.000000	1.669709  
3398.000000	1.669351  
3396.000000	1.667514  
3394.000000	1.665736  
3392.000000	1.669815  
3390.000000	1.666634  
3388.000000	1.659613  
3386.000000	1.661889  
3384.000000	1.664640  
3382.000000	1.665022  
3380.000000	1.666159  
3378.000000	1.668776  
3376.000000	1.664157  
3374.000000	1.666240  
3372.000000	1.666077  
3370.000000	1.663245  
3368.000000	1.662578  
3366.000000	1.662150  
3364.000000	1.664386  
3362.000000	1.661532  
3360.000000	1.663880  
3358.000000	1.661751  
3356.000000	1.656058  
3354.000000	1.658315  
3352.000000	1.664310  
3350.000000	1.664955  
3348.000000	1.663866  
3346.000000	1.665530  
3344.000000	1.666389  
3342.000000	1.664233  
3340.000000	1.663345  
3338.000000	1.664549  
3336.000000	1.665506  
3334.000000	1.668559  
3332.000000	1.669032  
3330.000000	1.664496  
3328.000000	1.658065  
3326.000000	1.655388  
3324.000000	1.660148  
3322.000000	1.667297  
3320.000000	1.668216  
3318.000000	1.661157  
3316.000000	1.655145  
3314.000000	1.658570  
3312.000000	1.661077  
3310.000000	1.664975  
3308.000000	1.668057  
3306.000000	1.669951  
3304.000000	1.668453  
3302.000000	1.667091  
3300.000000	1.664874  
3298.000000	1.661499  
3296.000000	1.663665  
3294.000000	1.664845  
3292.000000	1.663799  
3290.000000	1.666692  
3288.000000	1.669535  
3286.000000	1.661195  
3284.000000	1.653557  
3282.000000	1.656077  
3280.000000	1.657063  
3278.000000	1.656007  
3276.000000	1.654981  
3274.000000	1.655112  
3272.000000	1.656180  
3270.000000	1.656476  
3268.000000	1.654495  
3266.000000	1.655369  
3264.000000	1.660366  
3262.000000	1.668178  
3260.000000	1.665919  
3258.000000	1.657721  
3256.000000	1.656584  
3254.000000	1.659731  
3252.000000	1.659264  
3250.000000	1.660603  
3248.000000	1.661941  
3246.000000	1.657467  
3244.000000	1.653515  
3242.000000	1.656621  
3240.000000	1.658928  
3238.000000	1.652118  
3236.000000	1.650037  
3234.000000	1.656969  
3232.000000	1.659353  
3230.000000	1.657213  
3228.000000	1.660200  
3226.000000	1.662198  
3224.000000	1.658192  
3222.000000	1.654808  
3220.000000	1.652644  
3218.000000	1.650296  
3216.000000	1.652923  
3214.000000	1.655777  
3212.000000	1.655955  
3210.000000	1.657731  
3208.000000	1.657312  
3206.000000	1.654163  
3204.000000	1.655103  
3202.000000	1.658023  
3200.000000	1.659098  
3198.000000	1.659065  
3196.000000	1.656279  
3194.000000	1.652802  
3192.000000	1.650935  
3190.000000	1.654672  
3188.000000	1.656776  
3186.000000	1.654126  
3184.000000	1.651909  
3182.000000	1.650176  
3180.000000	1.649265  
3178.000000	1.649908  
3176.000000	1.652040  
3174.000000	1.654897  
3172.000000	1.651005  
3170.000000	1.644839  
3168.000000	1.651009  
3166.000000	1.655126  
3164.000000	1.656438  
3162.000000	1.658268  
3160.000000	1.648451  
3158.000000	1.641344  
3156.000000	1.645274  
3154.000000	1.653366  
3152.000000	1.658659  
3150.000000	1.659864  
3148.000000	1.657604  
3146.000000	1.650792  
3144.000000	1.645937  
3142.000000	1.648615  
3140.000000	1.649482  
3138.000000	1.648538  
3136.000000	1.647052  
3134.000000	1.644771  
3132.000000	1.642474  
3130.000000	1.644300  
3128.000000	1.650829  
3126.000000	1.654378  
3124.000000	1.654383  
3122.000000	1.652742  
3120.000000	1.652583  
3118.000000	1.653380  
3116.000000	1.650615  
3114.000000	1.646799  
3112.000000	1.646845  
3110.000000	1.646208  
3108.000000	1.643197  
3106.000000	1.642247  
3104.000000	1.644999  
3102.000000	1.646134  
3100.000000	1.647341  
3098.000000	1.648239  
3096.000000	1.647337  
3094.000000	1.647903  
3092.000000	1.646901  
3090.000000	1.645104  
3088.000000	1.646772  
3086.000000	1.651728  
3084.000000	1.652611  
3082.000000	1.650463  
3080.000000	1.653673  
3078.000000	1.655009  
3076.000000	1.648460  
3074.000000	1.641679  
3072.000000	1.640990  
3070.000000	1.647553  
3068.000000	1.654135  
3066.000000	1.652695  
3064.000000	1.645274  
3062.000000	1.644095  
3060.000000	1.649390  
3058.000000	1.648087  
3056.000000	1.645059  
3054.000000	1.648206  
3052.000000	1.651130  
3050.000000	1.652137  
3048.000000	1.649469  
3046.000000	1.649843  
3044.000000	1.652728  
3042.000000	1.650685  
3040.000000	1.649062  
3038.000000	1.651552  
3036.000000	1.653189  
3034.000000	1.651622  
3032.000000	1.646698  
3030.000000	1.642815  
3028.000000	1.649284  
3026.000000	1.656856  
3024.000000	1.656978  
3022.000000	1.653589  
3020.000000	1.647213  
3018.000000	1.645013  
3016.000000	1.649344  
3014.000000	1.649408  
3012.000000	1.648670  
3010.000000	1.652016  
3008.000000	1.648592  
3006.000000	1.646066  
3004.000000	1.650833  
3002.000000	1.648942  
3000.000000	1.648610  
2998.000000	1.655632  
2996.000000	1.658056  
2994.000000	1.654163  
2992.000000	1.649810  
2990.000000	1.645608  
2988.000000	1.646666  
2986.000000	1.650467  
2984.000000	1.654789  
2982.000000	1.653594  
2980.000000	1.653547  
2978.000000	1.656711  
2976.000000	1.655786  
2974.000000	1.653860  
2972.000000	1.651436  
2970.000000	1.653091  
2968.000000	1.656246  
2966.000000	1.657251  
2964.000000	1.657745  
2962.000000	1.657166  
2960.000000	1.659018  
2958.000000	1.657491  
2956.000000	1.654565  
2954.000000	1.655716  
2952.000000	1.658650  
2950.000000	1.659963  
2948.000000	1.655796  
2946.000000	1.652439  
2944.000000	1.648606  
2942.000000	1.649288  
2940.000000	1.657496  
2938.000000	1.659273  
2936.000000	1.663145  
2934.000000	1.667119  
2932.000000	1.662702  
2930.000000	1.664018  
2928.000000	1.662183  
2926.000000	1.660015  
2924.000000	1.666730  
2922.000000	1.670881  
2920.000000	1.670251  
2918.000000	1.669046  
2916.000000	1.665094  
2914.000000	1.662788  
2912.000000	1.665018  
2910.000000	1.663632  
2908.000000	1.661229  
2906.000000	1.662193  
2904.000000	1.658716  
2902.000000	1.649487  
2900.000000	1.646235  
2898.000000	1.647732  
2896.000000	1.646061  
2894.000000	1.640777  
2892.000000	1.641113  
2890.000000	1.641997  
2888.000000	1.637575  
2886.000000	1.637854  
2884.000000	1.643534  
2882.000000	1.645255  
2880.000000	1.643698  
2878.000000	1.645672  
2876.000000	1.649889  
2874.000000	1.648280  
2872.000000	1.642306  
2870.000000	1.637180  
2868.000000	1.640266  
2866.000000	1.646790  
2864.000000	1.647190  
2862.000000	1.645118  
2860.000000	1.646102  
2858.000000	1.645924  
2856.000000	1.643899  
2854.000000	1.648197  
2852.000000	1.653739  
2850.000000	1.652309  
2848.000000	1.651598  
2846.000000	1.652179  
2844.000000	1.647369  
2842.000000	1.643917  
2840.000000	1.642592  
2838.000000	1.639200  
2836.000000	1.636511  
2834.000000	1.637485  
2832.000000	1.638011  
2830.000000	1.631767  
2828.000000	1.630452  
2826.000000	1.635074  
2824.000000	1.634646  
2822.000000	1.630452  
2820.000000	1.630047  
2818.000000	1.628857  
2816.000000	1.629721  
2814.000000	1.632815  
2812.000000	1.631563  
2810.000000	1.629354  
2808.000000	1.629332  
2806.000000	1.630047  
2804.000000	1.631253  
2802.000000	1.634088  
2800.000000	1.636942  
2798.000000	1.636816  
2796.000000	1.633870  
2794.000000	1.635110  
2792.000000	1.634302  
2790.000000	1.627695  
2788.000000	1.623873  
2786.000000	1.627849  
2784.000000	1.633625  
2782.000000	1.632895  
2780.000000	1.630302  
2778.000000	1.630549  
2776.000000	1.633077  
2774.000000	1.635817  
2772.000000	1.633206  
2770.000000	1.630052  
2768.000000	1.631227  
2766.000000	1.633625  
2764.000000	1.636906  
2762.000000	1.633451  
2760.000000	1.630762  
2758.000000	1.637701  
2756.000000	1.642383  
2754.000000	1.637238  
2752.000000	1.633358  
2750.000000	1.634253  
2748.000000	1.637224  
2746.000000	1.637894  
2744.000000	1.632446  
2742.000000	1.631390  
2740.000000	1.636242  
2738.000000	1.635477  
2736.000000	1.629990  
2734.000000	1.629650  
2732.000000	1.630333  
2730.000000	1.627436  
2728.000000	1.624945  
2726.000000	1.629655  
2724.000000	1.632562  
2722.000000	1.631275  
2720.000000	1.632962  
2718.000000	1.630819  
2716.000000	1.624622  
2714.000000	1.624439  
2712.000000	1.625740  
2710.000000	1.627546  
2708.000000	1.631829  
2706.000000	1.632837  
2704.000000	1.631851  
2702.000000	1.629981  
2700.000000	1.626292  
2698.000000	1.625072  
2696.000000	1.626918  
2694.000000	1.626388  
2692.000000	1.626331  
2690.000000	1.630025  
2688.000000	1.633349  
2686.000000	1.632069  
2684.000000	1.628817  
2682.000000	1.624090  
2680.000000	1.621727  
2678.000000	1.622842  
2676.000000	1.622859  
2674.000000	1.617948  
2672.000000	1.614972  
2670.000000	1.618777  
2668.000000	1.624814  
2666.000000	1.624805  
2664.000000	1.623242  
2662.000000	1.620247  
2660.000000	1.614154  
2658.000000	1.617806  
2656.000000	1.623842  
2654.000000	1.623124  
2652.000000	1.618881  
2650.000000	1.614943  
2648.000000	1.613758  
2646.000000	1.619993  
2644.000000	1.623698  
2642.000000	1.621346  
2640.000000	1.619109  
2638.000000	1.619643  
2636.000000	1.617501  
2634.000000	1.613673  
2632.000000	1.617175  
2630.000000	1.621060  
2628.000000	1.623159  
2626.000000	1.623894  
2624.000000	1.621073  
2622.000000	1.617166  
2620.000000	1.617046  
2618.000000	1.620295  
2616.000000	1.620032  
2614.000000	1.619544  
2612.000000	1.619777  
2610.000000	1.620792  
2608.000000	1.620485  
2606.000000	1.622685  
2604.000000	1.618820  
2602.000000	1.616010  
2600.000000	1.620917  
2598.000000	1.621744  
2596.000000	1.619850  
2594.000000	1.616755  
2592.000000	1.616644  
2590.000000	1.621073  
2588.000000	1.619320  
2586.000000	1.612096  
2584.000000	1.611317  
2582.000000	1.612836  
2580.000000	1.611587  
2578.000000	1.615433  
2576.000000	1.620351  
2574.000000	1.617655  
2572.000000	1.610822  
2570.000000	1.610214  
2568.000000	1.613656  
2566.000000	1.615288  
2564.000000	1.613652  
2562.000000	1.610864  
2560.000000	1.611964  
2558.000000	1.616622  
2556.000000	1.619613  
2554.000000	1.614648  
2552.000000	1.612333  
2550.000000	1.615869  
2548.000000	1.615519  
2546.000000	1.610054  
2544.000000	1.602336  
2542.000000	1.596385  
2540.000000	1.597855  
2538.000000	1.601260  
2536.000000	1.604900  
2534.000000	1.607941  
2532.000000	1.606608  
2530.000000	1.605801  
2528.000000	1.610788  
2526.000000	1.611634  
2524.000000	1.608382  
2522.000000	1.608096  
2520.000000	1.610003  
2518.000000	1.608130  
2516.000000	1.605513  
2514.000000	1.605234  
2512.000000	1.600731  
2510.000000	1.596859  
2508.000000	1.598750  
2506.000000	1.606504  
2504.000000	1.608668  
2502.000000	1.608059  
2500.000000	1.605601  
2498.000000	1.602962  
2496.000000	1.602274  
2494.000000	1.602672  
2492.000000	1.605634  
2490.000000	1.601975  
2488.000000	1.597535  
2486.000000	1.597416  
2484.000000	1.597625  
2482.000000	1.600331  
2480.000000	1.600834  
2478.000000	1.598894  
2476.000000	1.602033  
2474.000000	1.603253  
2472.000000	1.600001  
2470.000000	1.600331  
2468.000000	1.598524  
2466.000000	1.595813  
2464.000000	1.599066  
2462.000000	1.603560  
2460.000000	1.602908  
2458.000000	1.597137  
2456.000000	1.596099  
2454.000000	1.597900  
2452.000000	1.595801  
2450.000000	1.592355  
2448.000000	1.594645  
2446.000000	1.597375  
2444.000000	1.595260  
2442.000000	1.593860  
2440.000000	1.594502  
2438.000000	1.594006  
2436.000000	1.598774  
2434.000000	1.600595  
2432.000000	1.595972  
2430.000000	1.595572  
2428.000000	1.598577  
2426.000000	1.601545  
2424.000000	1.598713  
2422.000000	1.594226  
2420.000000	1.594270  
2418.000000	1.594775  
2416.000000	1.593381  
2414.000000	1.591582  
2412.000000	1.592614  
2410.000000	1.593697  
2408.000000	1.592679  
2406.000000	1.592233  
2404.000000	1.592582  
2402.000000	1.591602  
2400.000000	1.590049  
2398.000000	1.589682  
2396.000000	1.589457  
2394.000000	1.592411  
2392.000000	1.592776  
2390.000000	1.594246  
2388.000000	1.593953  
2386.000000	1.591630  
2384.000000	1.591105  
2382.000000	1.593239  
2380.000000	1.594254  
2378.000000	1.593308  
2376.000000	1.602220  
2374.000000	1.614214  
2372.000000	1.617385  
2370.000000	1.616845  
2368.000000	1.624579  
2366.000000	1.638713  
2364.000000	1.644643  
2362.000000	1.645292  
2360.000000	1.646139  
2358.000000	1.643844  
2356.000000	1.636928  
2354.000000	1.628980  
2352.000000	1.626769  
2350.000000	1.622824  
2348.000000	1.609779  
2346.000000	1.610822  
2344.000000	1.619316  
2342.000000	1.624989  
2340.000000	1.629500  
2338.000000	1.634088  
2336.000000	1.636901  
2334.000000	1.629302  
2332.000000	1.623894  
2330.000000	1.619126  
2328.000000	1.617729  
2326.000000	1.620321  
2324.000000	1.618795  
2322.000000	1.616455  
2320.000000	1.615237  
2318.000000	1.611842  
2316.000000	1.604575  
2314.000000	1.598458  
2312.000000	1.598129  
2310.000000	1.600574  
2308.000000	1.601946  
2306.000000	1.601280  
2304.000000	1.594429  
2302.000000	1.592164  
2300.000000	1.597236  
2298.000000	1.597330  
2296.000000	1.591436  
2294.000000	1.589288  
2292.000000	1.588264  
2290.000000	1.584863  
2288.000000	1.586730  
2286.000000	1.585771  
2284.000000	1.584537  
2282.000000	1.586166  
2280.000000	1.591194  
2278.000000	1.594189  
2276.000000	1.592160  
2274.000000	1.590012  
2272.000000	1.585983  
2270.000000	1.584485  
2268.000000	1.586083  
2266.000000	1.586155  
2264.000000	1.588834  
2262.000000	1.591651  
2260.000000	1.590238  
2258.000000	1.586854  
2256.000000	1.587046  
2254.000000	1.590875  
2252.000000	1.592059  
2250.000000	1.586047  
2248.000000	1.582014  
2246.000000	1.586158  
2244.000000	1.590427  
2242.000000	1.590399  
2240.000000	1.588850  
2238.000000	1.589368  
2236.000000	1.592825  
2234.000000	1.593901  
2232.000000	1.588629  
2230.000000	1.586666  
2228.000000	1.588027  
2226.000000	1.588577  
2224.000000	1.587402  
2222.000000	1.584433  
2220.000000	1.586638  
2218.000000	1.590875  
2216.000000	1.590710  
2214.000000	1.588653  
2212.000000	1.592343  
2210.000000	1.598088  
2208.000000	1.596867  
2206.000000	1.591041  
2204.000000	1.588914  
2202.000000	1.588316  
2200.000000	1.588095  
2198.000000	1.591922  
2196.000000	1.592456  
2194.000000	1.585385  
2192.000000	1.581331  
2190.000000	1.583885  
2188.000000	1.587767  
2186.000000	1.591465  
2184.000000	1.591833  
2182.000000	1.591756  
2180.000000	1.593356  
2178.000000	1.594291  
2176.000000	1.596499  
2174.000000	1.600665  
2172.000000	1.600083  
2170.000000	1.598655  
2168.000000	1.604155  
2166.000000	1.609063  
2164.000000	1.610801  
2162.000000	1.617145  
2160.000000	1.626112  
2158.000000	1.634753  
2156.000000	1.647728  
2154.000000	1.670275  
2152.000000	1.697993  
2150.000000	1.727611  
2148.000000	1.754271  
2146.000000	1.777063  
2144.000000	1.789832  
2142.000000	1.798949  
2140.000000	1.813396  
2138.000000	1.823630  
2136.000000	1.830955  
2134.000000	1.832029  
2132.000000	1.829610  
2130.000000	1.838285  
2128.000000	1.852397  
2126.000000	1.873000  
2124.000000	1.901006  
2122.000000	1.931836  
2120.000000	1.956610  
2118.000000	1.982108  
2116.000000	2.004684  
2114.000000	2.023978  
2112.000000	2.046652  
2110.000000	2.063305  
2108.000000	2.066551  
2106.000000	2.060988  
2104.000000	2.040359  
2102.000000	2.017075  
2100.000000	2.005973  
2098.000000	2.001743  
2096.000000	1.996156  
2094.000000	1.995879  
2092.000000	2.007929  
2090.000000	2.029693  
2088.000000	2.039428  
2086.000000	2.027857  
2084.000000	2.014360  
2082.000000	2.015699  
2080.000000	2.009271  
2078.000000	1.987556  
2076.000000	1.966551  
2074.000000	1.938156  
2072.000000	1.900191  
2070.000000	1.859299  
2068.000000	1.813356  
2066.000000	1.762688  
2064.000000	1.719499  
2062.000000	1.684739  
2060.000000	1.657232  
2058.000000	1.631900  
2056.000000	1.613002  
2054.000000	1.600223  
2052.000000	1.591574  
2050.000000	1.586886  
2048.000000	1.583012  
2046.000000	1.578386  
2044.000000	1.573302  
2042.000000	1.571627  
2040.000000	1.570277  
2038.000000	1.567633  
2036.000000	1.566984  
2034.000000	1.567477  
2032.000000	1.564568  
2030.000000	1.560626  
2028.000000	1.558879  
2026.000000	1.560382  
2024.000000	1.561836  
2022.000000	1.556322  
2020.000000	1.552751  
2018.000000	1.555451  
2016.000000	1.558831  
2014.000000	1.560175  
2012.000000	1.557498  
2010.000000	1.550962  
2008.000000	1.547536  
2006.000000	1.551106  
2004.000000	1.553284  
2002.000000	1.552748  
2000.000000	1.552061  
1998.000000	1.551316  
1996.000000	1.550285  
1994.000000	1.545408  
1992.000000	1.543250  
1990.000000	1.547605  
1988.000000	1.549988  
1986.000000	1.546795  
1984.000000	1.541900  
1982.000000	1.541658  
1980.000000	1.543717  
1978.000000	1.542264  
1976.000000	1.542401  
1974.000000	1.545702  
1972.000000	1.546448  
1970.000000	1.542856  
1968.000000	1.539329  
1966.000000	1.542903  
1964.000000	1.543453  
1962.000000	1.541262  
1960.000000	1.536802  
1958.000000	1.533635  
1956.000000	1.538742  
1954.000000	1.540546  
1952.000000	1.538144  
1950.000000	1.536610  
1948.000000	1.535759  
1946.000000	1.532422  
1944.000000	1.531048  
1942.000000	1.536457  
1940.000000	1.541579  
1938.000000	1.537716  
1936.000000	1.531566  
1934.000000	1.530521  
1932.000000	1.531091  
1930.000000	1.528527  
1928.000000	1.528349  
1926.000000	1.528587  
1924.000000	1.527148  
1922.000000	1.529448  
1920.000000	1.527891  
1918.000000	1.530848  
1916.000000	1.536453  
1914.000000	1.533015  
1912.000000	1.527361  
1910.000000	1.523649  
1908.000000	1.526101  
1906.000000	1.525416  
1904.000000	1.523954  
1902.000000	1.522865  
1900.000000	1.522010  
1898.000000	1.522014  
1896.000000	1.520975  
1894.000000	1.523238  
1892.000000	1.522248  
1890.000000	1.520518  
1888.000000	1.522145  
1886.000000	1.519000  
1884.000000	1.515704  
1882.000000	1.516013  
1880.000000	1.517285  
1878.000000	1.516329  
1876.000000	1.514937  
1874.000000	1.514138  
1872.000000	1.511387  
1870.000000	1.510591  
1868.000000	1.522496  
1866.000000	1.525097  
1864.000000	1.519959  
1862.000000	1.517227  
1860.000000	1.516550  
1858.000000	1.515219  
1856.000000	1.509954  
1854.000000	1.507825  
1852.000000	1.509998  
1850.000000	1.508463  
1848.000000	1.506564  
1846.000000	1.496819  
1844.000000	1.500064  
1842.000000	1.516258  
1840.000000	1.508206  
1838.000000	1.498512  
1836.000000	1.499580  
1834.000000	1.499355  
1832.000000	1.495019  
1830.000000	1.500926  
1828.000000	1.507379  
1826.000000	1.501048  
1824.000000	1.503601  
1822.000000	1.502807  
1820.000000	1.497333  
1818.000000	1.496137  
1816.000000	1.496238  
1814.000000	1.493788  
1812.000000	1.490218  
1810.000000	1.492927  
1808.000000	1.491950  
1806.000000	1.490711  
1804.000000	1.488790  
1802.000000	1.486943  
1800.000000	1.491885  
1798.000000	1.488691  
1796.000000	1.482774  
1794.000000	1.476572  
1792.000000	1.486131  
1790.000000	1.496527  
1788.000000	1.488888  
1786.000000	1.482195  
1784.000000	1.482815  
1782.000000	1.480205  
1780.000000	1.481862  
1778.000000	1.482944  
1776.000000	1.476160  
1774.000000	1.469887  
1772.000000	1.481545  
1770.000000	1.489335  
1768.000000	1.485190  
1766.000000	1.486702  
1764.000000	1.477787  
1762.000000	1.475801  
1760.000000	1.481273  
1758.000000	1.476079  
1756.000000	1.481844  
1754.000000	1.476027  
1752.000000	1.467423  
1750.000000	1.478481  
1748.000000	1.481944  
1746.000000	1.478356  
1744.000000	1.474573  
1742.000000	1.475417  
1740.000000	1.481332  
1738.000000	1.489518  
1736.000000	1.469408  
1734.000000	1.480005  
1732.000000	1.497850  
1730.000000	1.481916  
1728.000000	1.476730  
1726.000000	1.472986  
1724.000000	1.472368  
1722.000000	1.471089  
1720.000000	1.457884  
1718.000000	1.463481  
1716.000000	1.486305  
1714.000000	1.483356  
1712.000000	1.474721  
1710.000000	1.466813  
1708.000000	1.455369  
1706.000000	1.454177  
1704.000000	1.459321  
1702.000000	1.438810  
1700.000000	1.459709  
1698.000000	1.465372  
1696.000000	1.456368  
1694.000000	1.470593  
1692.000000	1.455514  
1690.000000	1.447135  
1688.000000	1.444952  
1686.000000	1.429419  
1684.000000	1.454964  
1682.000000	1.472497  
1680.000000	1.450507  
1678.000000	1.437342  
1676.000000	1.431488  
1674.000000	1.446784  
1672.000000	1.434718  
1670.000000	1.428821  
1668.000000	1.447892  
1666.000000	1.440648  
1664.000000	1.427132  
1662.000000	1.435304  
1660.000000	1.437856  
1658.000000	1.428740  
1656.000000	1.408359  
1654.000000	1.403727  
1652.000000	1.458487  
1650.000000	1.442304  
1648.000000	1.415584  
1646.000000	1.433668  
1644.000000	1.439037  
1642.000000	1.424375  
1640.000000	1.416463  
1638.000000	1.403037  
1636.000000	1.413210  
1634.000000	1.443007  
1632.000000	1.430040  
1630.000000	1.412420  
1628.000000	1.408977  
1626.000000	1.410205  
1624.000000	1.409173  
1622.000000	1.420896  
1620.000000	1.412535  
1618.000000	1.398147  
1616.000000	1.415764  
1614.000000	1.419833  
1612.000000	1.405137  
1610.000000	1.401159  
1608.000000	1.403876  
1606.000000	1.404632  
1604.000000	1.403006  
1602.000000	1.401670  
1600.000000	1.401605  
1598.000000	1.400002  
1596.000000	1.395789  
1594.000000	1.394345  
1592.000000	1.396829  
1590.000000	1.397102  
1588.000000	1.394363  
1586.000000	1.391571  
1584.000000	1.390852  
1582.000000	1.390232  
1580.000000	1.387325  
1578.000000	1.373787  
1576.000000	1.386554  
1574.000000	1.398925  
1572.000000	1.380272  
1570.000000	1.378461  
1568.000000	1.391714  
1566.000000	1.383529  
1564.000000	1.377962  
1562.000000	1.363942  
1560.000000	1.354304  
1558.000000	1.408770  
1556.000000	1.403294  
1554.000000	1.384549  
1552.000000	1.377334  
1550.000000	1.375128  
1548.000000	1.373540  
1546.000000	1.363605  
1544.000000	1.361253  
1542.000000	1.360120  
1540.000000	1.382454  
1538.000000	1.396465  
1536.000000	1.369388  
1534.000000	1.358184  
1532.000000	1.370259  
1530.000000	1.358597  
1528.000000	1.350935  
1526.000000	1.356310  
1524.000000	1.353773  
1522.000000	1.353540  
1520.000000	1.370480  
1518.000000	1.361096  
1516.000000	1.359722  
1514.000000	1.352926  
1512.000000	1.345299  
1510.000000	1.339100  
1508.000000	1.332944  
1506.000000	1.369209  
1504.000000	1.371018  
1502.000000	1.347645  
1500.000000	1.337156  
1498.000000	1.339426  
1496.000000	1.351186  
1494.000000	1.351677  
1492.000000	1.339999  
1490.000000	1.344330  
1488.000000	1.353787  
1486.000000	1.350065  
1484.000000	1.340613  
1482.000000	1.335309  
1480.000000	1.335185  
1478.000000	1.330542  
1476.000000	1.329396  
1474.000000	1.329438  
1472.000000	1.347560  
1470.000000	1.348914  
1468.000000	1.330137  
1466.000000	1.322803  
1464.000000	1.336435  
1462.000000	1.334116  
1460.000000	1.316051  
1458.000000	1.316752  
1456.000000	1.351809  
1454.000000	1.348339  
1452.000000	1.330717  
1450.000000	1.322292  
1448.000000	1.319732  
1446.000000	1.319736  
1444.000000	1.314143  
1442.000000	1.312363  
1440.000000	1.305221  
1438.000000	1.296790  
1436.000000	1.310145  
1434.000000	1.309196  
1432.000000	1.295665  
1430.000000	1.294532  
1428.000000	1.295216  
1426.000000	1.286334  
1424.000000	1.282206  
1422.000000	1.277903  
1420.000000	1.275721  
1418.000000	1.288157  
1416.000000	1.282779  
1414.000000	1.273279  
1412.000000	1.270168  
1410.000000	1.267678  
1408.000000	1.263309  
1406.000000	1.260952  
1404.000000	1.264371  
1402.000000	1.262884  
1400.000000	1.257087  
1398.000000	1.255688  
1396.000000	1.252125  
1394.000000	1.255538  
1392.000000	1.255134  
1390.000000	1.246449  
1388.000000	1.242707  
1386.000000	1.243152  
1384.000000	1.238242  
1382.000000	1.234952  
1380.000000	1.235689  
1378.000000	1.233405  
1376.000000	1.227371  
1374.000000	1.227978  
1372.000000	1.228619  
1370.000000	1.223022  
1368.000000	1.220361  
1366.000000	1.217398  
1364.000000	1.210606  
1362.000000	1.211284  
1360.000000	1.210439  
1358.000000	1.206287  
1356.000000	1.200954  
1354.000000	1.198679  
1352.000000	1.195966  
1350.000000	1.194073  
1348.000000	1.194039  
1346.000000	1.191815  
1344.000000	1.186785  
1342.000000	1.182266  
1340.000000	1.182147  
1338.000000	1.182563  
1336.000000	1.180534  
1334.000000	1.178378  
1332.000000	1.176225  
1330.000000	1.174122  
1328.000000	1.172599  
1326.000000	1.169777  
1324.000000	1.166307  
1322.000000	1.164586  
1320.000000	1.162764  
1318.000000	1.160988  
1316.000000	1.159164  
1314.000000	1.157271  
1312.000000	1.155389  
1310.000000	1.153373  
1308.000000	1.151819  
1306.000000	1.148753  
1304.000000	1.145608  
1302.000000	1.143317  
1300.000000	1.141333  
1298.000000	1.139529  
1296.000000	1.137034  
1294.000000	1.133470  
1292.000000	1.130827  
1290.000000	1.128334  
1288.000000	1.126203  
1286.000000	1.123400  
1284.000000	1.120471  
1282.000000	1.118522  
1280.000000	1.116344  
1278.000000	1.112664  
1276.000000	1.108506  
1274.000000	1.106288  
1272.000000	1.104590  
1270.000000	1.100947  
1268.000000	1.096298  
1266.000000	1.092178  
1264.000000	1.090082  
1262.000000	1.089336  
1260.000000	1.087119  
1258.000000	1.082922  
1256.000000	1.079719  
1254.000000	1.076587  
1252.000000	1.073405  
1250.000000	1.070785  
1248.000000	1.068071  
1246.000000	1.065225  
1244.000000	1.062644  
1242.000000	1.059591  
1240.000000	1.055524  
1238.000000	1.052707  
1236.000000	1.050255  
1234.000000	1.046693  
1232.000000	1.043884  
1230.000000	1.042443  
1228.000000	1.040231  
1226.000000	1.036643  
1224.000000	1.033134  
1222.000000	1.030353  
1220.000000	1.027917  
1218.000000	1.025248  
1216.000000	1.022439  
1214.000000	1.019351  
1212.000000	1.016250  
1210.000000	1.012732  
1208.000000	1.008965  
1206.000000	1.006011  
1204.000000	1.003226  
1202.000000	1.000770  
1200.000000	0.999261  
1198.000000	0.996196  
1196.000000	0.992680  
1194.000000	0.990779  
1192.000000	0.988873  
1190.000000	0.986436  
1188.000000	0.984405  
1186.000000	0.982063  
1184.000000	0.979191  
1182.000000	0.976358  
1180.000000	0.974408  
1178.000000	0.971647  
1176.000000	0.968008  
1174.000000	0.965301  
1172.000000	0.962939  
1170.000000	0.960818  
1168.000000	0.958027  
1166.000000	0.955191  
1164.000000	0.953292  
1162.000000	0.951138  
1160.000000	0.948038  
1158.000000	0.945117  
1156.000000	0.941882  
1154.000000	0.937854  
1152.000000	0.934340  
1150.000000	0.931941  
1148.000000	0.929273  
1146.000000	0.927192  
1144.000000	0.924751  
1142.000000	0.921579  
1140.000000	0.919221  
1138.000000	0.916131  
1136.000000	0.912890  
1134.000000	0.911185  
1132.000000	0.909980  
1130.000000	0.907447  
1128.000000	0.904891  
1126.000000	0.903214  
1124.000000	0.900263  
1122.000000	0.896774  
1120.000000	0.894117  
1118.000000	0.891955  
1116.000000	0.889971  
1114.000000	0.887733  
1112.000000	0.883636  
1110.000000	0.880226  
1108.000000	0.877700  
1106.000000	0.874256  
1104.000000	0.871153  
1102.000000	0.868197  
1100.000000	0.864899  
1098.000000	0.861776  
1096.000000	0.858479  
1094.000000	0.855193  
1092.000000	0.852118  
1090.000000	0.847593  
1088.000000	0.842690  
1086.000000	0.838989  
1084.000000	0.835779  
1082.000000	0.832559  
1080.000000	0.829516  
1078.000000	0.826107  
1076.000000	0.823130  
1074.000000	0.819651  
1072.000000	0.816416  
1070.000000	0.813555  
1068.000000	0.810591  
1066.000000	0.806931  
1064.000000	0.802671  
1062.000000	0.799259  
1060.000000	0.795872  
1058.000000	0.792844  
1056.000000	0.789731  
1054.000000	0.785644  
1052.000000	0.782427  
1050.000000	0.780614  
1048.000000	0.779151  
1046.000000	0.776336  
1044.000000	0.772386  
1042.000000	0.768555  
1040.000000	0.764849  
1038.000000	0.762123  
1036.000000	0.759715  
1034.000000	0.755970  
1032.000000	0.752207  
1030.000000	0.749570  
1028.000000	0.747118  
1026.000000	0.743368  
1024.000000	0.739081  
1022.000000	0.734867  
1020.000000	0.729940  
1018.000000	0.725641  
1016.000000	0.722361  
1014.000000	0.719016  
1012.000000	0.715190  
1010.000000	0.710518  
1008.000000	0.705948  
1006.000000	0.702574  
1004.000000	0.699604  
1002.000000	0.695729  
1000.000000	0.691299  
998.000000	 0.688081  
996.000000	 0.685644  
994.000000	 0.682349  
992.000000	 0.678866  
990.000000	 0.675261  
988.000000	 0.672213  
986.000000	 0.668964  
984.000000	 0.665440  
982.000000	 0.662579  
980.000000	 0.660146  
978.000000	 0.656813  
976.000000	 0.652822  
974.000000	 0.649120  
972.000000	 0.645967  
970.000000	 0.642005  
968.000000	 0.638605  
966.000000	 0.635557  
964.000000	 0.632259  
962.000000	 0.629015  
960.000000	 0.625980  
958.000000	 0.622790  
956.000000	 0.619601  
954.000000	 0.615627  
952.000000	 0.611969  
950.000000	 0.609399  
948.000000	 0.606029  
946.000000	 0.602300  
944.000000	 0.599184  
942.000000	 0.596673  
940.000000	 0.593981  
938.000000	 0.591128  
936.000000	 0.588229  
934.000000	 0.585349  
932.000000	 0.583352  
930.000000	 0.582757  
928.000000	 0.583449  
926.000000	 0.586119  
924.000000	 0.594113  
922.000000	 0.608867  
920.000000	 0.633373  
918.000000	 0.666289  
916.000000	 0.701616  
914.000000	 0.735795  
912.000000	 0.764541  
910.000000	 0.790207  
908.000000	 0.815011  
906.000000	 0.831632  
904.000000	 0.836153  
902.000000	 0.836104  
900.000000	 0.832487  
898.000000	 0.822063  
896.000000	 0.802298  
894.000000	 0.774198  
892.000000	 0.740311  
890.000000	 0.703418  
888.000000	 0.666649  
886.000000	 0.631997  
884.000000	 0.602656  
882.000000	 0.580447  
880.000000	 0.564433  
878.000000	 0.550597  
876.000000	 0.540044  
874.000000	 0.532809  
872.000000	 0.526823  
870.000000	 0.520962  
868.000000	 0.515481  
866.000000	 0.511473  
864.000000	 0.509569  
862.000000	 0.508218  
860.000000	 0.505185  
858.000000	 0.500267  
856.000000	 0.494537  
854.000000	 0.488606  
852.000000	 0.483478  
850.000000	 0.479108  
848.000000	 0.474905  
846.000000	 0.470529  
844.000000	 0.467086  
842.000000	 0.464005  
840.000000	 0.460157  
838.000000	 0.455778  
836.000000	 0.452047  
834.000000	 0.449491  
832.000000	 0.446939  
830.000000	 0.444317  
828.000000	 0.441288  
826.000000	 0.438355  
824.000000	 0.435871  
822.000000	 0.434143  
820.000000	 0.431779  
818.000000	 0.429768  
816.000000	 0.428433  
814.000000	 0.426612  
812.000000	 0.424208  
810.000000	 0.421447  
808.000000	 0.417797  
806.000000	 0.413402  
804.000000	 0.409081  
802.000000	 0.404083  
800.000000	 0.398939  
798.000000	 0.394526  
796.000000	 0.390480  
794.000000	 0.387101  
792.000000	 0.384117  
790.000000	 0.381130  
788.000000	 0.377567  
786.000000	 0.373401  
784.000000	 0.369399  
782.000000	 0.365602  
780.000000	 0.362094  
778.000000	 0.358414  
776.000000	 0.354684  
774.000000	 0.351341  
772.000000	 0.347871  
770.000000	 0.344129  
768.000000	 0.341111  
766.000000	 0.337839  
764.000000	 0.334503  
762.000000	 0.331024  
760.000000	 0.327645  
758.000000	 0.324347  
756.000000	 0.321261  
754.000000	 0.318178  
752.000000	 0.315718  
750.000000	 0.314033  
748.000000	 0.313118  
746.000000	 0.312708  
744.000000	 0.313547  
742.000000	 0.316809  
740.000000	 0.322224  
738.000000	 0.328337  
736.000000	 0.334111  
734.000000	 0.339260  
732.000000	 0.343940  
730.000000	 0.349564  
728.000000	 0.357857  
726.000000	 0.367938  
724.000000	 0.378302  
722.000000	 0.387917  
720.000000	 0.395951  
718.000000	 0.402391  
716.000000	 0.407903  
714.000000	 0.412722  
712.000000	 0.416478  
710.000000	 0.420183  
708.000000	 0.423836  
706.000000	 0.429422  
704.000000	 0.436943  
702.000000	 0.446051  
700.000000	 0.457232  
698.000000	 0.470926  
696.000000	 0.487387  
694.000000	 0.506587  
692.000000	 0.527235  
690.000000	 0.549699  
688.000000	 0.574434  
686.000000	 0.599104  
684.000000	 0.621026  
682.000000	 0.640806  
680.000000	 0.660685  
678.000000	 0.679702  
676.000000	 0.695983  
674.000000	 0.710077  
672.000000	 0.720404  
670.000000	 0.730205  
668.000000	 0.740506  
666.000000	 0.727545  
664.000000	 0.710901  
662.000000	 0.697317  
660.000000	 0.684913  
658.000000	 0.673365  
656.000000	 0.661653  
654.000000	 0.651450  
652.000000	 0.644360  
650.000000	 0.642078  
648.000000	 0.643430  
646.000000	 0.647321  
644.000000	 0.652811  
642.000000	 0.660962  
640.000000	 0.670855  
638.000000	 0.681669  
636.000000	 0.693259  
634.000000	 0.706793  
632.000000	 0.721265  
630.000000	 0.730742  
628.000000	 0.730691  
626.000000	 0.716595  
624.000000	 0.687176  
622.000000	 0.644585  
620.000000	 0.592996  
618.000000	 0.539963  
616.000000	 0.489915  
614.000000	 0.445839  
612.000000	 0.406955  
610.000000	 0.373197  
608.000000	 0.344365  
606.000000	 0.318195  
604.000000	 0.295984  
602.000000	 0.277068  
600.000000	 0.262580  
598.000000	 0.251068  
596.000000	 0.240229  
594.000000	 0.230186  
592.000000	 0.222314  
590.000000	 0.215589  
588.000000	 0.209569  
586.000000	 0.204110  
584.000000	 0.199368  
582.000000	 0.194483  
580.000000	 0.189235  
578.000000	 0.184009  
576.000000	 0.178587  
574.000000	 0.172119  
572.000000	 0.164515  
570.000000	 0.157224  
568.000000	 0.151006  
566.000000	 0.145879  
564.000000	 0.142143  
562.000000	 0.138716  
560.000000	 0.135128  
558.000000	 0.130953  
556.000000	 0.125977  
554.000000	 0.121793  
552.000000	 0.118924  
550.000000	 0.117227  
548.000000	 0.114887  
546.000000	 0.111175  
544.000000	 0.106828  
542.000000	 0.102720  
540.000000	 0.099044  
538.000000	 0.095517  
536.000000	 0.092229  
534.000000	 0.088982  
532.000000	 0.085243  
530.000000	 0.081292  
528.000000	 0.077245  
526.000000	 0.073369  
524.000000	 0.070050  
522.000000	 0.067795  
520.000000	 0.066750  
518.000000	 0.066729  
516.000000	 0.067012  
514.000000	 0.066628  
512.000000	 0.066056  
510.000000	 0.065083  
508.000000	 0.063675  
506.000000	 0.061964  
504.000000	 0.059528  
502.000000	 0.056315  
500.000000	 0.053654  
498.000000	 0.052023  
496.000000	 0.049913  
494.000000	 0.047343  
492.000000	 0.045513  
490.000000	 0.043851  
488.000000	 0.041691  
486.000000	 0.039303  
484.000000	 0.036988  
482.000000	 0.034023  
480.000000	 0.031257  
478.000000	 0.029041  
476.000000	 0.026516  
474.000000	 0.023489  
472.000000	 0.020456  
470.000000	 0.016123  
468.000000	 0.012011  
466.000000	 0.009041  
464.000000	 0.005948  
462.000000	 0.002345  
460.000000	 -0.000082 
458.000000	 -0.002145 
456.000000	 -0.006113 
454.000000	 -0.008278 
452.000000	 -0.009435 
450.000000	 -0.012586 

