4400.000000	1.706836 
4398.000000	1.710620 
4396.000000	1.708913 
4394.000000	1.704397 
4392.000000	1.707073 
4390.000000	1.715045 
4388.000000	1.709410 
4386.000000	1.702228 
4384.000000	1.703931 
4382.000000	1.698727 
4380.000000	1.697631 
4378.000000	1.704639 
4376.000000	1.710525 
4374.000000	1.705347 
4372.000000	1.702776 
4370.000000	1.717415 
4368.000000	1.718719 
4366.000000	1.703063 
4364.000000	1.691880 
4362.000000	1.691686 
4360.000000	1.697977 
4358.000000	1.706620 
4356.000000	1.707058 
4354.000000	1.698360 
4352.000000	1.695737 
4350.000000	1.698354 
4348.000000	1.694900 
4346.000000	1.693691 
4344.000000	1.704073 
4342.000000	1.706910 
4340.000000	1.702170 
4338.000000	1.707401 
4336.000000	1.711014 
4334.000000	1.707126 
4332.000000	1.705936 
4330.000000	1.705852 
4328.000000	1.708563 
4326.000000	1.708129 
4324.000000	1.707823 
4322.000000	1.708987 
4320.000000	1.706441 
4318.000000	1.708129 
4316.000000	1.709887 
4314.000000	1.704649 
4312.000000	1.695280 
4310.000000	1.696832 
4308.000000	1.709919 
4306.000000	1.716767 
4304.000000	1.717005 
4302.000000	1.722527 
4300.000000	1.721724 
4298.000000	1.714578 
4296.000000	1.700879 
4294.000000	1.697178 
4292.000000	1.702071 
4290.000000	1.701196 
4288.000000	1.702828 
4286.000000	1.703408 
4284.000000	1.697549 
4282.000000	1.693492 
4280.000000	1.693891 
4278.000000	1.700604 
4276.000000	1.698292 
4274.000000	1.691768 
4272.000000	1.695085 
4270.000000	1.693099 
4268.000000	1.689741 
4266.000000	1.693180 
4264.000000	1.695351 
4262.000000	1.698944 
4260.000000	1.703863 
4258.000000	1.704691 
4256.000000	1.710015 
4254.000000	1.710876 
4252.000000	1.702922 
4250.000000	1.702974 
4248.000000	1.706625 
4246.000000	1.706915 
4244.000000	1.705247 
4242.000000	1.704287 
4240.000000	1.706725 
4238.000000	1.705289 
4236.000000	1.702692 
4234.000000	1.696040 
4232.000000	1.690659 
4230.000000	1.690929 
4228.000000	1.690370 
4226.000000	1.691793 
4224.000000	1.703460 
4222.000000	1.702708 
4220.000000	1.689681 
4218.000000	1.684930 
4216.000000	1.685627 
4214.000000	1.692752 
4212.000000	1.702342 
4210.000000	1.699327 
4208.000000	1.696035 
4206.000000	1.696874 
4204.000000	1.691844 
4202.000000	1.691498 
4200.000000	1.697224 
4198.000000	1.698432 
4196.000000	1.695146 
4194.000000	1.687236 
4192.000000	1.690731 
4190.000000	1.698877 
4188.000000	1.704565 
4186.000000	1.702144 
4184.000000	1.696081 
4182.000000	1.696657 
4180.000000	1.692976 
4178.000000	1.692196 
4176.000000	1.707211 
4174.000000	1.706704 
4172.000000	1.689929 
4170.000000	1.684279 
4168.000000	1.689574 
4166.000000	1.692512 
4164.000000	1.693063 
4162.000000	1.700354 
4160.000000	1.704319 
4158.000000	1.695326 
4156.000000	1.685436 
4154.000000	1.684815 
4152.000000	1.693922 
4150.000000	1.698582 
4148.000000	1.694326 
4146.000000	1.696812 
4144.000000	1.703716 
4142.000000	1.701946 
4140.000000	1.690929 
4138.000000	1.677708 
4136.000000	1.675673 
4134.000000	1.679704 
4132.000000	1.685863 
4130.000000	1.690771 
4128.000000	1.686532 
4126.000000	1.687277 
4124.000000	1.690573 
4122.000000	1.689949 
4120.000000	1.686793 
4118.000000	1.679917 
4116.000000	1.676552 
4114.000000	1.682172 
4112.000000	1.685371 
4110.000000	1.686109 
4108.000000	1.688775 
4106.000000	1.686672 
4104.000000	1.685015 
4102.000000	1.692894 
4100.000000	1.695074 
4098.000000	1.687624 
4096.000000	1.683974 
4094.000000	1.676350 
4092.000000	1.675839 
4090.000000	1.683189 
4088.000000	1.684124 
4086.000000	1.688108 
4084.000000	1.699084 
4082.000000	1.696791 
4080.000000	1.696168 
4078.000000	1.690954 
4076.000000	1.682960 
4074.000000	1.684559 
4072.000000	1.682137 
4070.000000	1.680210 
4068.000000	1.685326 
4066.000000	1.687962 
4064.000000	1.686471 
4062.000000	1.685306 
4060.000000	1.689615 
4058.000000	1.694613 
4056.000000	1.693252 
4054.000000	1.689118 
4052.000000	1.684890 
4050.000000	1.683739 
4048.000000	1.685231 
4046.000000	1.684134 
4044.000000	1.690883 
4042.000000	1.696596 
4040.000000	1.689184 
4038.000000	1.681451 
4036.000000	1.678359 
4034.000000	1.672257 
4032.000000	1.676783 
4030.000000	1.688830 
4028.000000	1.691422 
4026.000000	1.687251 
4024.000000	1.685211 
4022.000000	1.685963 
4020.000000	1.690188 
4018.000000	1.696575 
4016.000000	1.695536 
4014.000000	1.692997 
4012.000000	1.691117 
4010.000000	1.690035 
4008.000000	1.686265 
4006.000000	1.676753 
4004.000000	1.674869 
4002.000000	1.686939 
4000.000000	1.700406 
3998.000000	1.705552 
3996.000000	1.694895 
3994.000000	1.681431 
3992.000000	1.679031 
3990.000000	1.683914 
3988.000000	1.688078 
3986.000000	1.691396 
3984.000000	1.690995 
3982.000000	1.687968 
3980.000000	1.687786 
3978.000000	1.689417 
3976.000000	1.686174 
3974.000000	1.679551 
3972.000000	1.683974 
3970.000000	1.685160 
3968.000000	1.685873 
3966.000000	1.691396 
3964.000000	1.688866 
3962.000000	1.689058 
3960.000000	1.706094 
3958.000000	1.706515 
3956.000000	1.692879 
3954.000000	1.686416 
3952.000000	1.685747 
3950.000000	1.687670 
3948.000000	1.686738 
3946.000000	1.686330 
3944.000000	1.683614 
3942.000000	1.683789 
3940.000000	1.689493 
3938.000000	1.687478 
3936.000000	1.684374 
3934.000000	1.681073 
3932.000000	1.677516 
3930.000000	1.682222 
3928.000000	1.686793 
3926.000000	1.686109 
3924.000000	1.687619 
3922.000000	1.683369 
3920.000000	1.680562 
3918.000000	1.683045 
3916.000000	1.690137 
3914.000000	1.695891 
3912.000000	1.695695 
3910.000000	1.692160 
3908.000000	1.672870 
3906.000000	1.666730 
3904.000000	1.684274 
3902.000000	1.686099 
3900.000000	1.681859 
3898.000000	1.689012 
3896.000000	1.689853 
3894.000000	1.672588 
3892.000000	1.671241 
3890.000000	1.693446 
3888.000000	1.694900 
3886.000000	1.695608 
3884.000000	1.704660 
3882.000000	1.700282 
3880.000000	1.700090 
3878.000000	1.694695 
3876.000000	1.676792 
3874.000000	1.675403 
3872.000000	1.674360 
3870.000000	1.683139 
3868.000000	1.702285 
3866.000000	1.696271 
3864.000000	1.696076 
3862.000000	1.701649 
3860.000000	1.702040 
3858.000000	1.692609 
3856.000000	1.674502 
3854.000000	1.683459 
3852.000000	1.709130 
3850.000000	1.704827 
3848.000000	1.696204 
3846.000000	1.691656 
3844.000000	1.687912 
3842.000000	1.686350 
3840.000000	1.682112 
3838.000000	1.684850 
3836.000000	1.693134 
3834.000000	1.697368 
3832.000000	1.699037 
3830.000000	1.699068 
3828.000000	1.691468 
3826.000000	1.686677 
3824.000000	1.680984 
3822.000000	1.676596 
3820.000000	1.687645 
3818.000000	1.683949 
3816.000000	1.686476 
3814.000000	1.698479 
3812.000000	1.692354 
3810.000000	1.686692 
3808.000000	1.680696 
3806.000000	1.682222 
3804.000000	1.685376 
3802.000000	1.687030 
3800.000000	1.697528 
3798.000000	1.698541 
3796.000000	1.696498 
3794.000000	1.697502 
3792.000000	1.699332 
3790.000000	1.703099 
3788.000000	1.697678 
3786.000000	1.687423 
3784.000000	1.683889 
3782.000000	1.682616 
3780.000000	1.687055 
3778.000000	1.695028 
3776.000000	1.695829 
3774.000000	1.690614 
3772.000000	1.686682 
3770.000000	1.689493 
3768.000000	1.694116 
3766.000000	1.694972 
3764.000000	1.694536 
3762.000000	1.689093 
3760.000000	1.689767 
3758.000000	1.699296 
3756.000000	1.700874 
3754.000000	1.690507 
3752.000000	1.694065 
3750.000000	1.720461 
3748.000000	1.725152 
3746.000000	1.712998 
3744.000000	1.745000 
3742.000000	1.759886 
3740.000000	1.735725 
3738.000000	1.725818 
3736.000000	1.736769 
3734.000000	1.742309 
3732.000000	1.747736 
3730.000000	1.755685 
3728.000000	1.751745 
3726.000000	1.753337 
3724.000000	1.755632 
3722.000000	1.752669 
3720.000000	1.755685 
3718.000000	1.760757 
3716.000000	1.758068 
3714.000000	1.751307 
3712.000000	1.757718 
3710.000000	1.769076 
3708.000000	1.775467 
3706.000000	1.776964 
3704.000000	1.763901 
3702.000000	1.763234 
3700.000000	1.783474 
3698.000000	1.789679 
3696.000000	1.787155 
3694.000000	1.788507 
3692.000000	1.780304 
3690.000000	1.782764 
3688.000000	1.811990 
3686.000000	1.833537 
3684.000000	1.837586 
3682.000000	1.822638 
3680.000000	1.805692 
3678.000000	1.786356 
3676.000000	1.783373 
3674.000000	1.827677 
3672.000000	1.850926 
3670.000000	1.849532 
3668.000000	1.855860 
3666.000000	1.856135 
3664.000000	1.849796 
3662.000000	1.852324 
3660.000000	1.854940 
3658.000000	1.851683 
3656.000000	1.852486 
3654.000000	1.852936 
3652.000000	1.837793 
3650.000000	1.839793 
3648.000000	1.870773 
3646.000000	1.894054 
3644.000000	1.888997 
3642.000000	1.876757 
3640.000000	1.878037 
3638.000000	1.877944 
3636.000000	1.882377 
3634.000000	1.881580 
3632.000000	1.870534 
3630.000000	1.841946 
3628.000000	1.859666 
3626.000000	1.892725 
3624.000000	1.886805 
3622.000000	1.867304 
3620.000000	1.867937 
3618.000000	1.883112 
3616.000000	1.887860 
3614.000000	1.892273 
3612.000000	1.883112 
3610.000000	1.863218 
3608.000000	1.865401 
3606.000000	1.878789 
3604.000000	1.883476 
3602.000000	1.878953 
3600.000000	1.872383 
3598.000000	1.879416 
3596.000000	1.893195 
3594.000000	1.895524 
3592.000000	1.900067 
3590.000000	1.892507 
3588.000000	1.896078 
3586.000000	1.912203 
3584.000000	1.904748 
3582.000000	1.899155 
3580.000000	1.895174 
3578.000000	1.892030 
3576.000000	1.901724 
3574.000000	1.908732 
3572.000000	1.902608 
3570.000000	1.892030 
3568.000000	1.895622 
3566.000000	1.907174 
3564.000000	1.907910 
3562.000000	1.898147 
3560.000000	1.901319 
3558.000000	1.909984 
3556.000000	1.903843 
3554.000000	1.907994 
3552.000000	1.918879 
3550.000000	1.913151 
3548.000000	1.913227 
3546.000000	1.919274 
3544.000000	1.911392 
3542.000000	1.908204 
3540.000000	1.912237 
3538.000000	1.910708 
3536.000000	1.910127 
3534.000000	1.909648 
3532.000000	1.909681 
3530.000000	1.903751 
3528.000000	1.908950 
3526.000000	1.925578 
3524.000000	1.933538 
3522.000000	1.939730 
3520.000000	1.926976 
3518.000000	1.906932 
3516.000000	1.909135 
3514.000000	1.919394 
3512.000000	1.915389 
3510.000000	1.908606 
3508.000000	1.916250 
3506.000000	1.926504 
3504.000000	1.926845 
3502.000000	1.928589 
3500.000000	1.923125 
3498.000000	1.912355 
3496.000000	1.918064 
3494.000000	1.935801 
3492.000000	1.942886 
3490.000000	1.934615 
3488.000000	1.926407 
3486.000000	1.925325 
3484.000000	1.926198 
3482.000000	1.930614 
3480.000000	1.945098 
3478.000000	1.935203 
3476.000000	1.919111 
3474.000000	1.925238 
3472.000000	1.938605 
3470.000000	1.938272 
3468.000000	1.931046 
3466.000000	1.938515 
3464.000000	1.948045 
3462.000000	1.940903 
3460.000000	1.924872 
3458.000000	1.913586 
3456.000000	1.906297 
3454.000000	1.911848 
3452.000000	1.924002 
3450.000000	1.929398 
3448.000000	1.927510 
3446.000000	1.925386 
3444.000000	1.923550 
3442.000000	1.925412 
3440.000000	1.931332 
3438.000000	1.931686 
3436.000000	1.921861 
3434.000000	1.914350 
3432.000000	1.914087 
3430.000000	1.916626 
3428.000000	1.924367 
3426.000000	1.929398 
3424.000000	1.932846 
3422.000000	1.931553 
3420.000000	1.934098 
3418.000000	1.932190 
3416.000000	1.918647 
3414.000000	1.920186 
3412.000000	1.928923 
3410.000000	1.933352 
3408.000000	1.933139 
3406.000000	1.926530 
3404.000000	1.922259 
3402.000000	1.930041 
3400.000000	1.934650 
3398.000000	1.929961 
3396.000000	1.931748 
3394.000000	1.924733 
3392.000000	1.920704 
3390.000000	1.924890 
3388.000000	1.923880 
3386.000000	1.920634 
3384.000000	1.919188 
3382.000000	1.919549 
3380.000000	1.920522 
3378.000000	1.922544 
3376.000000	1.911476 
3374.000000	1.907584 
3372.000000	1.918441 
3370.000000	1.926801 
3368.000000	1.919635 
3366.000000	1.912270 
3364.000000	1.917053 
3362.000000	1.916720 
3360.000000	1.911729 
3358.000000	1.908204 
3356.000000	1.912127 
3354.000000	1.913892 
3352.000000	1.911805 
3350.000000	1.908766 
3348.000000	1.907584 
3346.000000	1.917815 
3344.000000	1.920565 
3342.000000	1.911941 
3340.000000	1.910953 
3338.000000	1.913134 
3336.000000	1.910506 
3334.000000	1.909160 
3332.000000	1.910557 
3330.000000	1.908036 
3328.000000	1.907542 
3326.000000	1.901889 
3324.000000	1.892725 
3322.000000	1.894435 
3320.000000	1.899278 
3318.000000	1.896529 
3316.000000	1.892725 
3314.000000	1.889390 
3312.000000	1.888276 
3310.000000	1.886869 
3308.000000	1.893567 
3306.000000	1.901633 
3304.000000	1.892555 
3302.000000	1.882487 
3300.000000	1.888668 
3298.000000	1.895419 
3296.000000	1.890354 
3294.000000	1.880784 
3292.000000	1.879580 
3290.000000	1.882985 
3288.000000	1.884443 
3286.000000	1.882290 
3284.000000	1.877186 
3282.000000	1.881753 
3280.000000	1.882487 
3278.000000	1.870266 
3276.000000	1.864103 
3274.000000	1.867609 
3272.000000	1.877038 
3270.000000	1.880226 
3268.000000	1.881083 
3266.000000	1.878820 
3264.000000	1.872352 
3262.000000	1.868296 
3260.000000	1.869360 
3258.000000	1.872614 
3256.000000	1.871804 
3254.000000	1.874758 
3252.000000	1.871843 
3250.000000	1.865196 
3248.000000	1.867266 
3246.000000	1.866131 
3244.000000	1.853718 
3242.000000	1.851492 
3240.000000	1.853785 
3238.000000	1.853911 
3236.000000	1.852685 
3234.000000	1.853046 
3232.000000	1.853135 
3230.000000	1.848186 
3228.000000	1.843626 
3226.000000	1.853187 
3224.000000	1.859718 
3222.000000	1.848178 
3220.000000	1.843713 
3218.000000	1.848164 
3216.000000	1.847143 
3214.000000	1.850397 
3212.000000	1.859449 
3210.000000	1.851146 
3208.000000	1.838835 
3206.000000	1.842148 
3204.000000	1.848127 
3202.000000	1.848954 
3200.000000	1.838100 
3198.000000	1.831460 
3196.000000	1.833777 
3194.000000	1.832571 
3192.000000	1.830723 
3190.000000	1.831453 
3188.000000	1.828653 
3186.000000	1.825863 
3184.000000	1.822493 
3182.000000	1.821964 
3180.000000	1.827851 
3178.000000	1.830408 
3176.000000	1.826606 
3174.000000	1.819666 
3172.000000	1.816052 
3170.000000	1.814422 
3168.000000	1.817675 
3166.000000	1.821346 
3164.000000	1.822108 
3162.000000	1.825891 
3160.000000	1.824465 
3158.000000	1.820523 
3156.000000	1.817308 
3154.000000	1.818833 
3152.000000	1.817764 
3150.000000	1.819134 
3148.000000	1.820126 
3146.000000	1.811755 
3144.000000	1.806227 
3142.000000	1.807853 
3140.000000	1.804338 
3138.000000	1.803159 
3136.000000	1.804100 
3134.000000	1.801058 
3132.000000	1.796687 
3130.000000	1.791981 
3128.000000	1.789405 
3126.000000	1.787478 
3124.000000	1.788685 
3122.000000	1.788247 
3120.000000	1.788845 
3118.000000	1.792321 
3116.000000	1.788787 
3114.000000	1.783744 
3112.000000	1.781404 
3110.000000	1.782977 
3108.000000	1.781660 
3106.000000	1.778627 
3104.000000	1.775535 
3102.000000	1.772190 
3100.000000	1.776005 
3098.000000	1.780254 
3096.000000	1.778546 
3094.000000	1.778372 
3092.000000	1.785288 
3090.000000	1.786635 
3088.000000	1.782783 
3086.000000	1.774659 
3084.000000	1.766390 
3082.000000	1.763156 
3080.000000	1.764436 
3078.000000	1.768256 
3076.000000	1.764894 
3074.000000	1.760238 
3072.000000	1.757120 
3070.000000	1.758733 
3068.000000	1.761838 
3066.000000	1.759125 
3064.000000	1.752493 
3062.000000	1.750082 
3060.000000	1.748049 
3058.000000	1.747591 
3056.000000	1.752166 
3054.000000	1.747916 
3052.000000	1.742132 
3050.000000	1.740233 
3048.000000	1.747893 
3046.000000	1.745881 
3044.000000	1.741498 
3042.000000	1.747632 
3040.000000	1.743839 
3038.000000	1.742401 
3036.000000	1.745363 
3034.000000	1.745403 
3032.000000	1.742933 
3030.000000	1.739192 
3028.000000	1.736379 
3026.000000	1.735157 
3024.000000	1.735067 
3022.000000	1.735720 
3020.000000	1.739158 
3018.000000	1.744868 
3016.000000	1.745345 
3014.000000	1.741235 
3012.000000	1.739266 
3010.000000	1.738251 
3008.000000	1.726722 
3006.000000	1.722483 
3004.000000	1.727661 
3002.000000	1.728974 
3000.000000	1.726165 
2998.000000	1.727556 
2996.000000	1.730824 
2994.000000	1.737724 
2992.000000	1.737102 
2990.000000	1.731722 
2988.000000	1.733282 
2986.000000	1.735044 
2984.000000	1.732180 
2982.000000	1.733579 
2980.000000	1.739192 
2978.000000	1.738721 
2976.000000	1.734432 
2974.000000	1.733792 
2972.000000	1.733254 
2970.000000	1.733439 
2968.000000	1.739505 
2966.000000	1.742378 
2964.000000	1.738081 
2962.000000	1.734791 
2960.000000	1.736989 
2958.000000	1.740215 
2956.000000	1.737933 
2954.000000	1.734207 
2952.000000	1.731203 
2950.000000	1.734241 
2948.000000	1.743157 
2946.000000	1.743191 
2944.000000	1.740028 
2942.000000	1.738251 
2940.000000	1.740739 
2938.000000	1.738069 
2936.000000	1.736210 
2934.000000	1.738296 
2932.000000	1.736407 
2930.000000	1.737741 
2928.000000	1.738494 
2926.000000	1.730997 
2924.000000	1.719456 
2922.000000	1.722106 
2920.000000	1.728502 
2918.000000	1.726452 
2916.000000	1.721894 
2914.000000	1.719065 
2912.000000	1.716449 
2910.000000	1.712149 
2908.000000	1.706857 
2906.000000	1.705804 
2904.000000	1.711073 
2902.000000	1.710743 
2900.000000	1.700817 
2898.000000	1.698329 
2896.000000	1.699929 
2894.000000	1.698841 
2892.000000	1.698913 
2890.000000	1.692833 
2888.000000	1.696307 
2886.000000	1.705831 
2884.000000	1.696328 
2882.000000	1.689144 
2880.000000	1.692374 
2878.000000	1.688038 
2876.000000	1.688754 
2874.000000	1.693819 
2872.000000	1.691132 
2870.000000	1.688058 
2868.000000	1.686995 
2866.000000	1.691890 
2864.000000	1.696323 
2862.000000	1.687932 
2860.000000	1.684424 
2858.000000	1.690299 
2856.000000	1.693968 
2854.000000	1.691386 
2852.000000	1.681933 
2850.000000	1.676601 
2848.000000	1.679165 
2846.000000	1.677634 
2844.000000	1.672715 
2842.000000	1.669573 
2840.000000	1.665434 
2838.000000	1.663255 
2836.000000	1.664147 
2834.000000	1.661295 
2832.000000	1.660702 
2830.000000	1.664396 
2828.000000	1.669095 
2826.000000	1.670479 
2824.000000	1.668790 
2822.000000	1.664908 
2820.000000	1.665128 
2818.000000	1.664233 
2816.000000	1.661623 
2814.000000	1.661765 
2812.000000	1.659259 
2810.000000	1.656964 
2808.000000	1.660143 
2806.000000	1.661395 
2804.000000	1.658230 
2802.000000	1.655107 
2800.000000	1.655290 
2798.000000	1.653757 
2796.000000	1.652165 
2794.000000	1.652300 
2792.000000	1.652877 
2790.000000	1.659150 
2788.000000	1.658560 
2786.000000	1.648377 
2784.000000	1.641412 
2782.000000	1.645745 
2780.000000	1.655562 
2778.000000	1.657637 
2776.000000	1.652914 
2774.000000	1.651886 
2772.000000	1.652318 
2770.000000	1.646354 
2768.000000	1.646414 
2766.000000	1.647746 
2764.000000	1.644693 
2762.000000	1.641856 
2760.000000	1.641144 
2758.000000	1.639367 
2756.000000	1.640456 
2754.000000	1.645777 
2752.000000	1.647410 
2750.000000	1.646254 
2748.000000	1.645159 
2746.000000	1.643985 
2744.000000	1.641008 
2742.000000	1.637966 
2740.000000	1.640203 
2738.000000	1.642256 
2736.000000	1.639810 
2734.000000	1.636960 
2732.000000	1.637359 
2730.000000	1.639390 
2728.000000	1.638056 
2726.000000	1.637728 
2724.000000	1.641380 
2722.000000	1.640809 
2720.000000	1.640230 
2718.000000	1.644401 
2716.000000	1.644273 
2714.000000	1.637233 
2712.000000	1.629332 
2710.000000	1.630191 
2708.000000	1.633033 
2706.000000	1.632197 
2704.000000	1.629884 
2702.000000	1.632193 
2700.000000	1.636641 
2698.000000	1.633660 
2696.000000	1.628341 
2694.000000	1.628742 
2692.000000	1.630956 
2690.000000	1.629791 
2688.000000	1.629575 
2686.000000	1.628245 
2684.000000	1.626910 
2682.000000	1.631439 
2680.000000	1.629152 
2678.000000	1.625351 
2676.000000	1.632615 
2674.000000	1.633616 
2672.000000	1.629390 
2670.000000	1.629504 
2668.000000	1.627537 
2666.000000	1.626257 
2664.000000	1.627783 
2662.000000	1.626086 
2660.000000	1.627405 
2658.000000	1.629081 
2656.000000	1.624932 
2654.000000	1.623394 
2652.000000	1.622681 
2650.000000	1.621848 
2648.000000	1.621164 
2646.000000	1.619924 
2644.000000	1.618631 
2642.000000	1.621961 
2640.000000	1.624788 
2638.000000	1.620835 
2636.000000	1.618885 
2634.000000	1.619014 
2632.000000	1.617402 
2630.000000	1.617377 
2628.000000	1.620753 
2626.000000	1.623103 
2624.000000	1.623529 
2622.000000	1.624910 
2620.000000	1.627015 
2618.000000	1.623564 
2616.000000	1.620096 
2614.000000	1.620204 
2612.000000	1.619255 
2610.000000	1.618317 
2608.000000	1.617595 
2606.000000	1.616678 
2604.000000	1.614994 
2602.000000	1.614333 
2600.000000	1.614874 
2598.000000	1.613724 
2596.000000	1.611935 
2594.000000	1.613380 
2592.000000	1.613388 
2590.000000	1.611524 
2588.000000	1.611681 
2586.000000	1.615882 
2584.000000	1.617746 
2582.000000	1.614418 
2580.000000	1.611240 
2578.000000	1.608491 
2576.000000	1.612100 
2574.000000	1.617763 
2572.000000	1.616019 
2570.000000	1.614785 
2568.000000	1.615574 
2566.000000	1.612632 
2564.000000	1.611059 
2562.000000	1.612269 
2560.000000	1.612325 
2558.000000	1.614171 
2556.000000	1.618429 
2554.000000	1.618855 
2552.000000	1.614052 
2550.000000	1.611012 
2548.000000	1.610307 
2546.000000	1.610890 
2544.000000	1.612488 
2542.000000	1.611592 
2540.000000	1.607882 
2538.000000	1.608017 
2536.000000	1.608647 
2534.000000	1.609004 
2532.000000	1.610682 
2530.000000	1.609240 
2528.000000	1.608298 
2526.000000	1.609354 
2524.000000	1.608803 
2522.000000	1.611308 
2520.000000	1.612269 
2518.000000	1.609127 
2516.000000	1.607824 
2514.000000	1.608929 
2512.000000	1.611384 
2510.000000	1.612011 
2508.000000	1.611063 
2506.000000	1.607572 
2504.000000	1.605401 
2502.000000	1.606998 
2500.000000	1.609615 
2498.000000	1.611943 
2496.000000	1.609598 
2494.000000	1.605835 
2492.000000	1.604379 
2490.000000	1.607706 
2488.000000	1.608782 
2486.000000	1.607270 
2484.000000	1.608269 
2482.000000	1.609375 
2480.000000	1.608618 
2478.000000	1.605246 
2476.000000	1.603639 
2474.000000	1.605455 
2472.000000	1.607752 
2470.000000	1.609927 
2468.000000	1.610117 
2466.000000	1.606847 
2464.000000	1.602141 
2462.000000	1.596442 
2460.000000	1.596082 
2458.000000	1.601227 
2456.000000	1.606265 
2454.000000	1.606608 
2452.000000	1.601318 
2450.000000	1.599976 
2448.000000	1.603481 
2446.000000	1.606621 
2444.000000	1.608399 
2442.000000	1.606382 
2440.000000	1.601897 
2438.000000	1.597748 
2436.000000	1.594173 
2434.000000	1.593864 
2432.000000	1.599371 
2430.000000	1.602025 
2428.000000	1.600756 
2426.000000	1.598935 
2424.000000	1.599506 
2422.000000	1.601313 
2420.000000	1.597547 
2418.000000	1.594763 
2416.000000	1.594681 
2414.000000	1.595576 
2412.000000	1.597064 
2410.000000	1.598372 
2408.000000	1.600607 
2406.000000	1.599531 
2404.000000	1.600120 
2402.000000	1.603377 
2400.000000	1.603327 
2398.000000	1.601194 
2396.000000	1.601293 
2394.000000	1.602779 
2392.000000	1.602013 
2390.000000	1.598220 
2388.000000	1.599465 
2386.000000	1.600417 
2384.000000	1.597178 
2382.000000	1.595162 
2380.000000	1.594747 
2378.000000	1.591037 
2376.000000	1.587594 
2374.000000	1.585078 
2372.000000	1.581465 
2370.000000	1.581935 
2368.000000	1.581279 
2366.000000	1.578550 
2364.000000	1.577442 
2362.000000	1.579825 
2360.000000	1.587839 
2358.000000	1.589413 
2356.000000	1.592525 
2354.000000	1.603161 
2352.000000	1.609131 
2350.000000	1.608567 
2348.000000	1.598195 
2346.000000	1.587843 
2344.000000	1.589767 
2342.000000	1.591724 
2340.000000	1.591792 
2338.000000	1.595429 
2336.000000	1.603211 
2334.000000	1.605693 
2332.000000	1.603789 
2330.000000	1.613257 
2328.000000	1.620628 
2326.000000	1.619070 
2324.000000	1.619264 
2322.000000	1.621289 
2320.000000	1.620800 
2318.000000	1.624819 
2316.000000	1.630912 
2314.000000	1.635692 
2312.000000	1.640298 
2310.000000	1.642206 
2308.000000	1.648160 
2306.000000	1.655093 
2304.000000	1.657030 
2302.000000	1.660645 
2300.000000	1.665573 
2298.000000	1.670363 
2296.000000	1.676409 
2294.000000	1.682795 
2292.000000	1.688648 
2290.000000	1.699426 
2288.000000	1.714616 
2286.000000	1.728752 
2284.000000	1.740996 
2282.000000	1.752318 
2280.000000	1.765509 
2278.000000	1.780935 
2276.000000	1.800208 
2274.000000	1.815375 
2272.000000	1.829330 
2270.000000	1.850075 
2268.000000	1.864756 
2266.000000	1.865059 
2264.000000	1.868748 
2262.000000	1.881509 
2260.000000	1.887628 
2258.000000	1.895427 
2256.000000	1.904482 
2254.000000	1.903594 
2252.000000	1.903693 
2250.000000	1.899057 
2248.000000	1.886542 
2246.000000	1.875792 
2244.000000	1.869146 
2242.000000	1.863082 
2240.000000	1.856306 
2238.000000	1.843135 
2236.000000	1.822067 
2234.000000	1.807401 
2232.000000	1.799555 
2230.000000	1.787186 
2228.000000	1.773454 
2226.000000	1.767692 
2224.000000	1.762748 
2222.000000	1.762245 
2220.000000	1.762431 
2218.000000	1.757795 
2216.000000	1.760852 
2214.000000	1.766360 
2212.000000	1.767050 
2210.000000	1.768450 
2208.000000	1.766995 
2206.000000	1.762473 
2204.000000	1.763066 
2202.000000	1.763210 
2200.000000	1.759708 
2198.000000	1.756239 
2196.000000	1.751026 
2194.000000	1.745316 
2192.000000	1.740255 
2190.000000	1.732935 
2188.000000	1.724180 
2186.000000	1.719635 
2184.000000	1.713014 
2182.000000	1.705526 
2180.000000	1.703424 
2178.000000	1.699773 
2176.000000	1.688269 
2174.000000	1.681326 
2172.000000	1.682356 
2170.000000	1.686245 
2168.000000	1.683764 
2166.000000	1.676650 
2164.000000	1.674257 
2162.000000	1.675207 
2160.000000	1.674790 
2158.000000	1.678261 
2156.000000	1.679699 
2154.000000	1.673266 
2152.000000	1.669631 
2150.000000	1.668747 
2148.000000	1.666913 
2146.000000	1.664429 
2144.000000	1.662469 
2142.000000	1.660764 
2140.000000	1.658357 
2138.000000	1.656204 
2136.000000	1.654640 
2134.000000	1.647548 
2132.000000	1.642815 
2130.000000	1.640954 
2128.000000	1.636753 
2126.000000	1.633193 
2124.000000	1.632966 
2122.000000	1.633950 
2120.000000	1.629147 
2118.000000	1.622603 
2116.000000	1.620450 
2114.000000	1.621800 
2112.000000	1.620303 
2110.000000	1.614853 
2108.000000	1.610471 
2106.000000	1.610016 
2104.000000	1.604817 
2102.000000	1.599861 
2100.000000	1.599795 
2098.000000	1.599169 
2096.000000	1.599696 
2094.000000	1.598207 
2092.000000	1.593299 
2090.000000	1.589726 
2088.000000	1.589320 
2086.000000	1.588890 
2084.000000	1.584163 
2082.000000	1.581406 
2080.000000	1.583651 
2078.000000	1.581347 
2076.000000	1.574933 
2074.000000	1.571383 
2072.000000	1.568120 
2070.000000	1.566144 
2068.000000	1.565881 
2066.000000	1.566201 
2064.000000	1.565980 
2062.000000	1.562052 
2060.000000	1.556281 
2058.000000	1.555808 
2056.000000	1.554919 
2054.000000	1.553447 
2052.000000	1.551456 
2050.000000	1.547371 
2048.000000	1.544376 
2046.000000	1.543225 
2044.000000	1.541089 
2042.000000	1.538974 
2040.000000	1.539698 
2038.000000	1.542351 
2036.000000	1.541806 
2034.000000	1.539433 
2032.000000	1.540201 
2030.000000	1.540029 
2028.000000	1.539698 
2026.000000	1.539515 
2024.000000	1.537969 
2022.000000	1.537569 
2020.000000	1.536685 
2018.000000	1.533713 
2016.000000	1.532429 
2014.000000	1.529399 
2012.000000	1.526581 
2010.000000	1.527372 
2008.000000	1.530978 
2006.000000	1.533079 
2004.000000	1.532242 
2002.000000	1.532673 
2000.000000	1.529486 
1998.000000	1.526894 
1996.000000	1.528108 
1994.000000	1.528499 
1992.000000	1.531597 
1990.000000	1.533448 
1988.000000	1.528125 
1986.000000	1.525211 
1984.000000	1.527263 
1982.000000	1.528916 
1980.000000	1.529479 
1978.000000	1.527260 
1976.000000	1.523055 
1974.000000	1.522345 
1972.000000	1.522931 
1970.000000	1.519312 
1968.000000	1.516621 
1966.000000	1.521738 
1964.000000	1.525913 
1962.000000	1.523387 
1960.000000	1.520920 
1958.000000	1.523311 
1956.000000	1.524570 
1954.000000	1.525645 
1952.000000	1.523173 
1950.000000	1.519551 
1948.000000	1.517776 
1946.000000	1.516458 
1944.000000	1.514030 
1942.000000	1.518595 
1940.000000	1.520865 
1938.000000	1.516812 
1936.000000	1.516628 
1934.000000	1.518452 
1932.000000	1.519034 
1930.000000	1.518233 
1928.000000	1.519736 
1926.000000	1.518408 
1924.000000	1.515989 
1922.000000	1.518753 
1920.000000	1.513233 
1918.000000	1.513142 
1916.000000	1.521577 
1914.000000	1.520412 
1912.000000	1.515521 
1910.000000	1.514551 
1908.000000	1.518343 
1906.000000	1.516945 
1904.000000	1.512680 
1902.000000	1.510752 
1900.000000	1.510269 
1898.000000	1.509228 
1896.000000	1.507229 
1894.000000	1.511710 
1892.000000	1.509951 
1890.000000	1.507010 
1888.000000	1.512676 
1886.000000	1.513878 
1884.000000	1.510484 
1882.000000	1.508533 
1880.000000	1.508970 
1878.000000	1.509291 
1876.000000	1.507419 
1874.000000	1.506514 
1872.000000	1.500752 
1870.000000	1.495544 
1868.000000	1.505956 
1866.000000	1.511478 
1864.000000	1.506013 
1862.000000	1.500700 
1860.000000	1.500985 
1858.000000	1.502454 
1856.000000	1.504249 
1854.000000	1.504236 
1852.000000	1.505740 
1850.000000	1.505565 
1848.000000	1.500231 
1846.000000	1.490167 
1844.000000	1.497450 
1842.000000	1.509214 
1840.000000	1.503816 
1838.000000	1.502283 
1836.000000	1.502408 
1834.000000	1.500087 
1832.000000	1.488943 
1830.000000	1.487414 
1828.000000	1.495333 
1826.000000	1.491423 
1824.000000	1.494305 
1822.000000	1.495113 
1820.000000	1.490500 
1818.000000	1.489518 
1816.000000	1.492187 
1814.000000	1.489805 
1812.000000	1.487531 
1810.000000	1.492425 
1808.000000	1.490983 
1806.000000	1.486785 
1804.000000	1.483914 
1802.000000	1.480784 
1800.000000	1.482843 
1798.000000	1.481743 
1796.000000	1.475841 
1794.000000	1.467260 
1792.000000	1.477295 
1790.000000	1.487426 
1788.000000	1.478175 
1786.000000	1.472596 
1784.000000	1.477420 
1782.000000	1.473463 
1780.000000	1.471975 
1778.000000	1.473463 
1776.000000	1.466368 
1774.000000	1.456271 
1772.000000	1.463349 
1770.000000	1.471359 
1768.000000	1.471242 
1766.000000	1.473549 
1764.000000	1.460883 
1762.000000	1.461000 
1760.000000	1.471297 
1758.000000	1.465687 
1756.000000	1.467293 
1754.000000	1.461006 
1752.000000	1.451317 
1750.000000	1.462766 
1748.000000	1.468135 
1746.000000	1.462823 
1744.000000	1.454059 
1742.000000	1.450934 
1740.000000	1.457628 
1738.000000	1.466089 
1736.000000	1.443495 
1734.000000	1.451285 
1732.000000	1.475918 
1730.000000	1.467193 
1728.000000	1.465013 
1726.000000	1.459583 
1724.000000	1.456748 
1722.000000	1.455726 
1720.000000	1.440708 
1718.000000	1.439328 
1716.000000	1.461116 
1714.000000	1.463204 
1712.000000	1.453876 
1710.000000	1.446703 
1708.000000	1.440342 
1706.000000	1.437935 
1704.000000	1.437961 
1702.000000	1.413033 
1700.000000	1.430572 
1698.000000	1.442233 
1696.000000	1.436620 
1694.000000	1.451066 
1692.000000	1.433416 
1690.000000	1.421904 
1688.000000	1.418220 
1686.000000	1.397208 
1684.000000	1.415161 
1682.000000	1.444269 
1680.000000	1.430949 
1678.000000	1.420776 
1676.000000	1.412945 
1674.000000	1.423148 
1672.000000	1.412054 
1670.000000	1.406384 
1668.000000	1.424439 
1666.000000	1.420474 
1664.000000	1.407567 
1662.000000	1.416064 
1660.000000	1.421970 
1658.000000	1.413350 
1656.000000	1.390237 
1654.000000	1.376496 
1652.000000	1.432014 
1650.000000	1.419730 
1648.000000	1.392833 
1646.000000	1.415096 
1644.000000	1.426001 
1642.000000	1.416396 
1640.000000	1.409713 
1638.000000	1.393450 
1636.000000	1.394527 
1634.000000	1.427794 
1632.000000	1.426181 
1630.000000	1.410634 
1628.000000	1.404953 
1626.000000	1.404703 
1624.000000	1.403328 
1622.000000	1.415762 
1620.000000	1.407869 
1618.000000	1.390120 
1616.000000	1.404002 
1614.000000	1.409104 
1612.000000	1.393747 
1610.000000	1.387378 
1608.000000	1.386121 
1606.000000	1.382074 
1604.000000	1.377687 
1602.000000	1.375320 
1600.000000	1.371863 
1598.000000	1.366159 
1596.000000	1.363500 
1594.000000	1.361975 
1592.000000	1.359850 
1590.000000	1.358635 
1588.000000	1.356459 
1586.000000	1.352797 
1584.000000	1.352224 
1582.000000	1.350380 
1580.000000	1.343638 
1578.000000	1.330782 
1576.000000	1.345194 
1574.000000	1.356623 
1572.000000	1.335284 
1570.000000	1.328011 
1568.000000	1.340901 
1566.000000	1.336145 
1564.000000	1.331447 
1562.000000	1.312082 
1560.000000	1.292759 
1558.000000	1.343496 
1556.000000	1.345120 
1554.000000	1.333014 
1552.000000	1.326896 
1550.000000	1.322172 
1548.000000	1.322601 
1546.000000	1.313416 
1544.000000	1.302746 
1542.000000	1.291720 
1540.000000	1.308484 
1538.000000	1.331763 
1536.000000	1.312637 
1534.000000	1.302023 
1532.000000	1.315400 
1530.000000	1.307855 
1528.000000	1.296720 
1526.000000	1.297221 
1524.000000	1.294212 
1522.000000	1.286372 
1520.000000	1.301996 
1518.000000	1.298448 
1516.000000	1.302200 
1514.000000	1.303851 
1512.000000	1.294095 
1510.000000	1.279335 
1508.000000	1.266990 
1506.000000	1.299439 
1504.000000	1.307928 
1502.000000	1.290075 
1500.000000	1.278783 
1498.000000	1.279222 
1496.000000	1.291714 
1494.000000	1.293346 
1492.000000	1.280409 
1490.000000	1.283234 
1488.000000	1.294130 
1486.000000	1.293234 
1484.000000	1.284530 
1482.000000	1.278943 
1480.000000	1.279029 
1478.000000	1.273959 
1476.000000	1.274191 
1474.000000	1.272590 
1472.000000	1.283775 
1470.000000	1.288304 
1468.000000	1.277832 
1466.000000	1.272444 
1464.000000	1.280601 
1462.000000	1.278520 
1460.000000	1.262050 
1458.000000	1.258579 
1456.000000	1.288242 
1454.000000	1.287830 
1452.000000	1.274615 
1450.000000	1.269465 
1448.000000	1.269001 
1446.000000	1.271857 
1444.000000	1.265906 
1442.000000	1.259911 
1440.000000	1.252504 
1438.000000	1.244241 
1436.000000	1.256812 
1434.000000	1.256752 
1432.000000	1.244407 
1430.000000	1.243684 
1428.000000	1.245865 
1426.000000	1.238853 
1424.000000	1.235959 
1422.000000	1.230581 
1420.000000	1.227137 
1418.000000	1.240951 
1416.000000	1.239288 
1414.000000	1.231348 
1412.000000	1.227864 
1410.000000	1.225963 
1408.000000	1.221608 
1406.000000	1.218727 
1404.000000	1.221878 
1402.000000	1.216635 
1400.000000	1.210604 
1398.000000	1.213577 
1396.000000	1.209856 
1394.000000	1.211169 
1392.000000	1.211973 
1390.000000	1.205026 
1388.000000	1.203080 
1386.000000	1.205785 
1384.000000	1.202788 
1382.000000	1.198079 
1380.000000	1.194994 
1378.000000	1.192328 
1376.000000	1.188468 
1374.000000	1.190346 
1372.000000	1.191604 
1370.000000	1.188328 
1368.000000	1.186201 
1366.000000	1.181263 
1364.000000	1.176166 
1362.000000	1.178936 
1360.000000	1.179137 
1358.000000	1.173699 
1356.000000	1.170254 
1354.000000	1.169245 
1352.000000	1.165165 
1350.000000	1.162787 
1348.000000	1.163608 
1346.000000	1.161847 
1344.000000	1.158184 
1342.000000	1.153569 
1340.000000	1.150559 
1338.000000	1.150147 
1336.000000	1.148560 
1334.000000	1.148507 
1332.000000	1.148475 
1330.000000	1.148047 
1328.000000	1.147577 
1326.000000	1.146153 
1324.000000	1.144348 
1322.000000	1.141548 
1320.000000	1.139539 
1318.000000	1.139494 
1316.000000	1.138535 
1314.000000	1.136131 
1312.000000	1.134689 
1310.000000	1.133946 
1308.000000	1.132603 
1306.000000	1.129553 
1304.000000	1.126427 
1302.000000	1.125336 
1300.000000	1.125445 
1298.000000	1.124149 
1296.000000	1.122852 
1294.000000	1.122929 
1292.000000	1.123307 
1290.000000	1.121993 
1288.000000	1.120799 
1286.000000	1.119821 
1284.000000	1.117750 
1282.000000	1.116733 
1280.000000	1.116246 
1278.000000	1.117270 
1276.000000	1.118821 
1274.000000	1.119531 
1272.000000	1.120502 
1270.000000	1.122281 
1268.000000	1.123625 
1266.000000	1.123123 
1264.000000	1.124123 
1262.000000	1.125341 
1260.000000	1.124316 
1258.000000	1.124499 
1256.000000	1.126714 
1254.000000	1.129513 
1252.000000	1.131981 
1250.000000	1.135414 
1248.000000	1.141462 
1246.000000	1.148137 
1244.000000	1.154290 
1242.000000	1.161716 
1240.000000	1.171248 
1238.000000	1.182123 
1236.000000	1.193871 
1234.000000	1.207274 
1232.000000	1.223348 
1230.000000	1.240913 
1228.000000	1.259721 
1226.000000	1.279839 
1224.000000	1.299466 
1222.000000	1.318212 
1220.000000	1.339645 
1218.000000	1.363858 
1216.000000	1.387929 
1214.000000	1.411015 
1212.000000	1.433522 
1210.000000	1.455839 
1208.000000	1.479492 
1206.000000	1.499917 
1204.000000	1.520549 
1202.000000	1.543080 
1200.000000	1.563442 
1198.000000	1.583623 
1196.000000	1.605568 
1194.000000	1.626546 
1192.000000	1.640687 
1190.000000	1.653310 
1188.000000	1.669801 
1186.000000	1.689691 
1184.000000	1.704948 
1182.000000	1.715373 
1180.000000	1.736007 
1178.000000	1.753138 
1176.000000	1.762048 
1174.000000	1.772680 
1172.000000	1.785869 
1170.000000	1.802573 
1168.000000	1.814482 
1166.000000	1.820215 
1164.000000	1.828339 
1162.000000	1.835306 
1160.000000	1.844096 
1158.000000	1.853726 
1156.000000	1.858095 
1154.000000	1.860123 
1152.000000	1.867601 
1150.000000	1.887796 
1148.000000	1.897215 
1146.000000	1.899591 
1144.000000	1.902542 
1142.000000	1.902418 
1140.000000	1.904740 
1138.000000	1.909311 
1136.000000	1.906114 
1134.000000	1.908044 
1132.000000	1.922354 
1130.000000	1.936060 
1128.000000	1.943349 
1126.000000	1.947577 
1124.000000	1.949797 
1122.000000	1.951905 
1120.000000	1.962078 
1118.000000	1.980769 
1116.000000	1.990123 
1114.000000	1.993221 
1112.000000	2.008668 
1110.000000	2.028686 
1108.000000	2.036333 
1106.000000	2.036772 
1104.000000	2.047713 
1102.000000	2.072369 
1100.000000	2.091769 
1098.000000	2.093101 
1096.000000	2.088102 
1094.000000	2.104840 
1092.000000	2.134786 
1090.000000	2.162363 
1088.000000	2.182302 
1086.000000	2.185132 
1084.000000	2.193472 
1082.000000	2.225276 
1080.000000	2.272219 
1078.000000	2.300316 
1076.000000	2.311841 
1074.000000	2.302347 
1072.000000	2.305159 
1070.000000	2.334391 
1068.000000	2.327685 
1066.000000	2.291113 
1064.000000	2.274823 
1062.000000	2.282156 
1060.000000	2.287501 
1058.000000	2.262274 
1056.000000	2.230032 
1054.000000	2.209762 
1052.000000	2.196603 
1050.000000	2.189242 
1048.000000	2.192455 
1046.000000	2.187548 
1044.000000	2.159140 
1042.000000	2.112262 
1040.000000	2.067698 
1038.000000	2.044273 
1036.000000	2.023748 
1034.000000	1.972830 
1032.000000	1.919971 
1030.000000	1.881808 
1028.000000	1.841788 
1026.000000	1.793639 
1024.000000	1.735770 
1022.000000	1.683789 
1020.000000	1.639959 
1018.000000	1.590629 
1016.000000	1.534815 
1014.000000	1.478755 
1012.000000	1.425822 
1010.000000	1.374194 
1008.000000	1.323529 
1006.000000	1.274787 
1004.000000	1.229496 
1002.000000	1.188929 
1000.000000	1.151324 
998.000000	 1.115689 
996.000000	 1.085327 
994.000000	 1.060948 
992.000000	 1.040768 
990.000000	 1.028415 
988.000000	 1.024902 
986.000000	 1.024284 
984.000000	 1.016708 
982.000000	 1.003080 
980.000000	 0.988656 
978.000000	 0.972029 
976.000000	 0.953263 
974.000000	 0.933596 
972.000000	 0.912182 
970.000000	 0.892356 
968.000000	 0.878537 
966.000000	 0.868409 
964.000000	 0.859971 
962.000000	 0.853353 
960.000000	 0.848877 
958.000000	 0.846497 
956.000000	 0.846734 
954.000000	 0.850279 
952.000000	 0.856934 
950.000000	 0.865404 
948.000000	 0.875363 
946.000000	 0.885607 
944.000000	 0.893311 
942.000000	 0.897825 
940.000000	 0.897927 
938.000000	 0.894265 
936.000000	 0.887573 
934.000000	 0.881804 
932.000000	 0.877599 
930.000000	 0.870841 
928.000000	 0.862391 
926.000000	 0.852407 
924.000000	 0.841853 
922.000000	 0.831736 
920.000000	 0.823981 
918.000000	 0.820069 
916.000000	 0.818479 
914.000000	 0.820006 
912.000000	 0.825451 
910.000000	 0.832554 
908.000000	 0.841830 
906.000000	 0.852222 
904.000000	 0.864474 
902.000000	 0.880270 
900.000000	 0.898095 
898.000000	 0.921608 
896.000000	 0.955905 
894.000000	 0.996636 
892.000000	 1.042719 
890.000000	 1.095169 
888.000000	 1.144699 
886.000000	 1.187248 
884.000000	 1.226821 
882.000000	 1.260850 
880.000000	 1.283556 
878.000000	 1.294004 
876.000000	 1.287788 
874.000000	 1.271433 
872.000000	 1.248866 
870.000000	 1.223414 
868.000000	 1.200318 
866.000000	 1.181360 
864.000000	 1.164584 
862.000000	 1.149009 
860.000000	 1.135004 
858.000000	 1.121082 
856.000000	 1.109917 
854.000000	 1.103689 
852.000000	 1.099153 
850.000000	 1.094400 
848.000000	 1.088301 
846.000000	 1.082976 
844.000000	 1.075555 
842.000000	 1.063186 
840.000000	 1.047574 
838.000000	 1.027983 
836.000000	 1.001823 
834.000000	 0.969882 
832.000000	 0.932313 
830.000000	 0.889439 
828.000000	 0.843314 
826.000000	 0.796020 
824.000000	 0.752162 
822.000000	 0.717706 
820.000000	 0.693230 
818.000000	 0.674727 
816.000000	 0.659994 
814.000000	 0.648902 
812.000000	 0.640832 
810.000000	 0.634364 
808.000000	 0.629070 
806.000000	 0.623621 
804.000000	 0.618911 
802.000000	 0.614900 
800.000000	 0.610323 
798.000000	 0.605159 
796.000000	 0.599535 
794.000000	 0.593899 
792.000000	 0.589543 
790.000000	 0.585737 
788.000000	 0.581506 
786.000000	 0.577139 
784.000000	 0.573182 
782.000000	 0.569308 
780.000000	 0.565646 
778.000000	 0.562628 
776.000000	 0.559976 
774.000000	 0.557607 
772.000000	 0.555614 
770.000000	 0.554415 
768.000000	 0.553623 
766.000000	 0.553159 
764.000000	 0.552270 
762.000000	 0.551211 
760.000000	 0.549849 
758.000000	 0.548680 
756.000000	 0.548551 
754.000000	 0.547833 
752.000000	 0.546170 
750.000000	 0.544598 
748.000000	 0.541551 
746.000000	 0.538933 
744.000000	 0.537528 
742.000000	 0.535038 
740.000000	 0.531316 
738.000000	 0.526668 
736.000000	 0.521354 
734.000000	 0.516014 
732.000000	 0.510899 
730.000000	 0.505917 
728.000000	 0.501081 
726.000000	 0.496494 
724.000000	 0.491751 
722.000000	 0.487202 
720.000000	 0.484505 
718.000000	 0.482739 
716.000000	 0.480946 
714.000000	 0.479239 
712.000000	 0.476921 
710.000000	 0.472856 
708.000000	 0.466697 
706.000000	 0.459467 
704.000000	 0.451326 
702.000000	 0.442044 
700.000000	 0.432729 
698.000000	 0.423987 
696.000000	 0.416086 
694.000000	 0.409028 
692.000000	 0.402634 
690.000000	 0.397068 
688.000000	 0.392064 
686.000000	 0.387712 
684.000000	 0.383935 
682.000000	 0.380091 
680.000000	 0.376854 
678.000000	 0.373912 
676.000000	 0.371296 
674.000000	 0.368634 
672.000000	 0.365147 
670.000000	 0.359538 
668.000000	 0.356739 
666.000000	 0.359444 
664.000000	 0.357739 
662.000000	 0.354984 
660.000000	 0.352599 
658.000000	 0.350271 
656.000000	 0.347844 
654.000000	 0.345786 
652.000000	 0.343184 
650.000000	 0.340904 
648.000000	 0.339037 
646.000000	 0.337466 
644.000000	 0.335507 
642.000000	 0.333456 
640.000000	 0.331076 
638.000000	 0.328335 
636.000000	 0.325713 
634.000000	 0.323302 
632.000000	 0.320084 
630.000000	 0.316170 
628.000000	 0.311936 
626.000000	 0.307102 
624.000000	 0.301298 
622.000000	 0.295476 
620.000000	 0.291207 
618.000000	 0.286923 
616.000000	 0.282434 
614.000000	 0.277359 
612.000000	 0.272444 
610.000000	 0.268430 
608.000000	 0.264943 
606.000000	 0.261693 
604.000000	 0.258731 
602.000000	 0.254944 
600.000000	 0.251079 
598.000000	 0.247297 
596.000000	 0.243285 
594.000000	 0.239821 
592.000000	 0.236187 
590.000000	 0.232411 
588.000000	 0.228827 
586.000000	 0.225492 
584.000000	 0.222427 
582.000000	 0.219346 
580.000000	 0.216072 
578.000000	 0.212814 
576.000000	 0.208998 
574.000000	 0.205814 
572.000000	 0.203163 
570.000000	 0.200220 
568.000000	 0.198118 
566.000000	 0.196440 
564.000000	 0.194339 
562.000000	 0.191933 
560.000000	 0.189594 
558.000000	 0.188136 
556.000000	 0.187365 
554.000000	 0.186554 
552.000000	 0.185496 
550.000000	 0.183971 
548.000000	 0.182775 
546.000000	 0.182471 
544.000000	 0.182949 
542.000000	 0.183467 
540.000000	 0.183454 
538.000000	 0.183120 
536.000000	 0.182833 
534.000000	 0.183255 
532.000000	 0.184753 
530.000000	 0.185929 
528.000000	 0.185811 
526.000000	 0.185959 
524.000000	 0.187265 
522.000000	 0.188714 
520.000000	 0.189507 
518.000000	 0.190454 
516.000000	 0.191955 
514.000000	 0.193873 
512.000000	 0.196694 
510.000000	 0.200114 
508.000000	 0.204521 
506.000000	 0.210002 
504.000000	 0.215498 
502.000000	 0.221830 
500.000000	 0.231195 
498.000000	 0.242003 
496.000000	 0.252707 
494.000000	 0.264242 
492.000000	 0.277299 
490.000000	 0.292284 
488.000000	 0.307103 
486.000000	 0.321473 
484.000000	 0.337715 
482.000000	 0.354522 
480.000000	 0.370602 
478.000000	 0.385291 
476.000000	 0.398550 
474.000000	 0.410248 
472.000000	 0.421210 
470.000000	 0.432455 
468.000000	 0.440614 
466.000000	 0.448898 
464.000000	 0.457154 
462.000000	 0.461776 
460.000000	 0.463686 
458.000000	 0.469905 
456.000000	 0.477494 
454.000000	 0.477777 
452.000000	 0.478496 
450.000000	 0.478948 

