4400.000000	1.683439 
4398.000000	1.674859 
4396.000000	1.669312 
4394.000000	1.669481 
4392.000000	1.681182 
4390.000000	1.680914 
4388.000000	1.673842 
4386.000000	1.678903 
4384.000000	1.687256 
4382.000000	1.688038 
4380.000000	1.686265 
4378.000000	1.684409 
4376.000000	1.686054 
4374.000000	1.687125 
4372.000000	1.681401 
4370.000000	1.682053 
4368.000000	1.686185 
4366.000000	1.683114 
4364.000000	1.681824 
4362.000000	1.684945 
4360.000000	1.684569 
4358.000000	1.690188 
4356.000000	1.698334 
4354.000000	1.702269 
4352.000000	1.688048 
4350.000000	1.668969 
4348.000000	1.670149 
4346.000000	1.678137 
4344.000000	1.679328 
4342.000000	1.681411 
4340.000000	1.681262 
4338.000000	1.681545 
4336.000000	1.682586 
4334.000000	1.686698 
4332.000000	1.691885 
4330.000000	1.692593 
4328.000000	1.690467 
4326.000000	1.684269 
4324.000000	1.685080 
4322.000000	1.682207 
4320.000000	1.669680 
4318.000000	1.670780 
4316.000000	1.682222 
4314.000000	1.686682 
4312.000000	1.686195 
4310.000000	1.687695 
4308.000000	1.689447 
4306.000000	1.686260 
4304.000000	1.677605 
4302.000000	1.673641 
4300.000000	1.676822 
4298.000000	1.676217 
4296.000000	1.674874 
4294.000000	1.685306 
4292.000000	1.692808 
4290.000000	1.693712 
4288.000000	1.690335 
4286.000000	1.675418 
4284.000000	1.673910 
4282.000000	1.679600 
4280.000000	1.676812 
4278.000000	1.672388 
4276.000000	1.674164 
4274.000000	1.676267 
4272.000000	1.673226 
4270.000000	1.670314 
4268.000000	1.674477 
4266.000000	1.683984 
4264.000000	1.686758 
4262.000000	1.683239 
4260.000000	1.674918 
4258.000000	1.667004 
4256.000000	1.671386 
4254.000000	1.684289 
4252.000000	1.681908 
4250.000000	1.672062 
4248.000000	1.680716 
4246.000000	1.680210 
4244.000000	1.676394 
4242.000000	1.677477 
4240.000000	1.685487 
4238.000000	1.688254 
4236.000000	1.683374 
4234.000000	1.686340 
4232.000000	1.685572 
4230.000000	1.679135 
4228.000000	1.682167 
4226.000000	1.681605 
4224.000000	1.678384 
4222.000000	1.682426 
4220.000000	1.687806 
4218.000000	1.688668 
4216.000000	1.677679 
4214.000000	1.672203 
4212.000000	1.674790 
4210.000000	1.675766 
4208.000000	1.679373 
4206.000000	1.679873 
4204.000000	1.672851 
4202.000000	1.674575 
4200.000000	1.678868 
4198.000000	1.679269 
4196.000000	1.682212 
4194.000000	1.674316 
4192.000000	1.668105 
4190.000000	1.669598 
4188.000000	1.668795 
4186.000000	1.673217 
4184.000000	1.675197 
4182.000000	1.667432 
4180.000000	1.667172 
4178.000000	1.667861 
4176.000000	1.665027 
4174.000000	1.667283 
4172.000000	1.675285 
4170.000000	1.674228 
4168.000000	1.667283 
4166.000000	1.674820 
4164.000000	1.683119 
4162.000000	1.677906 
4160.000000	1.675810 
4158.000000	1.680076 
4156.000000	1.676832 
4154.000000	1.673056 
4152.000000	1.674600 
4150.000000	1.672091 
4148.000000	1.670949 
4146.000000	1.667307 
4144.000000	1.661832 
4142.000000	1.664754 
4140.000000	1.665176 
4138.000000	1.660754 
4136.000000	1.661865 
4134.000000	1.666586 
4132.000000	1.667283 
4130.000000	1.661912 
4128.000000	1.660920 
4126.000000	1.663684 
4124.000000	1.663345 
4122.000000	1.668689 
4120.000000	1.677043 
4118.000000	1.672510 
4116.000000	1.664620 
4114.000000	1.667827 
4112.000000	1.663765 
4110.000000	1.656208 
4108.000000	1.656997 
4106.000000	1.661556 
4104.000000	1.666908 
4102.000000	1.669206 
4100.000000	1.663498 
4098.000000	1.655899 
4096.000000	1.662350 
4094.000000	1.669056 
4092.000000	1.663322 
4090.000000	1.656776 
4088.000000	1.658674 
4086.000000	1.658504 
4084.000000	1.654761 
4082.000000	1.657642 
4080.000000	1.657213 
4078.000000	1.655758 
4076.000000	1.660612 
4074.000000	1.659750 
4072.000000	1.653851 
4070.000000	1.659089 
4068.000000	1.672802 
4066.000000	1.666720 
4064.000000	1.654294 
4062.000000	1.658075 
4060.000000	1.662550 
4058.000000	1.659405 
4056.000000	1.657999 
4054.000000	1.657882 
4052.000000	1.664071 
4050.000000	1.667769 
4048.000000	1.662859 
4046.000000	1.669312 
4044.000000	1.675736 
4042.000000	1.673807 
4040.000000	1.675697 
4038.000000	1.670125 
4036.000000	1.656335 
4034.000000	1.657434 
4032.000000	1.660143 
4030.000000	1.656556 
4028.000000	1.656321 
4026.000000	1.663641 
4024.000000	1.670179 
4022.000000	1.663226 
4020.000000	1.653249 
4018.000000	1.654672 
4016.000000	1.653720 
4014.000000	1.652239 
4012.000000	1.658263 
4010.000000	1.661480 
4008.000000	1.661661 
4006.000000	1.664463 
4004.000000	1.664071 
4002.000000	1.659438 
4000.000000	1.659897 
3998.000000	1.660645 
3996.000000	1.662512 
3994.000000	1.665947 
3992.000000	1.671736 
3990.000000	1.675653 
3988.000000	1.671785 
3986.000000	1.666658 
3984.000000	1.658957 
3982.000000	1.657190 
3980.000000	1.662383 
3978.000000	1.664951 
3976.000000	1.662055 
3974.000000	1.665348 
3972.000000	1.664090 
3970.000000	1.664611 
3968.000000	1.670721 
3966.000000	1.669075 
3964.000000	1.670998 
3962.000000	1.667784 
3960.000000	1.666240 
3958.000000	1.668351 
3956.000000	1.671396 
3954.000000	1.671454 
3952.000000	1.671498 
3950.000000	1.673866 
3948.000000	1.669888 
3946.000000	1.661960 
3944.000000	1.661713 
3942.000000	1.667822 
3940.000000	1.665770 
3938.000000	1.665109 
3936.000000	1.665281 
3934.000000	1.656246 
3932.000000	1.657232 
3930.000000	1.665583 
3928.000000	1.669772 
3926.000000	1.669269 
3924.000000	1.675016 
3922.000000	1.681744 
3920.000000	1.675668 
3918.000000	1.673266 
3916.000000	1.669956 
3914.000000	1.661371 
3912.000000	1.661694 
3910.000000	1.666648 
3908.000000	1.672194 
3906.000000	1.671425 
3904.000000	1.668187 
3902.000000	1.671027 
3900.000000	1.674560 
3898.000000	1.670527 
3896.000000	1.670411 
3894.000000	1.670241 
3892.000000	1.662536 
3890.000000	1.663484 
3888.000000	1.671367 
3886.000000	1.677575 
3884.000000	1.683709 
3882.000000	1.682217 
3880.000000	1.674663 
3878.000000	1.675275 
3876.000000	1.674198 
3874.000000	1.670721 
3872.000000	1.665966 
3870.000000	1.668491 
3868.000000	1.681396 
3866.000000	1.673309 
3864.000000	1.661608 
3862.000000	1.662921 
3860.000000	1.665593 
3858.000000	1.665986 
3856.000000	1.662326 
3854.000000	1.668578 
3852.000000	1.687912 
3850.000000	1.684354 
3848.000000	1.673236 
3846.000000	1.665295 
3844.000000	1.657966 
3842.000000	1.656795 
3840.000000	1.660678 
3838.000000	1.676335 
3836.000000	1.693323 
3834.000000	1.687559 
3832.000000	1.677945 
3830.000000	1.678014 
3828.000000	1.678804 
3826.000000	1.677782 
3824.000000	1.674707 
3822.000000	1.671975 
3820.000000	1.676994 
3818.000000	1.676242 
3816.000000	1.675560 
3814.000000	1.679472 
3812.000000	1.671333 
3810.000000	1.663512 
3808.000000	1.665156 
3806.000000	1.678241 
3804.000000	1.681063 
3802.000000	1.675197 
3800.000000	1.684184 
3798.000000	1.684990 
3796.000000	1.674193 
3794.000000	1.668520 
3792.000000	1.667148 
3790.000000	1.666802 
3788.000000	1.665525 
3786.000000	1.671066 
3784.000000	1.675163 
3782.000000	1.665324 
3780.000000	1.662307 
3778.000000	1.674326 
3776.000000	1.674022 
3774.000000	1.666624 
3772.000000	1.657943 
3770.000000	1.657651 
3768.000000	1.668564 
3766.000000	1.669138 
3764.000000	1.669869 
3762.000000	1.667177 
3760.000000	1.667326 
3758.000000	1.672559 
3756.000000	1.676694 
3754.000000	1.666658 
3752.000000	1.667659 
3750.000000	1.693579 
3748.000000	1.692583 
3746.000000	1.680850 
3744.000000	1.695459 
3742.000000	1.702306 
3740.000000	1.683070 
3738.000000	1.673378 
3736.000000	1.687927 
3734.000000	1.700760 
3732.000000	1.687478 
3730.000000	1.674296 
3728.000000	1.668993 
3726.000000	1.672822 
3724.000000	1.679100 
3722.000000	1.680443 
3720.000000	1.679739 
3718.000000	1.675006 
3716.000000	1.669317 
3714.000000	1.665516 
3712.000000	1.666019 
3710.000000	1.679100 
3708.000000	1.690248 
3706.000000	1.686235 
3704.000000	1.679704 
3702.000000	1.686491 
3700.000000	1.687993 
3698.000000	1.681670 
3696.000000	1.684134 
3694.000000	1.692017 
3692.000000	1.683914 
3690.000000	1.683774 
3688.000000	1.705662 
3686.000000	1.711195 
3684.000000	1.698753 
3682.000000	1.687413 
3680.000000	1.684079 
3678.000000	1.685697 
3676.000000	1.693651 
3674.000000	1.705095 
3672.000000	1.699250 
3670.000000	1.704445 
3668.000000	1.725780 
3666.000000	1.721588 
3664.000000	1.705295 
3662.000000	1.694669 
3660.000000	1.692114 
3658.000000	1.694546 
3656.000000	1.701051 
3654.000000	1.705043 
3652.000000	1.706799 
3650.000000	1.720994 
3648.000000	1.735027 
3646.000000	1.728065 
3644.000000	1.717231 
3642.000000	1.713533 
3640.000000	1.709463 
3638.000000	1.707548 
3636.000000	1.714793 
3634.000000	1.712208 
3632.000000	1.699218 
3630.000000	1.700417 
3628.000000	1.720989 
3626.000000	1.724109 
3624.000000	1.714476 
3622.000000	1.704586 
3620.000000	1.706557 
3618.000000	1.720940 
3616.000000	1.713924 
3614.000000	1.706789 
3612.000000	1.713592 
3610.000000	1.710860 
3608.000000	1.707802 
3606.000000	1.700775 
3604.000000	1.692288 
3602.000000	1.689995 
3600.000000	1.691157 
3598.000000	1.695608 
3596.000000	1.694618 
3594.000000	1.700100 
3592.000000	1.704901 
3590.000000	1.696493 
3588.000000	1.697719 
3586.000000	1.707242 
3584.000000	1.708378 
3582.000000	1.708045 
3580.000000	1.704020 
3578.000000	1.698189 
3576.000000	1.694075 
3574.000000	1.697193 
3572.000000	1.698039 
3570.000000	1.694510 
3568.000000	1.693686 
3566.000000	1.709733 
3564.000000	1.717966 
3562.000000	1.705988 
3560.000000	1.692389 
3558.000000	1.689301 
3556.000000	1.691804 
3554.000000	1.697203 
3552.000000	1.700588 
3550.000000	1.703455 
3548.000000	1.704272 
3546.000000	1.699353 
3544.000000	1.705121 
3542.000000	1.709267 
3540.000000	1.701550 
3538.000000	1.695814 
3536.000000	1.695819 
3534.000000	1.695721 
3532.000000	1.694060 
3530.000000	1.695490 
3528.000000	1.699136 
3526.000000	1.703690 
3524.000000	1.699353 
3522.000000	1.694603 
3520.000000	1.688790 
3518.000000	1.684935 
3516.000000	1.687781 
3514.000000	1.688623 
3512.000000	1.689275 
3510.000000	1.691157 
3508.000000	1.693155 
3506.000000	1.694434 
3504.000000	1.698230 
3502.000000	1.705221 
3500.000000	1.699887 
3498.000000	1.690619 
3496.000000	1.696014 
3494.000000	1.691234 
3492.000000	1.681500 
3490.000000	1.678162 
3488.000000	1.681192 
3486.000000	1.686230 
3484.000000	1.683219 
3482.000000	1.683184 
3480.000000	1.688866 
3478.000000	1.688143 
3476.000000	1.685482 
3474.000000	1.680497 
3472.000000	1.674511 
3470.000000	1.676507 
3468.000000	1.683060 
3466.000000	1.689701 
3464.000000	1.690604 
3462.000000	1.685828 
3460.000000	1.680850 
3458.000000	1.678908 
3456.000000	1.681053 
3454.000000	1.689463 
3452.000000	1.694638 
3450.000000	1.686230 
3448.000000	1.683859 
3446.000000	1.689245 
3444.000000	1.686355 
3442.000000	1.683529 
3440.000000	1.685356 
3438.000000	1.685963 
3436.000000	1.681640 
3434.000000	1.678725 
3432.000000	1.678962 
3430.000000	1.676055 
3428.000000	1.673027 
3426.000000	1.675942 
3424.000000	1.675888 
3422.000000	1.678034 
3420.000000	1.684504 
3418.000000	1.683944 
3416.000000	1.676394 
3414.000000	1.674458 
3412.000000	1.679002 
3410.000000	1.679333 
3408.000000	1.678029 
3406.000000	1.682352 
3404.000000	1.685953 
3402.000000	1.685401 
3400.000000	1.680284 
3398.000000	1.676679 
3396.000000	1.675305 
3394.000000	1.674859 
3392.000000	1.681381 
3390.000000	1.688658 
3388.000000	1.685532 
3386.000000	1.680125 
3384.000000	1.676271 
3382.000000	1.680334 
3380.000000	1.675236 
3378.000000	1.669554 
3376.000000	1.669530 
3374.000000	1.670169 
3372.000000	1.672680 
3370.000000	1.673563 
3368.000000	1.669341 
3366.000000	1.671892 
3364.000000	1.679071 
3362.000000	1.680418 
3360.000000	1.675393 
3358.000000	1.671610 
3356.000000	1.673051 
3354.000000	1.671416 
3352.000000	1.672427 
3350.000000	1.674418 
3348.000000	1.671435 
3346.000000	1.670911 
3344.000000	1.674101 
3342.000000	1.674081 
3340.000000	1.674052 
3338.000000	1.677349 
3336.000000	1.678463 
3334.000000	1.670445 
3332.000000	1.671042 
3330.000000	1.672603 
3328.000000	1.669370 
3326.000000	1.668771 
3324.000000	1.666149 
3322.000000	1.663193 
3320.000000	1.662036 
3318.000000	1.669796 
3316.000000	1.673217 
3314.000000	1.667495 
3312.000000	1.664912 
3310.000000	1.663655 
3308.000000	1.661091 
3306.000000	1.664687 
3304.000000	1.666918 
3302.000000	1.663913 
3300.000000	1.661295 
3298.000000	1.663598 
3296.000000	1.666624 
3294.000000	1.666283 
3292.000000	1.663894 
3290.000000	1.665037 
3288.000000	1.667808 
3286.000000	1.666504 
3284.000000	1.662374 
3282.000000	1.661504 
3280.000000	1.663446 
3278.000000	1.665267 
3276.000000	1.661794 
3274.000000	1.659708 
3272.000000	1.657562 
3270.000000	1.653412 
3268.000000	1.657402 
3266.000000	1.659731 
3264.000000	1.659103 
3262.000000	1.661096 
3260.000000	1.661471 
3258.000000	1.664252 
3256.000000	1.664845 
3254.000000	1.663665 
3252.000000	1.658857 
3250.000000	1.657242 
3248.000000	1.660484 
3246.000000	1.661969 
3244.000000	1.660740 
3242.000000	1.660631 
3240.000000	1.656476 
3238.000000	1.654486 
3236.000000	1.660314 
3234.000000	1.665779 
3232.000000	1.665751 
3230.000000	1.657820 
3228.000000	1.651779 
3226.000000	1.651176 
3224.000000	1.650296 
3222.000000	1.649335 
3220.000000	1.654359 
3218.000000	1.658876 
3216.000000	1.656673 
3214.000000	1.656265 
3212.000000	1.656396 
3210.000000	1.657938 
3208.000000	1.658692 
3206.000000	1.659424 
3204.000000	1.661304 
3202.000000	1.660508 
3200.000000	1.659609 
3198.000000	1.659254 
3196.000000	1.659911 
3194.000000	1.662574 
3192.000000	1.662974 
3190.000000	1.657275 
3188.000000	1.652690 
3186.000000	1.648262 
3184.000000	1.646011 
3182.000000	1.652565 
3180.000000	1.661167 
3178.000000	1.663722 
3176.000000	1.656650 
3174.000000	1.652323 
3172.000000	1.651719 
3170.000000	1.651028 
3168.000000	1.650787 
3166.000000	1.649150 
3164.000000	1.650199 
3162.000000	1.647273 
3160.000000	1.642556 
3158.000000	1.648110 
3156.000000	1.657129 
3154.000000	1.651417 
3152.000000	1.649108 
3150.000000	1.651663 
3148.000000	1.652049 
3146.000000	1.652383 
3144.000000	1.651691 
3142.000000	1.653352 
3140.000000	1.656382 
3138.000000	1.656598 
3136.000000	1.654593 
3134.000000	1.654644 
3132.000000	1.651645 
3130.000000	1.647438 
3128.000000	1.645983 
3126.000000	1.642956 
3124.000000	1.648386 
3122.000000	1.654350 
3120.000000	1.649843 
3118.000000	1.650097 
3116.000000	1.653035 
3114.000000	1.650116 
3112.000000	1.645759 
3110.000000	1.648354 
3108.000000	1.648629 
3106.000000	1.643366 
3104.000000	1.640764 
3102.000000	1.646547 
3100.000000	1.647089 
3098.000000	1.644118 
3096.000000	1.645942 
3094.000000	1.648114 
3092.000000	1.650134 
3090.000000	1.649898 
3088.000000	1.646809 
3086.000000	1.645740 
3084.000000	1.647337 
3082.000000	1.647834 
3080.000000	1.645511 
3078.000000	1.643129 
3076.000000	1.643234 
3074.000000	1.645315 
3072.000000	1.650056 
3070.000000	1.650185 
3068.000000	1.643457 
3066.000000	1.644323 
3064.000000	1.648110 
3062.000000	1.646478 
3060.000000	1.642124 
3058.000000	1.638461 
3056.000000	1.641122 
3054.000000	1.641983 
3052.000000	1.643261 
3050.000000	1.644437 
3048.000000	1.645237 
3046.000000	1.642333 
3044.000000	1.639345 
3042.000000	1.638186 
3040.000000	1.638889 
3038.000000	1.641602 
3036.000000	1.643156 
3034.000000	1.644903 
3032.000000	1.646056 
3030.000000	1.643038 
3028.000000	1.638614 
3026.000000	1.639999 
3024.000000	1.645072 
3022.000000	1.647277 
3020.000000	1.648031 
3018.000000	1.646749 
3016.000000	1.644241 
3014.000000	1.641384 
3012.000000	1.639525 
3010.000000	1.641090 
3008.000000	1.643903 
3006.000000	1.641303 
3004.000000	1.639327 
3002.000000	1.641793 
3000.000000	1.645814 
2998.000000	1.646524 
2996.000000	1.638871 
2994.000000	1.637629 
2992.000000	1.642133 
2990.000000	1.641026 
2988.000000	1.636511 
2986.000000	1.635839 
2984.000000	1.635942 
2982.000000	1.637350 
2980.000000	1.642351 
2978.000000	1.648928 
2976.000000	1.644917 
2974.000000	1.639299 
2972.000000	1.646836 
2970.000000	1.649760 
2968.000000	1.642792 
2966.000000	1.640949 
2964.000000	1.642651 
2962.000000	1.646130 
2960.000000	1.649561 
2958.000000	1.645100 
2956.000000	1.641902 
2954.000000	1.647420 
2952.000000	1.650490 
2950.000000	1.650745 
2948.000000	1.655196 
2946.000000	1.655918 
2944.000000	1.647208 
2942.000000	1.637678 
2940.000000	1.639624 
2938.000000	1.646364 
2936.000000	1.649806 
2934.000000	1.655061 
2932.000000	1.662259 
2930.000000	1.662869 
2928.000000	1.658372 
2926.000000	1.652877 
2924.000000	1.654065 
2922.000000	1.658390 
2920.000000	1.655323 
2918.000000	1.650690 
2916.000000	1.650319 
2914.000000	1.650787 
2912.000000	1.650458 
2910.000000	1.648543 
2908.000000	1.647116 
2906.000000	1.645658 
2904.000000	1.643188 
2902.000000	1.637957 
2900.000000	1.632988 
2898.000000	1.632944 
2896.000000	1.631851 
2894.000000	1.632722 
2892.000000	1.636861 
2890.000000	1.638871 
2888.000000	1.638024 
2886.000000	1.638087 
2884.000000	1.639142 
2882.000000	1.640995 
2880.000000	1.639932 
2878.000000	1.635428 
2876.000000	1.639078 
2874.000000	1.639196 
2872.000000	1.635369 
2870.000000	1.637588 
2868.000000	1.639114 
2866.000000	1.636856 
2864.000000	1.633825 
2862.000000	1.636601 
2860.000000	1.642247 
2858.000000	1.641938 
2856.000000	1.636910 
2854.000000	1.633295 
2852.000000	1.633914 
2850.000000	1.634106 
2848.000000	1.631953 
2846.000000	1.628469 
2844.000000	1.624845 
2842.000000	1.621398 
2840.000000	1.621194 
2838.000000	1.626708 
2836.000000	1.624853 
2834.000000	1.625181 
2832.000000	1.629752 
2830.000000	1.627739 
2828.000000	1.624605 
2826.000000	1.620852 
2824.000000	1.618403 
2822.000000	1.621108 
2820.000000	1.625399 
2818.000000	1.626033 
2816.000000	1.622295 
2814.000000	1.619924 
2812.000000	1.624592 
2810.000000	1.626958 
2808.000000	1.624260 
2806.000000	1.622251 
2804.000000	1.623851 
2802.000000	1.622369 
2800.000000	1.623816 
2798.000000	1.626712 
2796.000000	1.620632 
2794.000000	1.617145 
2792.000000	1.623877 
2790.000000	1.624273 
2788.000000	1.617149 
2786.000000	1.617664 
2784.000000	1.616657 
2782.000000	1.614998 
2780.000000	1.618055 
2778.000000	1.620273 
2776.000000	1.619665 
2774.000000	1.623255 
2772.000000	1.624504 
2770.000000	1.620679 
2768.000000	1.618197 
2766.000000	1.618756 
2764.000000	1.619316 
2762.000000	1.623016 
2760.000000	1.627208 
2758.000000	1.623459 
2756.000000	1.619031 
2754.000000	1.619790 
2752.000000	1.618614 
2750.000000	1.613890 
2748.000000	1.610919 
2746.000000	1.610467 
2744.000000	1.613988 
2742.000000	1.615801 
2740.000000	1.615352 
2738.000000	1.617514 
2736.000000	1.622733 
2734.000000	1.620204 
2732.000000	1.613223 
2730.000000	1.612350 
2728.000000	1.612603 
2726.000000	1.612934 
2724.000000	1.611956 
2722.000000	1.613524 
2720.000000	1.617699 
2718.000000	1.617480 
2716.000000	1.615275 
2714.000000	1.616849 
2712.000000	1.614243 
2710.000000	1.613320 
2708.000000	1.615869 
2706.000000	1.616520 
2704.000000	1.621043 
2702.000000	1.621263 
2700.000000	1.616280 
2698.000000	1.610868 
2696.000000	1.612024 
2694.000000	1.618347 
2692.000000	1.617540 
2690.000000	1.615045 
2688.000000	1.615856 
2686.000000	1.615527 
2684.000000	1.615015 
2682.000000	1.613082 
2680.000000	1.611642 
2678.000000	1.612505 
2676.000000	1.605973 
2674.000000	1.600723 
2672.000000	1.606604 
2670.000000	1.609287 
2668.000000	1.605071 
2666.000000	1.609076 
2664.000000	1.608407 
2662.000000	1.607186 
2660.000000	1.612556 
2658.000000	1.613584 
2656.000000	1.613099 
2654.000000	1.612603 
2652.000000	1.606717 
2650.000000	1.604650 
2648.000000	1.607304 
2646.000000	1.605396 
2644.000000	1.602742 
2642.000000	1.607673 
2640.000000	1.614606 
2638.000000	1.611520 
2636.000000	1.605960 
2634.000000	1.607408 
2632.000000	1.606596 
2630.000000	1.601682 
2628.000000	1.604138 
2626.000000	1.606818 
2624.000000	1.604683 
2622.000000	1.608265 
2620.000000	1.608668 
2618.000000	1.605025 
2616.000000	1.603930 
2614.000000	1.600975 
2612.000000	1.599432 
2610.000000	1.601090 
2608.000000	1.602767 
2606.000000	1.605204 
2604.000000	1.606906 
2602.000000	1.604700 
2600.000000	1.605146 
2598.000000	1.605451 
2596.000000	1.604888 
2594.000000	1.605242 
2592.000000	1.606345 
2590.000000	1.605776 
2588.000000	1.606830 
2586.000000	1.608487 
2584.000000	1.605543 
2582.000000	1.600620 
2580.000000	1.599432 
2578.000000	1.601181 
2576.000000	1.601566 
2574.000000	1.601008 
2572.000000	1.600529 
2570.000000	1.603531 
2568.000000	1.606579 
2566.000000	1.605526 
2564.000000	1.604313 
2562.000000	1.601946 
2560.000000	1.599976 
2558.000000	1.597309 
2556.000000	1.595890 
2554.000000	1.596413 
2552.000000	1.598060 
2550.000000	1.603705 
2548.000000	1.603622 
2546.000000	1.599568 
2544.000000	1.602804 
2542.000000	1.607249 
2540.000000	1.602684 
2538.000000	1.597662 
2536.000000	1.595829 
2534.000000	1.594511 
2532.000000	1.593868 
2530.000000	1.595368 
2528.000000	1.597109 
2526.000000	1.598031 
2524.000000	1.598117 
2522.000000	1.595260 
2520.000000	1.596307 
2518.000000	1.600640 
2516.000000	1.600380 
2514.000000	1.595352 
2512.000000	1.593559 
2510.000000	1.593742 
2508.000000	1.592071 
2506.000000	1.592792 
2504.000000	1.591825 
2502.000000	1.591150 
2500.000000	1.594262 
2498.000000	1.598236 
2496.000000	1.598639 
2494.000000	1.596818 
2492.000000	1.595325 
2490.000000	1.589734 
2488.000000	1.586822 
2486.000000	1.586107 
2484.000000	1.588906 
2482.000000	1.591554 
2480.000000	1.593194 
2478.000000	1.593718 
2476.000000	1.592286 
2474.000000	1.589123 
2472.000000	1.587734 
2470.000000	1.589517 
2468.000000	1.591004 
2466.000000	1.591978 
2464.000000	1.591982 
2462.000000	1.590290 
2460.000000	1.591081 
2458.000000	1.593235 
2456.000000	1.592728 
2454.000000	1.591356 
2452.000000	1.590274 
2450.000000	1.585357 
2448.000000	1.584986 
2446.000000	1.588332 
2444.000000	1.589908 
2442.000000	1.589855 
2440.000000	1.588364 
2438.000000	1.585903 
2436.000000	1.585600 
2434.000000	1.590359 
2432.000000	1.587742 
2430.000000	1.584473 
2428.000000	1.586174 
2426.000000	1.583666 
2424.000000	1.580830 
2422.000000	1.581761 
2420.000000	1.583853 
2418.000000	1.587710 
2416.000000	1.586466 
2414.000000	1.582739 
2412.000000	1.586015 
2410.000000	1.588304 
2408.000000	1.585305 
2406.000000	1.583813 
2404.000000	1.586722 
2402.000000	1.585608 
2400.000000	1.580861 
2398.000000	1.581118 
2396.000000	1.581169 
2394.000000	1.579794 
2392.000000	1.583508 
2390.000000	1.586059 
2388.000000	1.582687 
2386.000000	1.579019 
2384.000000	1.578088 
2382.000000	1.576257 
2380.000000	1.571743 
2378.000000	1.565219 
2376.000000	1.555730 
2374.000000	1.554734 
2372.000000	1.564215 
2370.000000	1.562740 
2368.000000	1.555525 
2366.000000	1.559487 
2364.000000	1.556837 
2362.000000	1.565740 
2360.000000	1.584044 
2358.000000	1.582897 
2356.000000	1.577602 
2354.000000	1.584787 
2352.000000	1.587126 
2350.000000	1.576492 
2348.000000	1.557981 
2346.000000	1.545088 
2344.000000	1.548228 
2342.000000	1.550245 
2340.000000	1.555778 
2338.000000	1.564162 
2336.000000	1.562203 
2334.000000	1.560389 
2332.000000	1.562494 
2330.000000	1.570528 
2328.000000	1.573624 
2326.000000	1.569524 
2324.000000	1.565477 
2322.000000	1.565066 
2320.000000	1.571152 
2318.000000	1.580743 
2316.000000	1.584807 
2314.000000	1.583246 
2312.000000	1.586358 
2310.000000	1.587582 
2308.000000	1.581829 
2306.000000	1.580711 
2304.000000	1.587046 
2302.000000	1.588408 
2300.000000	1.585496 
2298.000000	1.583539 
2296.000000	1.584748 
2294.000000	1.592845 
2292.000000	1.595331 
2290.000000	1.596704 
2288.000000	1.603547 
2286.000000	1.606746 
2284.000000	1.607283 
2282.000000	1.610467 
2280.000000	1.612286 
2278.000000	1.613580 
2276.000000	1.616776 
2274.000000	1.625041 
2272.000000	1.627880 
2270.000000	1.627247 
2268.000000	1.632633 
2266.000000	1.642674 
2264.000000	1.649806 
2262.000000	1.651454 
2260.000000	1.657604 
2258.000000	1.661157 
2256.000000	1.660460 
2254.000000	1.662274 
2252.000000	1.664774 
2250.000000	1.667057 
2248.000000	1.669970 
2246.000000	1.671294 
2244.000000	1.669317 
2242.000000	1.670019 
2240.000000	1.674702 
2238.000000	1.672710 
2236.000000	1.668269 
2234.000000	1.672466 
2232.000000	1.675982 
2230.000000	1.669733 
2228.000000	1.664071 
2226.000000	1.663866 
2224.000000	1.666000 
2222.000000	1.667750 
2220.000000	1.669815 
2218.000000	1.677975 
2216.000000	1.683984 
2214.000000	1.683129 
2212.000000	1.682142 
2210.000000	1.682621 
2208.000000	1.689336 
2206.000000	1.695541 
2204.000000	1.695793 
2202.000000	1.699493 
2200.000000	1.705536 
2198.000000	1.709914 
2196.000000	1.716913 
2194.000000	1.719017 
2192.000000	1.713383 
2190.000000	1.713207 
2188.000000	1.712784 
2186.000000	1.710504 
2184.000000	1.704387 
2182.000000	1.701920 
2180.000000	1.702379 
2178.000000	1.698696 
2176.000000	1.698375 
2174.000000	1.703649 
2172.000000	1.704397 
2170.000000	1.700993 
2168.000000	1.700926 
2166.000000	1.699099 
2164.000000	1.701628 
2162.000000	1.706488 
2160.000000	1.707116 
2158.000000	1.712710 
2156.000000	1.718708 
2154.000000	1.723840 
2152.000000	1.738330 
2150.000000	1.762233 
2148.000000	1.783260 
2146.000000	1.796545 
2144.000000	1.805229 
2142.000000	1.809914 
2140.000000	1.813086 
2138.000000	1.811259 
2136.000000	1.801681 
2134.000000	1.795956 
2132.000000	1.798753 
2130.000000	1.800332 
2128.000000	1.804338 
2126.000000	1.822355 
2124.000000	1.845276 
2122.000000	1.857483 
2120.000000	1.871966 
2118.000000	1.897517 
2116.000000	1.918913 
2114.000000	1.919214 
2112.000000	1.906598 
2110.000000	1.902956 
2108.000000	1.898786 
2106.000000	1.890660 
2104.000000	1.883571 
2102.000000	1.870873 
2100.000000	1.855214 
2098.000000	1.843186 
2096.000000	1.837102 
2094.000000	1.846096 
2092.000000	1.866732 
2090.000000	1.886032 
2088.000000	1.892539 
2086.000000	1.875667 
2084.000000	1.853290 
2082.000000	1.842933 
2080.000000	1.832142 
2078.000000	1.815382 
2076.000000	1.798545 
2074.000000	1.778074 
2072.000000	1.751903 
2070.000000	1.722188 
2068.000000	1.687020 
2066.000000	1.649616 
2064.000000	1.623081 
2062.000000	1.605259 
2060.000000	1.590919 
2058.000000	1.575981 
2056.000000	1.564504 
2054.000000	1.560468 
2052.000000	1.553195 
2050.000000	1.544667 
2048.000000	1.542878 
2046.000000	1.541003 
2044.000000	1.535589 
2042.000000	1.534297 
2040.000000	1.535347 
2038.000000	1.531252 
2036.000000	1.529241 
2034.000000	1.530809 
2032.000000	1.529721 
2030.000000	1.527406 
2028.000000	1.526925 
2026.000000	1.524560 
2024.000000	1.524044 
2022.000000	1.525840 
2020.000000	1.523535 
2018.000000	1.520782 
2016.000000	1.523259 
2014.000000	1.524618 
2012.000000	1.523975 
2010.000000	1.520614 
2008.000000	1.516693 
2006.000000	1.517326 
2004.000000	1.518510 
2002.000000	1.519962 
2000.000000	1.521081 
1998.000000	1.516468 
1996.000000	1.513054 
1994.000000	1.514541 
1992.000000	1.516033 
1990.000000	1.514663 
1988.000000	1.512073 
1986.000000	1.510504 
1984.000000	1.509904 
1982.000000	1.508740 
1980.000000	1.506757 
1978.000000	1.508663 
1976.000000	1.510541 
1974.000000	1.509532 
1972.000000	1.507372 
1970.000000	1.504543 
1968.000000	1.505465 
1966.000000	1.508436 
1964.000000	1.505000 
1962.000000	1.500825 
1960.000000	1.503258 
1958.000000	1.504365 
1956.000000	1.500064 
1954.000000	1.499263 
1952.000000	1.501511 
1950.000000	1.500595 
1948.000000	1.496657 
1946.000000	1.496377 
1944.000000	1.498626 
1942.000000	1.500064 
1940.000000	1.496562 
1938.000000	1.494851 
1936.000000	1.495998 
1934.000000	1.493669 
1932.000000	1.491956 
1930.000000	1.491863 
1928.000000	1.493830 
1926.000000	1.494803 
1924.000000	1.495201 
1922.000000	1.496384 
1920.000000	1.490605 
1918.000000	1.490913 
1916.000000	1.498538 
1914.000000	1.495583 
1912.000000	1.490064 
1910.000000	1.490439 
1908.000000	1.492203 
1906.000000	1.491850 
1904.000000	1.490820 
1902.000000	1.489278 
1900.000000	1.487452 
1898.000000	1.484208 
1896.000000	1.485412 
1894.000000	1.486442 
1892.000000	1.485374 
1890.000000	1.488783 
1888.000000	1.493285 
1886.000000	1.488981 
1884.000000	1.485168 
1882.000000	1.483602 
1880.000000	1.478749 
1878.000000	1.477507 
1876.000000	1.481326 
1874.000000	1.480299 
1872.000000	1.477292 
1870.000000	1.481141 
1868.000000	1.490007 
1866.000000	1.485421 
1864.000000	1.477355 
1862.000000	1.475621 
1860.000000	1.477899 
1858.000000	1.481502 
1856.000000	1.479152 
1854.000000	1.474141 
1852.000000	1.472986 
1850.000000	1.471181 
1848.000000	1.470147 
1846.000000	1.469951 
1844.000000	1.480558 
1842.000000	1.484340 
1840.000000	1.473620 
1838.000000	1.469527 
1836.000000	1.467338 
1834.000000	1.463370 
1832.000000	1.458815 
1830.000000	1.466389 
1828.000000	1.475491 
1826.000000	1.469909 
1824.000000	1.468573 
1822.000000	1.463069 
1820.000000	1.458731 
1818.000000	1.459864 
1816.000000	1.459288 
1814.000000	1.458101 
1812.000000	1.459458 
1810.000000	1.461583 
1808.000000	1.460413 
1806.000000	1.459479 
1804.000000	1.457789 
1802.000000	1.455590 
1800.000000	1.460151 
1798.000000	1.460671 
1796.000000	1.453024 
1794.000000	1.446466 
1792.000000	1.460440 
1790.000000	1.466632 
1788.000000	1.454386 
1786.000000	1.450995 
1784.000000	1.453667 
1782.000000	1.449236 
1780.000000	1.448985 
1778.000000	1.449571 
1776.000000	1.442912 
1774.000000	1.437368 
1772.000000	1.451051 
1770.000000	1.457507 
1768.000000	1.450294 
1766.000000	1.445137 
1764.000000	1.435315 
1762.000000	1.438645 
1760.000000	1.444736 
1758.000000	1.438656 
1756.000000	1.441405 
1754.000000	1.437830 
1752.000000	1.434808 
1750.000000	1.448029 
1748.000000	1.452331 
1746.000000	1.444886 
1744.000000	1.436833 
1742.000000	1.434228 
1740.000000	1.433764 
1738.000000	1.435569 
1736.000000	1.422517 
1734.000000	1.441482 
1732.000000	1.458288 
1730.000000	1.440608 
1728.000000	1.432358 
1726.000000	1.424906 
1724.000000	1.422662 
1722.000000	1.422758 
1720.000000	1.414284 
1718.000000	1.425336 
1716.000000	1.450163 
1714.000000	1.445446 
1712.000000	1.430731 
1710.000000	1.418703 
1708.000000	1.410019 
1706.000000	1.414913 
1704.000000	1.419102 
1702.000000	1.401289 
1700.000000	1.423065 
1698.000000	1.429104 
1696.000000	1.425088 
1694.000000	1.427960 
1692.000000	1.406592 
1690.000000	1.402339 
1688.000000	1.402380 
1686.000000	1.389990 
1684.000000	1.414013 
1682.000000	1.426703 
1680.000000	1.402940 
1678.000000	1.391306 
1676.000000	1.388754 
1674.000000	1.399620 
1672.000000	1.390522 
1670.000000	1.390687 
1668.000000	1.403040 
1666.000000	1.390293 
1664.000000	1.379004 
1662.000000	1.388509 
1660.000000	1.387323 
1658.000000	1.374383 
1656.000000	1.356085 
1654.000000	1.361627 
1652.000000	1.411140 
1650.000000	1.389018 
1648.000000	1.369180 
1646.000000	1.385476 
1644.000000	1.381020 
1642.000000	1.365198 
1640.000000	1.360101 
1638.000000	1.352615 
1636.000000	1.365887 
1634.000000	1.384171 
1632.000000	1.367350 
1630.000000	1.353858 
1628.000000	1.355127 
1626.000000	1.354639 
1624.000000	1.353196 
1622.000000	1.358914 
1620.000000	1.348265 
1618.000000	1.342878 
1616.000000	1.363007 
1614.000000	1.360037 
1612.000000	1.342689 
1610.000000	1.338321 
1608.000000	1.340579 
1606.000000	1.341121 
1604.000000	1.337674 
1602.000000	1.334550 
1600.000000	1.333234 
1598.000000	1.330290 
1596.000000	1.328763 
1594.000000	1.327978 
1592.000000	1.327492 
1590.000000	1.325919 
1588.000000	1.325152 
1586.000000	1.323677 
1584.000000	1.322514 
1582.000000	1.320121 
1580.000000	1.316220 
1578.000000	1.309699 
1576.000000	1.326619 
1574.000000	1.331823 
1572.000000	1.311405 
1570.000000	1.314837 
1568.000000	1.326623 
1566.000000	1.316924 
1564.000000	1.312280 
1562.000000	1.301457 
1560.000000	1.306844 
1558.000000	1.355171 
1556.000000	1.338364 
1554.000000	1.318154 
1552.000000	1.308299 
1550.000000	1.303776 
1548.000000	1.301005 
1546.000000	1.294100 
1544.000000	1.297375 
1542.000000	1.305612 
1540.000000	1.326694 
1538.000000	1.325610 
1536.000000	1.298654 
1534.000000	1.294650 
1532.000000	1.305331 
1530.000000	1.293741 
1528.000000	1.287432 
1526.000000	1.292771 
1524.000000	1.293660 
1522.000000	1.296683 
1520.000000	1.305863 
1518.000000	1.295807 
1516.000000	1.294420 
1514.000000	1.285162 
1512.000000	1.276727 
1510.000000	1.274685 
1508.000000	1.280350 
1506.000000	1.307987 
1504.000000	1.295600 
1502.000000	1.270207 
1500.000000	1.259066 
1498.000000	1.264162 
1496.000000	1.276748 
1494.000000	1.271706 
1492.000000	1.261937 
1490.000000	1.272312 
1488.000000	1.278186 
1486.000000	1.266837 
1484.000000	1.255869 
1482.000000	1.254503 
1480.000000	1.255318 
1478.000000	1.253360 
1476.000000	1.259201 
1474.000000	1.264050 
1472.000000	1.274317 
1470.000000	1.268257 
1468.000000	1.252347 
1466.000000	1.248093 
1464.000000	1.256326 
1462.000000	1.251040 
1460.000000	1.242233 
1458.000000	1.253038 
1456.000000	1.275005 
1454.000000	1.260248 
1452.000000	1.242240 
1450.000000	1.238089 
1448.000000	1.239480 
1446.000000	1.237558 
1444.000000	1.230018 
1442.000000	1.226917 
1440.000000	1.221761 
1438.000000	1.220254 
1436.000000	1.232910 
1434.000000	1.226537 
1432.000000	1.213191 
1430.000000	1.212841 
1428.000000	1.212769 
1426.000000	1.206341 
1424.000000	1.206667 
1422.000000	1.201316 
1420.000000	1.198153 
1418.000000	1.207787 
1416.000000	1.200934 
1414.000000	1.191054 
1412.000000	1.185618 
1410.000000	1.182629 
1408.000000	1.179488 
1406.000000	1.179821 
1404.000000	1.182753 
1402.000000	1.177367 
1400.000000	1.174395 
1398.000000	1.178751 
1396.000000	1.176168 
1394.000000	1.173762 
1392.000000	1.166845 
1390.000000	1.159978 
1388.000000	1.161724 
1386.000000	1.161902 
1384.000000	1.155912 
1382.000000	1.151873 
1380.000000	1.148896 
1378.000000	1.146549 
1376.000000	1.145731 
1374.000000	1.146547 
1372.000000	1.141776 
1370.000000	1.135124 
1368.000000	1.132887 
1366.000000	1.130710 
1364.000000	1.129477 
1362.000000	1.130763 
1360.000000	1.126149 
1358.000000	1.120973 
1356.000000	1.117713 
1354.000000	1.116040 
1352.000000	1.112228 
1350.000000	1.107968 
1348.000000	1.106042 
1346.000000	1.103420 
1344.000000	1.099359 
1342.000000	1.096728 
1340.000000	1.097405 
1338.000000	1.096623 
1336.000000	1.091261 
1334.000000	1.087064 
1332.000000	1.084395 
1330.000000	1.083699 
1328.000000	1.082492 
1326.000000	1.078938 
1324.000000	1.076014 
1322.000000	1.073096 
1320.000000	1.070572 
1318.000000	1.069427 
1316.000000	1.067976 
1314.000000	1.064609 
1312.000000	1.063352 
1310.000000	1.061705 
1308.000000	1.058508 
1306.000000	1.056448 
1304.000000	1.054272 
1302.000000	1.050762 
1300.000000	1.048201 
1298.000000	1.046394 
1296.000000	1.043956 
1294.000000	1.040645 
1292.000000	1.037439 
1290.000000	1.034833 
1288.000000	1.032828 
1286.000000	1.029910 
1284.000000	1.027867 
1282.000000	1.024950 
1280.000000	1.021129 
1278.000000	1.018106 
1276.000000	1.014663 
1274.000000	1.011511 
1272.000000	1.009610 
1270.000000	1.006522 
1268.000000	1.001918 
1266.000000	0.998558 
1264.000000	0.996264 
1262.000000	0.992959 
1260.000000	0.989949 
1258.000000	0.989728 
1256.000000	0.987583 
1254.000000	0.984126 
1252.000000	0.981892 
1250.000000	0.978590 
1248.000000	0.975181 
1246.000000	0.973049 
1244.000000	0.970136 
1242.000000	0.967704 
1240.000000	0.965625 
1238.000000	0.962880 
1236.000000	0.960847 
1234.000000	0.959093 
1232.000000	0.957364 
1230.000000	0.956257 
1228.000000	0.954762 
1226.000000	0.952599 
1224.000000	0.950577 
1222.000000	0.948640 
1220.000000	0.946750 
1218.000000	0.945432 
1216.000000	0.944272 
1214.000000	0.943795 
1212.000000	0.944020 
1210.000000	0.943899 
1208.000000	0.945147 
1206.000000	0.947232 
1204.000000	0.948224 
1202.000000	0.949124 
1200.000000	0.950151 
1198.000000	0.952826 
1196.000000	0.957276 
1194.000000	0.960932 
1192.000000	0.964644 
1190.000000	0.968448 
1188.000000	0.973934 
1186.000000	0.980557 
1184.000000	0.986880 
1182.000000	0.993605 
1180.000000	1.000692 
1178.000000	1.005668 
1176.000000	1.011639 
1174.000000	1.019584 
1172.000000	1.027330 
1170.000000	1.034634 
1168.000000	1.042878 
1166.000000	1.051017 
1164.000000	1.058036 
1162.000000	1.064061 
1160.000000	1.070314 
1158.000000	1.079214 
1156.000000	1.087515 
1154.000000	1.092429 
1152.000000	1.098294 
1150.000000	1.105707 
1148.000000	1.112561 
1146.000000	1.119328 
1144.000000	1.125784 
1142.000000	1.133031 
1140.000000	1.140249 
1138.000000	1.146247 
1136.000000	1.151455 
1134.000000	1.154521 
1132.000000	1.157453 
1130.000000	1.163530 
1128.000000	1.169299 
1126.000000	1.173403 
1124.000000	1.175493 
1122.000000	1.178590 
1120.000000	1.183096 
1118.000000	1.189700 
1116.000000	1.193884 
1114.000000	1.195584 
1112.000000	1.199895 
1110.000000	1.204938 
1108.000000	1.209920 
1106.000000	1.214190 
1104.000000	1.217574 
1102.000000	1.221594 
1100.000000	1.228246 
1098.000000	1.233103 
1096.000000	1.235608 
1094.000000	1.236323 
1092.000000	1.234786 
1090.000000	1.235696 
1088.000000	1.240095 
1086.000000	1.242890 
1084.000000	1.244338 
1082.000000	1.244805 
1080.000000	1.246226 
1078.000000	1.249161 
1076.000000	1.250848 
1074.000000	1.251411 
1072.000000	1.254272 
1070.000000	1.257095 
1068.000000	1.258808 
1066.000000	1.258054 
1064.000000	1.256261 
1062.000000	1.256692 
1060.000000	1.257190 
1058.000000	1.255106 
1056.000000	1.252945 
1054.000000	1.252489 
1052.000000	1.248533 
1050.000000	1.244092 
1048.000000	1.243214 
1046.000000	1.238224 
1044.000000	1.230259 
1042.000000	1.226411 
1040.000000	1.219591 
1038.000000	1.208251 
1036.000000	1.201446 
1034.000000	1.194590 
1032.000000	1.184654 
1030.000000	1.172718 
1028.000000	1.159896 
1026.000000	1.147845 
1024.000000	1.136758 
1022.000000	1.123879 
1020.000000	1.106675 
1018.000000	1.089733 
1016.000000	1.073088 
1014.000000	1.055627 
1012.000000	1.038094 
1010.000000	1.020414 
1008.000000	1.001668 
1006.000000	0.983007 
1004.000000	0.963635 
1002.000000	0.944964 
1000.000000	0.928539 
998.000000	 0.913802 
996.000000	 0.900940 
994.000000	 0.889902 
992.000000	 0.881999 
990.000000	 0.877026 
988.000000	 0.875919 
986.000000	 0.880636 
984.000000	 0.888360 
982.000000	 0.895773 
980.000000	 0.902793 
978.000000	 0.906812 
976.000000	 0.904321 
974.000000	 0.895614 
972.000000	 0.882178 
970.000000	 0.865151 
968.000000	 0.847849 
966.000000	 0.832764 
964.000000	 0.819554 
962.000000	 0.808447 
960.000000	 0.799252 
958.000000	 0.791392 
956.000000	 0.785343 
954.000000	 0.780682 
952.000000	 0.777620 
950.000000	 0.777657 
948.000000	 0.780087 
946.000000	 0.783523 
944.000000	 0.788758 
942.000000	 0.795866 
940.000000	 0.802504 
938.000000	 0.806974 
936.000000	 0.809004 
934.000000	 0.808734 
932.000000	 0.805541 
930.000000	 0.801140 
928.000000	 0.797382 
926.000000	 0.793903 
924.000000	 0.791226 
922.000000	 0.791872 
920.000000	 0.795870 
918.000000	 0.802584 
916.000000	 0.807641 
914.000000	 0.808238 
912.000000	 0.805713 
910.000000	 0.804720 
908.000000	 0.804816 
906.000000	 0.799293 
904.000000	 0.787719 
902.000000	 0.775440 
900.000000	 0.763131 
898.000000	 0.750492 
896.000000	 0.739714 
894.000000	 0.729769 
892.000000	 0.721850 
890.000000	 0.718857 
888.000000	 0.719254 
886.000000	 0.721788 
884.000000	 0.725847 
882.000000	 0.731940 
880.000000	 0.738657 
878.000000	 0.745222 
876.000000	 0.752040 
874.000000	 0.757360 
872.000000	 0.760481 
870.000000	 0.763927 
868.000000	 0.767668 
866.000000	 0.770269 
864.000000	 0.771951 
862.000000	 0.771561 
860.000000	 0.769299 
858.000000	 0.766026 
856.000000	 0.762565 
854.000000	 0.760209 
852.000000	 0.757025 
850.000000	 0.754108 
848.000000	 0.752341 
846.000000	 0.750757 
844.000000	 0.750543 
842.000000	 0.750433 
840.000000	 0.748963 
838.000000	 0.747554 
836.000000	 0.743516 
834.000000	 0.736187 
832.000000	 0.728598 
830.000000	 0.721056 
828.000000	 0.712525 
826.000000	 0.702615 
824.000000	 0.692372 
822.000000	 0.682455 
820.000000	 0.672142 
818.000000	 0.662187 
816.000000	 0.652627 
814.000000	 0.645407 
812.000000	 0.639293 
810.000000	 0.632936 
808.000000	 0.626873 
806.000000	 0.621196 
804.000000	 0.614917 
802.000000	 0.607299 
800.000000	 0.599396 
798.000000	 0.592048 
796.000000	 0.585054 
794.000000	 0.577284 
792.000000	 0.568205 
790.000000	 0.558734 
788.000000	 0.549343 
786.000000	 0.539118 
784.000000	 0.529020 
782.000000	 0.519948 
780.000000	 0.511007 
778.000000	 0.502344 
776.000000	 0.494304 
774.000000	 0.485756 
772.000000	 0.477321 
770.000000	 0.470134 
768.000000	 0.463371 
766.000000	 0.456485 
764.000000	 0.450712 
762.000000	 0.445235 
760.000000	 0.440008 
758.000000	 0.435452 
756.000000	 0.431498 
754.000000	 0.428324 
752.000000	 0.426403 
750.000000	 0.425413 
748.000000	 0.424827 
746.000000	 0.424340 
744.000000	 0.424205 
742.000000	 0.424581 
740.000000	 0.425977 
738.000000	 0.428149 
736.000000	 0.430663 
734.000000	 0.432595 
732.000000	 0.434653 
730.000000	 0.437585 
728.000000	 0.440562 
726.000000	 0.444267 
724.000000	 0.449245 
722.000000	 0.453331 
720.000000	 0.456506 
718.000000	 0.460903 
716.000000	 0.466015 
714.000000	 0.470801 
712.000000	 0.475444 
710.000000	 0.479528 
708.000000	 0.482200 
706.000000	 0.485300 
704.000000	 0.487233 
702.000000	 0.487870 
700.000000	 0.487661 
698.000000	 0.487335 
696.000000	 0.487483 
694.000000	 0.489388 
692.000000	 0.493390 
690.000000	 0.498477 
688.000000	 0.504243 
686.000000	 0.510898 
684.000000	 0.517483 
682.000000	 0.524067 
680.000000	 0.532403 
678.000000	 0.541845 
676.000000	 0.551100 
674.000000	 0.561030 
672.000000	 0.568460 
670.000000	 0.568252 
668.000000	 0.568844 
666.000000	 0.571869 
664.000000	 0.565113 
662.000000	 0.553823 
660.000000	 0.541879 
658.000000	 0.533062 
656.000000	 0.527013 
654.000000	 0.522616 
652.000000	 0.519542 
650.000000	 0.519420 
648.000000	 0.522688 
646.000000	 0.529996 
644.000000	 0.538146 
642.000000	 0.547093 
640.000000	 0.556694 
638.000000	 0.566411 
636.000000	 0.576884 
634.000000	 0.589121 
632.000000	 0.601001 
630.000000	 0.607257 
628.000000	 0.605934 
626.000000	 0.597227 
624.000000	 0.577907 
622.000000	 0.546925 
620.000000	 0.508500 
618.000000	 0.466906 
616.000000	 0.427247 
614.000000	 0.390579 
612.000000	 0.358371 
610.000000	 0.333347 
608.000000	 0.312261 
606.000000	 0.292224 
604.000000	 0.274483 
602.000000	 0.260442 
600.000000	 0.248368 
598.000000	 0.235909 
596.000000	 0.224762 
594.000000	 0.215523 
592.000000	 0.208320 
590.000000	 0.200411 
588.000000	 0.193051 
586.000000	 0.186898 
584.000000	 0.181040 
582.000000	 0.175301 
580.000000	 0.169893 
578.000000	 0.164720 
576.000000	 0.158658 
574.000000	 0.151121 
572.000000	 0.144052 
570.000000	 0.138470 
568.000000	 0.133189 
566.000000	 0.128806 
564.000000	 0.125792 
562.000000	 0.121671 
560.000000	 0.116779 
558.000000	 0.113045 
556.000000	 0.108947 
554.000000	 0.104928 
552.000000	 0.103064 
550.000000	 0.102786 
548.000000	 0.101457 
546.000000	 0.098986 
544.000000	 0.095501 
542.000000	 0.092436 
540.000000	 0.090033 
538.000000	 0.088933 
536.000000	 0.086953 
534.000000	 0.085110 
532.000000	 0.083712 
530.000000	 0.082011 
528.000000	 0.081208 
526.000000	 0.081749 
524.000000	 0.080496 
522.000000	 0.079118 
520.000000	 0.079996 
518.000000	 0.080836 
516.000000	 0.081246 
514.000000	 0.082188 
512.000000	 0.083647 
510.000000	 0.084109 
508.000000	 0.083662 
506.000000	 0.082458 
504.000000	 0.081614 
502.000000	 0.080291 
500.000000	 0.076900 
498.000000	 0.074887 
496.000000	 0.073718 
494.000000	 0.072960 
492.000000	 0.072915 
490.000000	 0.072340 
488.000000	 0.072331 
486.000000	 0.072407 
484.000000	 0.072000 
482.000000	 0.070325 
480.000000	 0.069584 
478.000000	 0.069606 
476.000000	 0.069391 
474.000000	 0.071007 
472.000000	 0.072297 
470.000000	 0.070377 
468.000000	 0.069090 
466.000000	 0.068055 
464.000000	 0.067293 
462.000000	 0.067000 
460.000000	 0.068189 
458.000000	 0.069660 
456.000000	 0.066728 
454.000000	 0.065030 
452.000000	 0.065241 
450.000000	 0.063964 

