4400.000000	1.668689 
4398.000000	1.639182 
4396.000000	1.647677 
4394.000000	1.684805 
4392.000000	1.697363 
4390.000000	1.674370 
4388.000000	1.650259 
4386.000000	1.638403 
4384.000000	1.688936 
4382.000000	1.750787 
4380.000000	1.726253 
4378.000000	1.661252 
4376.000000	1.632948 
4374.000000	1.670770 
4372.000000	1.693216 
4370.000000	1.691508 
4368.000000	1.703173 
4366.000000	1.696462 
4364.000000	1.663846 
4362.000000	1.637090 
4360.000000	1.654392 
4358.000000	1.664434 
4356.000000	1.681839 
4354.000000	1.732510 
4352.000000	1.737515 
4350.000000	1.689924 
4348.000000	1.625412 
4346.000000	1.612700 
4344.000000	1.617552 
4342.000000	1.625832 
4340.000000	1.663403 
4338.000000	1.657929 
4336.000000	1.640176 
4334.000000	1.658249 
4332.000000	1.674316 
4330.000000	1.687680 
4328.000000	1.710807 
4326.000000	1.685537 
4324.000000	1.640121 
4322.000000	1.661642 
4320.000000	1.684359 
4318.000000	1.648372 
4316.000000	1.638520 
4314.000000	1.668535 
4312.000000	1.699757 
4310.000000	1.711376 
4308.000000	1.673139 
4306.000000	1.646134 
4304.000000	1.642424 
4302.000000	1.648652 
4300.000000	1.681182 
4298.000000	1.720053 
4296.000000	1.716223 
4294.000000	1.662450 
4292.000000	1.616331 
4290.000000	1.626839 
4288.000000	1.686179 
4286.000000	1.724109 
4284.000000	1.696210 
4282.000000	1.646552 
4280.000000	1.633625 
4278.000000	1.646983 
4276.000000	1.653617 
4274.000000	1.658579 
4272.000000	1.671765 
4270.000000	1.675364 
4268.000000	1.654902 
4266.000000	1.633732 
4264.000000	1.639859 
4262.000000	1.702134 
4260.000000	1.735708 
4258.000000	1.723747 
4256.000000	1.696410 
4254.000000	1.649760 
4252.000000	1.621662 
4250.000000	1.654093 
4248.000000	1.732258 
4246.000000	1.725972 
4244.000000	1.668964 
4242.000000	1.642965 
4240.000000	1.633892 
4238.000000	1.646111 
4236.000000	1.692803 
4234.000000	1.717858 
4232.000000	1.727877 
4230.000000	1.691193 
4228.000000	1.647240 
4226.000000	1.678982 
4224.000000	1.702922 
4222.000000	1.712619 
4220.000000	1.726088 
4218.000000	1.708240 
4216.000000	1.674409 
4214.000000	1.626445 
4212.000000	1.630598 
4210.000000	1.647300 
4208.000000	1.649030 
4206.000000	1.673417 
4204.000000	1.687065 
4202.000000	1.681635 
4200.000000	1.673095 
4198.000000	1.663584 
4196.000000	1.673998 
4194.000000	1.712213 
4192.000000	1.733545 
4190.000000	1.735224 
4188.000000	1.729240 
4186.000000	1.697998 
4184.000000	1.661946 
4182.000000	1.669032 
4180.000000	1.708410 
4178.000000	1.705752 
4176.000000	1.693952 
4174.000000	1.636215 
4172.000000	1.617321 
4170.000000	1.676065 
4168.000000	1.717167 
4166.000000	1.714541 
4164.000000	1.697162 
4162.000000	1.678725 
4160.000000	1.665928 
4158.000000	1.692186 
4156.000000	1.738880 
4154.000000	1.749768 
4152.000000	1.709421 
4150.000000	1.684449 
4148.000000	1.680810 
4146.000000	1.668964 
4144.000000	1.638727 
4142.000000	1.631936 
4140.000000	1.669965 
4138.000000	1.709808 
4136.000000	1.702917 
4134.000000	1.653067 
4132.000000	1.627002 
4130.000000	1.657740 
4128.000000	1.692798 
4126.000000	1.727125 
4124.000000	1.717853 
4122.000000	1.669037 
4120.000000	1.640470 
4118.000000	1.624923 
4116.000000	1.657576 
4114.000000	1.707242 
4112.000000	1.689179 
4110.000000	1.650467 
4108.000000	1.625893 
4106.000000	1.598721 
4104.000000	1.590577 
4102.000000	1.639579 
4100.000000	1.701816 
4098.000000	1.717312 
4096.000000	1.723928 
4094.000000	1.710631 
4092.000000	1.688861 
4090.000000	1.718237 
4088.000000	1.745023 
4086.000000	1.737096 
4084.000000	1.723917 
4082.000000	1.678108 
4080.000000	1.621211 
4078.000000	1.631373 
4076.000000	1.671887 
4074.000000	1.709776 
4072.000000	1.702301 
4070.000000	1.671411 
4068.000000	1.660129 
4066.000000	1.639728 
4064.000000	1.645951 
4062.000000	1.662126 
4060.000000	1.686004 
4058.000000	1.732303 
4056.000000	1.721910 
4054.000000	1.682541 
4052.000000	1.666365 
4050.000000	1.687705 
4048.000000	1.713678 
4046.000000	1.726165 
4044.000000	1.709935 
4042.000000	1.656373 
4040.000000	1.619402 
4038.000000	1.628192 
4036.000000	1.674555 
4034.000000	1.696024 
4032.000000	1.701977 
4030.000000	1.720972 
4028.000000	1.710063 
4026.000000	1.668260 
4024.000000	1.649145 
4022.000000	1.679402 
4020.000000	1.728026 
4018.000000	1.733803 
4016.000000	1.696462 
4014.000000	1.655192 
4012.000000	1.632513 
4010.000000	1.652667 
4008.000000	1.698318 
4006.000000	1.683794 
4004.000000	1.668187 
4002.000000	1.681336 
4000.000000	1.663484 
3998.000000	1.646373 
3996.000000	1.655843 
3994.000000	1.655398 
3992.000000	1.648643 
3990.000000	1.658018 
3988.000000	1.668110 
3986.000000	1.653767 
3984.000000	1.633358 
3982.000000	1.654233 
3980.000000	1.713030 
3978.000000	1.732756 
3976.000000	1.675928 
3974.000000	1.625627 
3972.000000	1.613958 
3970.000000	1.622481 
3968.000000	1.675143 
3966.000000	1.718659 
3964.000000	1.730279 
3962.000000	1.720292 
3960.000000	1.679922 
3958.000000	1.660503 
3956.000000	1.674869 
3954.000000	1.704114 
3952.000000	1.698427 
3950.000000	1.660987 
3948.000000	1.645543 
3946.000000	1.629526 
3944.000000	1.629147 
3942.000000	1.671537 
3940.000000	1.705962 
3938.000000	1.686411 
3936.000000	1.653175 
3934.000000	1.617338 
3932.000000	1.612274 
3930.000000	1.651019 
3928.000000	1.688694 
3926.000000	1.707432 
3924.000000	1.709177 
3922.000000	1.692736 
3920.000000	1.640850 
3918.000000	1.632326 
3916.000000	1.650370 
3914.000000	1.664778 
3912.000000	1.689174 
3910.000000	1.667374 
3908.000000	1.652881 
3906.000000	1.656345 
3904.000000	1.644565 
3902.000000	1.662959 
3900.000000	1.717426 
3898.000000	1.754836 
3896.000000	1.715819 
3894.000000	1.664061 
3892.000000	1.650565 
3890.000000	1.654649 
3888.000000	1.652783 
3886.000000	1.672228 
3884.000000	1.700531 
3882.000000	1.654785 
3880.000000	1.607773 
3878.000000	1.630806 
3876.000000	1.651269 
3874.000000	1.666168 
3872.000000	1.703366 
3870.000000	1.693359 
3868.000000	1.678730 
3866.000000	1.660034 
3864.000000	1.625644 
3862.000000	1.648497 
3860.000000	1.692527 
3858.000000	1.706710 
3856.000000	1.660555 
3854.000000	1.613342 
3852.000000	1.615604 
3850.000000	1.633629 
3848.000000	1.656584 
3846.000000	1.673949 
3844.000000	1.692211 
3842.000000	1.670338 
3840.000000	1.626800 
3838.000000	1.600265 
3836.000000	1.629933 
3834.000000	1.699213 
3832.000000	1.717669 
3830.000000	1.675226 
3828.000000	1.648661 
3826.000000	1.653063 
3824.000000	1.618734 
3822.000000	1.621069 
3820.000000	1.719651 
3818.000000	1.742561 
3816.000000	1.680542 
3814.000000	1.652170 
3812.000000	1.641239 
3810.000000	1.621978 
3808.000000	1.605229 
3806.000000	1.651236 
3804.000000	1.675830 
3802.000000	1.650532 
3800.000000	1.629094 
3798.000000	1.597863 
3796.000000	1.604354 
3794.000000	1.657002 
3792.000000	1.704953 
3790.000000	1.701279 
3788.000000	1.665027 
3786.000000	1.655482 
3784.000000	1.676267 
3782.000000	1.688466 
3780.000000	1.709558 
3778.000000	1.736921 
3776.000000	1.700796 
3774.000000	1.642070 
3772.000000	1.635750 
3770.000000	1.657703 
3768.000000	1.657830 
3766.000000	1.687100 
3764.000000	1.702817 
3762.000000	1.648679 
3760.000000	1.609868 
3758.000000	1.589107 
3756.000000	1.602929 
3754.000000	1.681053 
3752.000000	1.751353 
3750.000000	1.736628 
3748.000000	1.687302 
3746.000000	1.658697 
3744.000000	1.622685 
3742.000000	1.637764 
3740.000000	1.704067 
3738.000000	1.708304 
3736.000000	1.661048 
3734.000000	1.621839 
3732.000000	1.604892 
3730.000000	1.633785 
3728.000000	1.676439 
3726.000000	1.685487 
3724.000000	1.678952 
3722.000000	1.663255 
3720.000000	1.642888 
3718.000000	1.614925 
3716.000000	1.622885 
3714.000000	1.650074 
3712.000000	1.676085 
3710.000000	1.723676 
3708.000000	1.705499 
3706.000000	1.661323 
3704.000000	1.648965 
3702.000000	1.652318 
3700.000000	1.681888 
3698.000000	1.702368 
3696.000000	1.680532 
3694.000000	1.654794 
3692.000000	1.638470 
3690.000000	1.638132 
3688.000000	1.657524 
3686.000000	1.695567 
3684.000000	1.716439 
3682.000000	1.720749 
3680.000000	1.688244 
3678.000000	1.602058 
3676.000000	1.585624 
3674.000000	1.643320 
3672.000000	1.677935 
3670.000000	1.693942 
3668.000000	1.695608 
3666.000000	1.692374 
3664.000000	1.658796 
3662.000000	1.655243 
3660.000000	1.700827 
3658.000000	1.744701 
3656.000000	1.776568 
3654.000000	1.730346 
3652.000000	1.634699 
3650.000000	1.624465 
3648.000000	1.682327 
3646.000000	1.721812 
3644.000000	1.756960 
3642.000000	1.731092 
3640.000000	1.713480 
3638.000000	1.708521 
3636.000000	1.668752 
3634.000000	1.661238 
3632.000000	1.675354 
3630.000000	1.702269 
3628.000000	1.706267 
3626.000000	1.662793 
3624.000000	1.655384 
3622.000000	1.666610 
3620.000000	1.684569 
3618.000000	1.729840 
3616.000000	1.712485 
3614.000000	1.666432 
3612.000000	1.644940 
3610.000000	1.626603 
3608.000000	1.643575 
3606.000000	1.662083 
3604.000000	1.689058 
3602.000000	1.705195 
3600.000000	1.664951 
3598.000000	1.636363 
3596.000000	1.625142 
3594.000000	1.694080 
3592.000000	1.765207 
3590.000000	1.740705 
3588.000000	1.709383 
3586.000000	1.684764 
3584.000000	1.672885 
3582.000000	1.684689 
3580.000000	1.690182 
3578.000000	1.702473 
3576.000000	1.714589 
3574.000000	1.684514 
3572.000000	1.659590 
3570.000000	1.660892 
3568.000000	1.674859 
3566.000000	1.713383 
3564.000000	1.741909 
3562.000000	1.742870 
3560.000000	1.728375 
3558.000000	1.711946 
3556.000000	1.703716 
3554.000000	1.703926 
3552.000000	1.721534 
3550.000000	1.720776 
3548.000000	1.705499 
3546.000000	1.676036 
3544.000000	1.648758 
3542.000000	1.680810 
3540.000000	1.704675 
3538.000000	1.703685 
3536.000000	1.690614 
3534.000000	1.679249 
3532.000000	1.634516 
3530.000000	1.590964 
3528.000000	1.615493 
3526.000000	1.677664 
3524.000000	1.717156 
3522.000000	1.725372 
3520.000000	1.707659 
3518.000000	1.669399 
3516.000000	1.668655 
3514.000000	1.683065 
3512.000000	1.695233 
3510.000000	1.710147 
3508.000000	1.715459 
3506.000000	1.708246 
3504.000000	1.695598 
3502.000000	1.692303 
3500.000000	1.709103 
3498.000000	1.731873 
3496.000000	1.720330 
3494.000000	1.697946 
3492.000000	1.670067 
3490.000000	1.644497 
3488.000000	1.673319 
3486.000000	1.694736 
3484.000000	1.714347 
3482.000000	1.721370 
3480.000000	1.673041 
3478.000000	1.651506 
3476.000000	1.651970 
3474.000000	1.656776 
3472.000000	1.709962 
3470.000000	1.732163 
3468.000000	1.732297 
3466.000000	1.695357 
3464.000000	1.654612 
3462.000000	1.661632 
3460.000000	1.661699 
3458.000000	1.671197 
3456.000000	1.688562 
3454.000000	1.682621 
3452.000000	1.681844 
3450.000000	1.667524 
3448.000000	1.661471 
3446.000000	1.690710 
3444.000000	1.714675 
3442.000000	1.721915 
3440.000000	1.684359 
3438.000000	1.664147 
3436.000000	1.685095 
3434.000000	1.702353 
3432.000000	1.693237 
3430.000000	1.674027 
3428.000000	1.687110 
3426.000000	1.674164 
3424.000000	1.639412 
3422.000000	1.642397 
3420.000000	1.671119 
3418.000000	1.704015 
3416.000000	1.719743 
3414.000000	1.680631 
3412.000000	1.645969 
3410.000000	1.639634 
3408.000000	1.651603 
3406.000000	1.668699 
3404.000000	1.687917 
3402.000000	1.697198 
3400.000000	1.670857 
3398.000000	1.633051 
3396.000000	1.635302 
3394.000000	1.651988 
3392.000000	1.674174 
3390.000000	1.709505 
3388.000000	1.691997 
3386.000000	1.658475 
3384.000000	1.656781 
3382.000000	1.649076 
3380.000000	1.658848 
3378.000000	1.705226 
3376.000000	1.727307 
3374.000000	1.691610 
3372.000000	1.663121 
3370.000000	1.646107 
3368.000000	1.660906 
3366.000000	1.712411 
3364.000000	1.716298 
3362.000000	1.707258 
3360.000000	1.714031 
3358.000000	1.682287 
3356.000000	1.671357 
3354.000000	1.692905 
3352.000000	1.699053 
3350.000000	1.698680 
3348.000000	1.672641 
3346.000000	1.657604 
3344.000000	1.656659 
3342.000000	1.653314 
3340.000000	1.658867 
3338.000000	1.662650 
3336.000000	1.662659 
3334.000000	1.646286 
3332.000000	1.626419 
3330.000000	1.621155 
3328.000000	1.632122 
3326.000000	1.654542 
3324.000000	1.677965 
3322.000000	1.692272 
3320.000000	1.679432 
3318.000000	1.643325 
3316.000000	1.649884 
3314.000000	1.687640 
3312.000000	1.684639 
3310.000000	1.680889 
3308.000000	1.681123 
3306.000000	1.675800 
3304.000000	1.661005 
3302.000000	1.672310 
3300.000000	1.688583 
3298.000000	1.675467 
3296.000000	1.657618 
3294.000000	1.647714 
3292.000000	1.630996 
3290.000000	1.617454 
3288.000000	1.623799 
3286.000000	1.667798 
3284.000000	1.720564 
3282.000000	1.704759 
3280.000000	1.675530 
3278.000000	1.648675 
3276.000000	1.632922 
3274.000000	1.647705 
3272.000000	1.667606 
3270.000000	1.683264 
3268.000000	1.664711 
3266.000000	1.641629 
3264.000000	1.616169 
3262.000000	1.621367 
3260.000000	1.644693 
3258.000000	1.669859 
3256.000000	1.705873 
3254.000000	1.725438 
3252.000000	1.678369 
3250.000000	1.639227 
3248.000000	1.623607 
3246.000000	1.632735 
3244.000000	1.670639 
3242.000000	1.689757 
3240.000000	1.673222 
3238.000000	1.656129 
3236.000000	1.645049 
3234.000000	1.645287 
3232.000000	1.645951 
3230.000000	1.656842 
3228.000000	1.659075 
3226.000000	1.638191 
3224.000000	1.649422 
3222.000000	1.640402 
3220.000000	1.639516 
3218.000000	1.655220 
3216.000000	1.655505 
3214.000000	1.651144 
3212.000000	1.630152 
3210.000000	1.611342 
3208.000000	1.638538 
3206.000000	1.659311 
3204.000000	1.665238 
3202.000000	1.685060 
3200.000000	1.668815 
3198.000000	1.643097 
3196.000000	1.633585 
3194.000000	1.661219 
3192.000000	1.689189 
3190.000000	1.684744 
3188.000000	1.668318 
3186.000000	1.642951 
3184.000000	1.625880 
3182.000000	1.617832 
3180.000000	1.636686 
3178.000000	1.668617 
3176.000000	1.669811 
3174.000000	1.672827 
3172.000000	1.683005 
3170.000000	1.660569 
3168.000000	1.643284 
3166.000000	1.635459 
3164.000000	1.638177 
3162.000000	1.657472 
3160.000000	1.658131 
3158.000000	1.658268 
3156.000000	1.648956 
3154.000000	1.630691 
3152.000000	1.636964 
3150.000000	1.679130 
3148.000000	1.698267 
3146.000000	1.669912 
3144.000000	1.645864 
3142.000000	1.636117 
3140.000000	1.640900 
3138.000000	1.666389 
3136.000000	1.676085 
3134.000000	1.667505 
3132.000000	1.660531 
3130.000000	1.649593 
3128.000000	1.657938 
3126.000000	1.660821 
3124.000000	1.667688 
3122.000000	1.691056 
3120.000000	1.661081 
3118.000000	1.626782 
3116.000000	1.635204 
3114.000000	1.648216 
3112.000000	1.650176 
3110.000000	1.655117 
3108.000000	1.674692 
3106.000000	1.671542 
3104.000000	1.646694 
3102.000000	1.637040 
3100.000000	1.645013 
3098.000000	1.641838 
3096.000000	1.651747 
3094.000000	1.667789 
3092.000000	1.667745 
3090.000000	1.644332 
3088.000000	1.642151 
3086.000000	1.660513 
3084.000000	1.666571 
3082.000000	1.687221 
3080.000000	1.678335 
3078.000000	1.654215 
3076.000000	1.635088 
3074.000000	1.626379 
3072.000000	1.657618 
3070.000000	1.678982 
3068.000000	1.696256 
3066.000000	1.696889 
3064.000000	1.650028 
3062.000000	1.621605 
3060.000000	1.617424 
3058.000000	1.644058 
3056.000000	1.680676 
3054.000000	1.689503 
3052.000000	1.686019 
3050.000000	1.650139 
3048.000000	1.645223 
3046.000000	1.673954 
3044.000000	1.681660 
3042.000000	1.669690 
3040.000000	1.653193 
3038.000000	1.645878 
3036.000000	1.638556 
3034.000000	1.640130 
3032.000000	1.664190 
3030.000000	1.683329 
3028.000000	1.685005 
3026.000000	1.650430 
3024.000000	1.610087 
3022.000000	1.612603 
3020.000000	1.625150 
3018.000000	1.647089 
3016.000000	1.672632 
3014.000000	1.666394 
3012.000000	1.663827 
3010.000000	1.655538 
3008.000000	1.618829 
3006.000000	1.604196 
3004.000000	1.618188 
3002.000000	1.651552 
3000.000000	1.671255 
2998.000000	1.652993 
2996.000000	1.643571 
2994.000000	1.646951 
2992.000000	1.672383 
2990.000000	1.662183 
2988.000000	1.642974 
2986.000000	1.641870 
2984.000000	1.632597 
2982.000000	1.633513 
2980.000000	1.639263 
2978.000000	1.640139 
2976.000000	1.657378 
2974.000000	1.658862 
2972.000000	1.642110 
2970.000000	1.620796 
2968.000000	1.607819 
2966.000000	1.630289 
2964.000000	1.644647 
2962.000000	1.659325 
2960.000000	1.666634 
2958.000000	1.636986 
2956.000000	1.623185 
2954.000000	1.621484 
2952.000000	1.646276 
2950.000000	1.672203 
2948.000000	1.657660 
2946.000000	1.664687 
2944.000000	1.638326 
2942.000000	1.604434 
2940.000000	1.617548 
2938.000000	1.646290 
2936.000000	1.672242 
2934.000000	1.676188 
2932.000000	1.652170 
2930.000000	1.631293 
2928.000000	1.619492 
2926.000000	1.631652 
2924.000000	1.661309 
2922.000000	1.680562 
2920.000000	1.674893 
2918.000000	1.646125 
2916.000000	1.636139 
2914.000000	1.627581 
2912.000000	1.634597 
2910.000000	1.666134 
2908.000000	1.654832 
2906.000000	1.638371 
2904.000000	1.632193 
2902.000000	1.624923 
2900.000000	1.634003 
2898.000000	1.634146 
2896.000000	1.642360 
2894.000000	1.643256 
2892.000000	1.632953 
2890.000000	1.634592 
2888.000000	1.647227 
2886.000000	1.653538 
2884.000000	1.663684 
2882.000000	1.658636 
2880.000000	1.646460 
2878.000000	1.619937 
2876.000000	1.611621 
2874.000000	1.642070 
2872.000000	1.643302 
2870.000000	1.640447 
2868.000000	1.646992 
2866.000000	1.636475 
2864.000000	1.623024 
2862.000000	1.610265 
2860.000000	1.611511 
2858.000000	1.617338 
2856.000000	1.654275 
2854.000000	1.688588 
2852.000000	1.661570 
2850.000000	1.634431 
2848.000000	1.610974 
2846.000000	1.616207 
2844.000000	1.648229 
2842.000000	1.655529 
2840.000000	1.661153 
2838.000000	1.647148 
2836.000000	1.616314 
2834.000000	1.611837 
2832.000000	1.619135 
2830.000000	1.641335 
2828.000000	1.659557 
2826.000000	1.643229 
2824.000000	1.619006 
2822.000000	1.611714 
2820.000000	1.632353 
2818.000000	1.671790 
2816.000000	1.685045 
2814.000000	1.666471 
2812.000000	1.616785 
2810.000000	1.602709 
2808.000000	1.608567 
2806.000000	1.598540 
2804.000000	1.606567 
2802.000000	1.627203 
2800.000000	1.643147 
2798.000000	1.619380 
2796.000000	1.595048 
2794.000000	1.602203 
2792.000000	1.611905 
2790.000000	1.638272 
2788.000000	1.663579 
2786.000000	1.648739 
2784.000000	1.622069 
2782.000000	1.594637 
2780.000000	1.590875 
2778.000000	1.620334 
2776.000000	1.652267 
2774.000000	1.650463 
2772.000000	1.638637 
2770.000000	1.613435 
2768.000000	1.603161 
2766.000000	1.608710 
2764.000000	1.626559 
2762.000000	1.658994 
2760.000000	1.666841 
2758.000000	1.661399 
2756.000000	1.646249 
2754.000000	1.625972 
2752.000000	1.616644 
2750.000000	1.635606 
2748.000000	1.646639 
2746.000000	1.628597 
2744.000000	1.621623 
2742.000000	1.618188 
2740.000000	1.624535 
2738.000000	1.642433 
2736.000000	1.650602 
2734.000000	1.653263 
2732.000000	1.647949 
2730.000000	1.634271 
2728.000000	1.618511 
2726.000000	1.606859 
2724.000000	1.626673 
2722.000000	1.646373 
2720.000000	1.641267 
2718.000000	1.647162 
2716.000000	1.618967 
2714.000000	1.597068 
2712.000000	1.599840 
2710.000000	1.617064 
2708.000000	1.654458 
2706.000000	1.649584 
2704.000000	1.622698 
2702.000000	1.602365 
2700.000000	1.598515 
2698.000000	1.626003 
2696.000000	1.656021 
2694.000000	1.661371 
2692.000000	1.653212 
2690.000000	1.630633 
2688.000000	1.608760 
2686.000000	1.604408 
2684.000000	1.630576 
2682.000000	1.648652 
2680.000000	1.638308 
2678.000000	1.633362 
2676.000000	1.625530 
2674.000000	1.603547 
2672.000000	1.609434 
2670.000000	1.626322 
2668.000000	1.635007 
2666.000000	1.643275 
2664.000000	1.630065 
2662.000000	1.618519 
2660.000000	1.595556 
2658.000000	1.598281 
2656.000000	1.625054 
2654.000000	1.640691 
2652.000000	1.658127 
2650.000000	1.642706 
2648.000000	1.612240 
2646.000000	1.593076 
2644.000000	1.600442 
2642.000000	1.621883 
2640.000000	1.612934 
2638.000000	1.605079 
2636.000000	1.597937 
2634.000000	1.585999 
2632.000000	1.610425 
2630.000000	1.638083 
2628.000000	1.642892 
2626.000000	1.630939 
2624.000000	1.612598 
2622.000000	1.597309 
2620.000000	1.592237 
2618.000000	1.614742 
2616.000000	1.633362 
2614.000000	1.642751 
2612.000000	1.652490 
2610.000000	1.627392 
2608.000000	1.598828 
2606.000000	1.617896 
2604.000000	1.629513 
2602.000000	1.630833 
2600.000000	1.636412 
2598.000000	1.646011 
2596.000000	1.647889 
2594.000000	1.606479 
2592.000000	1.601487 
2590.000000	1.629553 
2588.000000	1.652086 
2586.000000	1.643931 
2584.000000	1.607434 
2582.000000	1.596111 
2580.000000	1.594100 
2578.000000	1.594547 
2576.000000	1.616395 
2574.000000	1.626712 
2572.000000	1.615318 
2570.000000	1.599955 
2568.000000	1.588512 
2566.000000	1.591817 
2564.000000	1.582335 
2562.000000	1.603439 
2560.000000	1.638704 
2558.000000	1.626506 
2556.000000	1.598520 
2554.000000	1.582169 
2552.000000	1.601359 
2550.000000	1.624435 
2548.000000	1.647351 
2546.000000	1.668390 
2544.000000	1.632055 
2542.000000	1.602303 
2540.000000	1.589195 
2538.000000	1.570882 
2536.000000	1.590411 
2534.000000	1.614205 
2532.000000	1.632730 
2530.000000	1.635638 
2528.000000	1.602730 
2526.000000	1.585823 
2524.000000	1.598417 
2522.000000	1.629663 
2520.000000	1.644931 
2518.000000	1.628861 
2516.000000	1.606537 
2514.000000	1.584485 
2512.000000	1.580987 
2510.000000	1.601272 
2508.000000	1.610691 
2506.000000	1.603248 
2504.000000	1.603481 
2502.000000	1.585082 
2500.000000	1.562490 
2498.000000	1.550774 
2496.000000	1.566155 
2494.000000	1.597748 
2492.000000	1.615980 
2490.000000	1.619087 
2488.000000	1.583480 
2486.000000	1.572887 
2484.000000	1.597625 
2482.000000	1.609055 
2480.000000	1.625981 
2478.000000	1.626721 
2476.000000	1.598943 
2474.000000	1.575116 
2472.000000	1.574307 
2470.000000	1.578786 
2468.000000	1.593896 
2466.000000	1.619225 
2464.000000	1.607065 
2462.000000	1.579145 
2460.000000	1.574937 
2458.000000	1.588878 
2456.000000	1.615156 
2454.000000	1.624060 
2452.000000	1.618653 
2450.000000	1.607513 
2448.000000	1.586858 
2446.000000	1.586274 
2444.000000	1.586103 
2442.000000	1.578911 
2440.000000	1.588119 
2438.000000	1.583706 
2436.000000	1.578597 
2434.000000	1.582450 
2432.000000	1.571071 
2430.000000	1.569147 
2428.000000	1.586171 
2426.000000	1.618231 
2424.000000	1.636529 
2422.000000	1.627976 
2420.000000	1.609261 
2418.000000	1.580747 
2416.000000	1.578723 
2414.000000	1.586622 
2412.000000	1.584740 
2410.000000	1.598495 
2408.000000	1.582457 
2406.000000	1.551559 
2404.000000	1.561908 
2402.000000	1.583297 
2400.000000	1.614031 
2398.000000	1.626760 
2396.000000	1.593275 
2394.000000	1.558366 
2392.000000	1.546241 
2390.000000	1.563502 
2388.000000	1.595097 
2386.000000	1.613920 
2384.000000	1.604629 
2382.000000	1.580506 
2380.000000	1.567871 
2378.000000	1.559416 
2376.000000	1.562229 
2374.000000	1.600355 
2372.000000	1.608160 
2370.000000	1.582608 
2368.000000	1.560111 
2366.000000	1.547594 
2364.000000	1.565135 
2362.000000	1.589015 
2360.000000	1.634972 
2358.000000	1.680185 
2356.000000	1.654149 
2354.000000	1.615942 
2352.000000	1.590439 
2350.000000	1.606027 
2348.000000	1.619686 
2346.000000	1.620749 
2344.000000	1.653123 
2342.000000	1.652984 
2340.000000	1.600562 
2338.000000	1.576957 
2336.000000	1.575544 
2334.000000	1.625181 
2332.000000	1.651464 
2330.000000	1.650153 
2328.000000	1.622694 
2326.000000	1.567744 
2324.000000	1.566060 
2322.000000	1.601276 
2320.000000	1.634458 
2318.000000	1.637189 
2316.000000	1.608395 
2314.000000	1.590794 
2312.000000	1.578637 
2310.000000	1.574913 
2308.000000	1.583528 
2306.000000	1.611600 
2304.000000	1.632570 
2302.000000	1.594783 
2300.000000	1.566350 
2298.000000	1.582659 
2296.000000	1.585955 
2294.000000	1.606952 
2292.000000	1.621943 
2290.000000	1.628170 
2288.000000	1.626804 
2286.000000	1.601706 
2284.000000	1.615933 
2282.000000	1.623163 
2280.000000	1.631452 
2278.000000	1.652104 
2276.000000	1.642288 
2274.000000	1.630302 
2272.000000	1.608840 
2270.000000	1.597572 
2268.000000	1.629805 
2266.000000	1.658782 
2264.000000	1.661917 
2262.000000	1.634784 
2260.000000	1.604234 
2258.000000	1.609855 
2256.000000	1.626235 
2254.000000	1.656574 
2252.000000	1.699737 
2250.000000	1.698282 
2248.000000	1.669409 
2246.000000	1.641811 
2244.000000	1.627296 
2242.000000	1.643152 
2240.000000	1.672793 
2238.000000	1.694121 
2236.000000	1.662536 
2234.000000	1.649649 
2232.000000	1.658032 
2230.000000	1.651417 
2228.000000	1.681759 
2226.000000	1.708701 
2224.000000	1.688997 
2222.000000	1.677093 
2220.000000	1.663331 
2218.000000	1.659122 
2216.000000	1.665439 
2214.000000	1.686949 
2212.000000	1.713490 
2210.000000	1.698143 
2208.000000	1.693094 
2206.000000	1.693615 
2204.000000	1.682980 
2202.000000	1.682103 
2200.000000	1.699312 
2198.000000	1.735804 
2196.000000	1.730268 
2194.000000	1.707395 
2192.000000	1.704917 
2190.000000	1.694172 
2188.000000	1.720031 
2186.000000	1.744161 
2184.000000	1.734521 
2182.000000	1.721664 
2180.000000	1.692221 
2178.000000	1.658631 
2176.000000	1.678923 
2174.000000	1.692038 
2172.000000	1.706136 
2170.000000	1.717199 
2168.000000	1.707306 
2166.000000	1.685582 
2164.000000	1.669994 
2162.000000	1.702723 
2160.000000	1.733181 
2158.000000	1.751190 
2156.000000	1.769253 
2154.000000	1.745985 
2152.000000	1.729179 
2150.000000	1.741566 
2148.000000	1.769034 
2146.000000	1.825205 
2144.000000	1.857453 
2142.000000	1.859973 
2140.000000	1.844885 
2138.000000	1.819776 
2136.000000	1.816113 
2134.000000	1.827565 
2132.000000	1.858536 
2130.000000	1.864256 
2128.000000	1.847151 
2126.000000	1.857073 
2124.000000	1.847894 
2122.000000	1.892442 
2120.000000	1.971092 
2118.000000	2.009122 
2116.000000	2.003545 
2114.000000	1.992579 
2112.000000	1.978005 
2110.000000	1.953483 
2108.000000	1.964857 
2106.000000	2.002304 
2104.000000	2.007024 
2102.000000	1.966455 
2100.000000	1.881761 
2098.000000	1.850287 
2096.000000	1.872560 
2094.000000	1.897280 
2092.000000	1.965584 
2090.000000	2.034312 
2088.000000	2.011055 
2086.000000	1.955217 
2084.000000	1.870496 
2082.000000	1.851941 
2080.000000	1.908766 
2078.000000	1.927720 
2076.000000	1.877498 
2074.000000	1.793124 
2072.000000	1.745547 
2070.000000	1.752043 
2068.000000	1.748588 
2066.000000	1.712838 
2064.000000	1.671396 
2062.000000	1.640017 
2060.000000	1.613193 
2058.000000	1.586422 
2056.000000	1.580554 
2054.000000	1.580837 
2052.000000	1.593588 
2050.000000	1.604463 
2048.000000	1.574968 
2046.000000	1.542246 
2044.000000	1.523895 
2042.000000	1.534347 
2040.000000	1.564964 
2038.000000	1.573953 
2036.000000	1.559243 
2034.000000	1.547364 
2032.000000	1.538602 
2030.000000	1.526657 
2028.000000	1.526017 
2026.000000	1.544239 
2024.000000	1.561041 
2022.000000	1.558801 
2020.000000	1.546135 
2018.000000	1.527469 
2016.000000	1.525694 
2014.000000	1.536432 
2012.000000	1.551681 
2010.000000	1.559600 
2008.000000	1.555325 
2006.000000	1.546572 
2004.000000	1.525812 
2002.000000	1.510095 
2000.000000	1.527480 
1998.000000	1.545389 
1996.000000	1.554711 
1994.000000	1.542610 
1992.000000	1.519164 
1990.000000	1.517820 
1988.000000	1.513743 
1986.000000	1.521890 
1984.000000	1.547576 
1982.000000	1.549510 
1980.000000	1.538677 
1978.000000	1.512723 
1976.000000	1.497688 
1974.000000	1.511787 
1972.000000	1.534904 
1970.000000	1.555987 
1968.000000	1.546583 
1966.000000	1.531823 
1964.000000	1.523722 
1962.000000	1.510621 
1960.000000	1.533699 
1958.000000	1.552083 
1956.000000	1.551025 
1954.000000	1.541381 
1952.000000	1.504259 
1950.000000	1.484331 
1948.000000	1.495424 
1946.000000	1.517081 
1944.000000	1.538663 
1942.000000	1.546004 
1940.000000	1.539609 
1938.000000	1.509894 
1936.000000	1.493285 
1934.000000	1.510692 
1932.000000	1.525354 
1930.000000	1.522990 
1928.000000	1.517459 
1926.000000	1.500015 
1924.000000	1.483262 
1922.000000	1.480815 
1920.000000	1.489422 
1918.000000	1.515320 
1916.000000	1.527965 
1914.000000	1.513314 
1912.000000	1.489661 
1910.000000	1.471524 
1908.000000	1.479258 
1906.000000	1.496878 
1904.000000	1.517278 
1902.000000	1.510756 
1900.000000	1.502827 
1898.000000	1.498545 
1896.000000	1.489645 
1894.000000	1.512046 
1892.000000	1.517715 
1890.000000	1.508109 
1888.000000	1.508196 
1886.000000	1.483577 
1884.000000	1.472651 
1882.000000	1.481282 
1880.000000	1.499888 
1878.000000	1.524386 
1876.000000	1.536539 
1874.000000	1.524335 
1872.000000	1.485371 
1870.000000	1.456659 
1868.000000	1.470058 
1866.000000	1.497086 
1864.000000	1.510340 
1862.000000	1.501770 
1860.000000	1.492921 
1858.000000	1.497847 
1856.000000	1.486693 
1854.000000	1.475250 
1852.000000	1.488499 
1850.000000	1.499518 
1848.000000	1.492400 
1846.000000	1.464198 
1844.000000	1.459515 
1842.000000	1.474274 
1840.000000	1.469991 
1838.000000	1.479383 
1836.000000	1.489208 
1834.000000	1.486616 
1832.000000	1.464657 
1830.000000	1.448592 
1828.000000	1.461461 
1826.000000	1.468829 
1824.000000	1.494111 
1822.000000	1.508566 
1820.000000	1.487516 
1818.000000	1.470912 
1816.000000	1.460991 
1814.000000	1.462276 
1812.000000	1.478755 
1810.000000	1.483741 
1808.000000	1.482148 
1806.000000	1.463572 
1804.000000	1.442683 
1802.000000	1.438602 
1800.000000	1.450294 
1798.000000	1.477597 
1796.000000	1.491086 
1794.000000	1.476740 
1792.000000	1.458449 
1790.000000	1.445076 
1788.000000	1.451060 
1786.000000	1.467566 
1784.000000	1.481944 
1782.000000	1.477131 
1780.000000	1.450773 
1778.000000	1.433837 
1776.000000	1.413650 
1774.000000	1.398930 
1772.000000	1.425513 
1770.000000	1.447738 
1768.000000	1.448316 
1766.000000	1.441809 
1764.000000	1.427719 
1762.000000	1.431457 
1760.000000	1.438739 
1758.000000	1.442448 
1756.000000	1.460563 
1754.000000	1.450277 
1752.000000	1.419018 
1750.000000	1.418966 
1748.000000	1.437311 
1746.000000	1.437524 
1744.000000	1.434428 
1742.000000	1.440200 
1740.000000	1.426523 
1738.000000	1.417911 
1736.000000	1.393035 
1734.000000	1.397945 
1732.000000	1.444975 
1730.000000	1.442121 
1728.000000	1.445876 
1726.000000	1.438907 
1724.000000	1.418325 
1722.000000	1.414058 
1720.000000	1.407311 
1718.000000	1.424835 
1716.000000	1.456206 
1714.000000	1.442316 
1712.000000	1.419518 
1710.000000	1.403661 
1708.000000	1.397743 
1706.000000	1.402781 
1704.000000	1.422991 
1702.000000	1.428801 
1700.000000	1.422134 
1698.000000	1.390682 
1696.000000	1.382514 
1694.000000	1.417199 
1692.000000	1.415861 
1690.000000	1.412749 
1688.000000	1.406281 
1686.000000	1.377764 
1684.000000	1.374216 
1682.000000	1.404175 
1680.000000	1.395784 
1678.000000	1.394576 
1676.000000	1.403561 
1674.000000	1.403976 
1672.000000	1.377809 
1670.000000	1.367509 
1668.000000	1.387277 
1666.000000	1.392347 
1664.000000	1.396901 
1662.000000	1.413092 
1660.000000	1.399023 
1658.000000	1.371641 
1656.000000	1.337582 
1654.000000	1.309566 
1652.000000	1.382699 
1650.000000	1.398284 
1648.000000	1.368053 
1646.000000	1.366520 
1644.000000	1.365791 
1642.000000	1.362420 
1640.000000	1.367881 
1638.000000	1.355620 
1636.000000	1.375502 
1634.000000	1.401258 
1632.000000	1.375045 
1630.000000	1.342588 
1628.000000	1.334187 
1626.000000	1.357849 
1624.000000	1.373650 
1622.000000	1.379800 
1620.000000	1.360661 
1618.000000	1.331580 
1616.000000	1.353986 
1614.000000	1.365325 
1612.000000	1.357441 
1610.000000	1.352075 
1608.000000	1.343944 
1606.000000	1.343492 
1604.000000	1.337017 
1602.000000	1.334717 
1600.000000	1.340849 
1598.000000	1.343834 
1596.000000	1.351626 
1594.000000	1.344223 
1592.000000	1.333765 
1590.000000	1.336078 
1588.000000	1.331274 
1586.000000	1.335255 
1584.000000	1.338893 
1582.000000	1.332078 
1580.000000	1.331128 
1578.000000	1.303624 
1576.000000	1.299843 
1574.000000	1.319920 
1572.000000	1.318993 
1570.000000	1.335721 
1568.000000	1.333582 
1566.000000	1.317509 
1564.000000	1.307543 
1562.000000	1.280686 
1560.000000	1.274605 
1558.000000	1.333236 
1556.000000	1.333890 
1554.000000	1.319161 
1552.000000	1.307157 
1550.000000	1.297329 
1548.000000	1.280415 
1546.000000	1.270786 
1544.000000	1.279957 
1542.000000	1.270074 
1540.000000	1.279916 
1538.000000	1.290025 
1536.000000	1.276099 
1534.000000	1.276519 
1532.000000	1.295396 
1530.000000	1.300933 
1528.000000	1.286614 
1526.000000	1.263483 
1524.000000	1.254503 
1522.000000	1.242162 
1520.000000	1.268355 
1518.000000	1.275938 
1516.000000	1.282896 
1514.000000	1.283199 
1512.000000	1.258014 
1510.000000	1.237145 
1508.000000	1.214606 
1506.000000	1.238261 
1504.000000	1.279547 
1502.000000	1.275860 
1500.000000	1.260831 
1498.000000	1.242787 
1496.000000	1.246436 
1494.000000	1.261430 
1492.000000	1.250522 
1490.000000	1.261975 
1488.000000	1.284474 
1486.000000	1.273576 
1484.000000	1.255337 
1482.000000	1.241443 
1480.000000	1.252147 
1478.000000	1.253800 
1476.000000	1.246688 
1474.000000	1.255628 
1472.000000	1.259930 
1470.000000	1.254462 
1468.000000	1.239626 
1466.000000	1.231734 
1464.000000	1.256805 
1462.000000	1.261636 
1460.000000	1.235992 
1458.000000	1.217084 
1456.000000	1.228367 
1454.000000	1.248278 
1452.000000	1.248176 
1450.000000	1.246849 
1448.000000	1.254890 
1446.000000	1.244843 
1444.000000	1.230874 
1442.000000	1.220559 
1440.000000	1.211791 
1438.000000	1.210436 
1436.000000	1.219941 
1434.000000	1.227242 
1432.000000	1.218662 
1430.000000	1.203037 
1428.000000	1.203037 
1426.000000	1.201064 
1424.000000	1.207965 
1422.000000	1.213058 
1420.000000	1.205152 
1418.000000	1.210905 
1416.000000	1.195419 
1414.000000	1.186012 
1412.000000	1.190290 
1410.000000	1.195089 
1408.000000	1.197136 
1406.000000	1.181690 
1404.000000	1.172216 
1402.000000	1.157995 
1400.000000	1.149363 
1398.000000	1.168575 
1396.000000	1.176914 
1394.000000	1.182029 
1392.000000	1.180015 
1390.000000	1.165320 
1388.000000	1.161408 
1386.000000	1.160485 
1384.000000	1.161006 
1382.000000	1.171778 
1380.000000	1.172034 
1378.000000	1.157216 
1376.000000	1.133464 
1374.000000	1.131649 
1372.000000	1.146544 
1370.000000	1.146845 
1368.000000	1.149775 
1366.000000	1.148261 
1364.000000	1.132685 
1362.000000	1.130362 
1360.000000	1.130237 
1358.000000	1.136932 
1356.000000	1.135213 
1354.000000	1.129822 
1352.000000	1.129221 
1350.000000	1.116086 
1348.000000	1.109569 
1346.000000	1.111930 
1344.000000	1.116644 
1342.000000	1.118500 
1340.000000	1.105906 
1338.000000	1.101132 
1336.000000	1.095560 
1334.000000	1.093899 
1332.000000	1.097742 
1330.000000	1.095778 
1328.000000	1.099503 
1326.000000	1.095364 
1324.000000	1.084972 
1322.000000	1.081651 
1320.000000	1.076414 
1318.000000	1.079838 
1316.000000	1.088063 
1314.000000	1.081741 
1312.000000	1.073794 
1310.000000	1.063801 
1308.000000	1.063324 
1306.000000	1.068463 
1304.000000	1.068886 
1302.000000	1.073735 
1300.000000	1.066466 
1298.000000	1.055775 
1296.000000	1.049251 
1294.000000	1.045889 
1292.000000	1.052304 
1290.000000	1.056089 
1288.000000	1.056623 
1286.000000	1.051417 
1284.000000	1.039030 
1282.000000	1.034038 
1280.000000	1.033350 
1278.000000	1.031550 
1276.000000	1.030784 
1274.000000	1.029678 
1272.000000	1.031836 
1270.000000	1.023768 
1268.000000	1.010491 
1266.000000	1.007140 
1264.000000	1.009423 
1262.000000	1.016730 
1260.000000	1.017621 
1258.000000	1.009755 
1256.000000	0.995802 
1254.000000	0.987004 
1252.000000	0.991130 
1250.000000	0.993349 
1248.000000	0.993146 
1246.000000	0.991104 
1244.000000	0.981417 
1242.000000	0.973954 
1240.000000	0.972466 
1238.000000	0.974861 
1236.000000	0.977457 
1234.000000	0.972527 
1232.000000	0.965867 
1230.000000	0.959041 
1228.000000	0.955872 
1226.000000	0.959644 
1224.000000	0.959962 
1222.000000	0.960500 
1220.000000	0.958150 
1218.000000	0.949954 
1216.000000	0.946026 
1214.000000	0.940420 
1212.000000	0.940946 
1210.000000	0.944921 
1208.000000	0.944636 
1206.000000	0.947132 
1204.000000	0.942557 
1202.000000	0.936418 
1200.000000	0.935300 
1198.000000	0.939047 
1196.000000	0.950757 
1194.000000	0.955923 
1192.000000	0.953963 
1190.000000	0.952909 
1188.000000	0.946761 
1186.000000	0.949181 
1184.000000	0.959588 
1182.000000	0.964274 
1180.000000	0.964621 
1178.000000	0.956979 
1176.000000	0.957568 
1174.000000	0.965416 
1172.000000	0.971212 
1170.000000	0.985153 
1168.000000	0.994207 
1166.000000	0.993909 
1164.000000	0.992313 
1162.000000	0.992859 
1160.000000	1.005436 
1158.000000	1.017244 
1156.000000	1.027038 
1154.000000	1.033625 
1152.000000	1.030753 
1150.000000	1.033504 
1148.000000	1.037712 
1146.000000	1.045818 
1144.000000	1.057157 
1142.000000	1.066665 
1140.000000	1.073430 
1138.000000	1.066393 
1136.000000	1.065605 
1134.000000	1.072089 
1132.000000	1.080174 
1130.000000	1.093060 
1128.000000	1.093505 
1126.000000	1.092101 
1124.000000	1.094049 
1122.000000	1.085276 
1120.000000	1.089917 
1118.000000	1.109688 
1116.000000	1.125282 
1114.000000	1.130478 
1112.000000	1.125970 
1110.000000	1.127123 
1108.000000	1.121140 
1106.000000	1.121287 
1104.000000	1.135933 
1102.000000	1.144358 
1100.000000	1.153636 
1098.000000	1.147360 
1096.000000	1.138865 
1094.000000	1.137307 
1092.000000	1.138798 
1090.000000	1.157511 
1088.000000	1.171635 
1086.000000	1.164147 
1084.000000	1.157731 
1082.000000	1.142675 
1080.000000	1.146903 
1078.000000	1.166431 
1076.000000	1.177170 
1074.000000	1.184195 
1072.000000	1.173738 
1070.000000	1.156026 
1068.000000	1.142415 
1066.000000	1.141433 
1064.000000	1.164075 
1062.000000	1.177638 
1060.000000	1.183751 
1058.000000	1.170122 
1056.000000	1.143527 
1054.000000	1.143146 
1052.000000	1.139733 
1050.000000	1.146392 
1048.000000	1.157054 
1046.000000	1.143506 
1044.000000	1.139252 
1042.000000	1.123706 
1040.000000	1.111366 
1038.000000	1.122326 
1036.000000	1.123561 
1034.000000	1.120694 
1032.000000	1.111946 
1030.000000	1.096044 
1028.000000	1.089099 
1026.000000	1.078830 
1024.000000	1.076191 
1022.000000	1.073052 
1020.000000	1.057365 
1018.000000	1.036442 
1016.000000	1.006981 
1014.000000	0.991116 
1012.000000	0.986872 
1010.000000	0.974885 
1008.000000	0.960562 
1006.000000	0.944254 
1004.000000	0.929429 
1002.000000	0.910149 
1000.000000	0.891996 
998.000000	 0.884189 
996.000000	 0.874173 
994.000000	 0.864014 
992.000000	 0.853434 
990.000000	 0.843811 
988.000000	 0.844240 
986.000000	 0.848918 
984.000000	 0.860255 
982.000000	 0.870848 
980.000000	 0.874721 
978.000000	 0.874325 
976.000000	 0.867532 
974.000000	 0.860116 
972.000000	 0.849298 
970.000000	 0.836072 
968.000000	 0.828133 
966.000000	 0.816116 
964.000000	 0.802454 
962.000000	 0.788552 
960.000000	 0.777045 
958.000000	 0.775433 
956.000000	 0.772763 
954.000000	 0.769200 
952.000000	 0.764917 
950.000000	 0.756921 
948.000000	 0.754513 
946.000000	 0.755305 
944.000000	 0.760332 
942.000000	 0.768197 
940.000000	 0.772291 
938.000000	 0.776531 
936.000000	 0.778353 
934.000000	 0.779782 
932.000000	 0.782275 
930.000000	 0.781948 
928.000000	 0.785287 
926.000000	 0.781360 
924.000000	 0.770065 
922.000000	 0.772843 
920.000000	 0.780895 
918.000000	 0.794828 
916.000000	 0.809840 
914.000000	 0.812339 
912.000000	 0.812151 
910.000000	 0.806700 
908.000000	 0.801140 
906.000000	 0.797981 
904.000000	 0.792600 
902.000000	 0.790389 
900.000000	 0.775664 
898.000000	 0.754055 
896.000000	 0.738087 
894.000000	 0.720264 
892.000000	 0.708154 
890.000000	 0.701846 
888.000000	 0.698335 
886.000000	 0.694209 
884.000000	 0.686358 
882.000000	 0.682453 
880.000000	 0.681019 
878.000000	 0.685277 
876.000000	 0.696560 
874.000000	 0.701043 
872.000000	 0.703954 
870.000000	 0.703067 
868.000000	 0.703113 
866.000000	 0.707353 
864.000000	 0.710223 
862.000000	 0.714994 
860.000000	 0.713849 
858.000000	 0.706987 
856.000000	 0.705914 
854.000000	 0.702485 
852.000000	 0.701497 
850.000000	 0.704030 
848.000000	 0.705390 
846.000000	 0.702958 
844.000000	 0.690433 
842.000000	 0.686153 
840.000000	 0.689283 
838.000000	 0.688303 
836.000000	 0.693260 
834.000000	 0.693306 
832.000000	 0.684461 
830.000000	 0.675267 
828.000000	 0.669051 
826.000000	 0.665462 
824.000000	 0.657460 
822.000000	 0.656553 
820.000000	 0.657106 
818.000000	 0.646389 
816.000000	 0.635913 
814.000000	 0.625608 
812.000000	 0.624844 
810.000000	 0.629253 
808.000000	 0.621958 
806.000000	 0.614895 
804.000000	 0.603751 
802.000000	 0.592652 
800.000000	 0.586997 
798.000000	 0.581912 
796.000000	 0.584649 
794.000000	 0.579916 
792.000000	 0.567374 
790.000000	 0.556858 
788.000000	 0.543105 
786.000000	 0.534965 
784.000000	 0.530642 
782.000000	 0.524203 
780.000000	 0.514213 
778.000000	 0.499413 
776.000000	 0.486873 
774.000000	 0.477766 
772.000000	 0.472209 
770.000000	 0.469028 
768.000000	 0.462257 
766.000000	 0.453649 
764.000000	 0.443548 
762.000000	 0.434771 
760.000000	 0.431678 
758.000000	 0.429609 
756.000000	 0.430245 
754.000000	 0.427667 
752.000000	 0.419645 
750.000000	 0.416444 
748.000000	 0.413223 
746.000000	 0.411863 
744.000000	 0.414970 
742.000000	 0.417866 
740.000000	 0.419050 
738.000000	 0.414795 
736.000000	 0.414937 
734.000000	 0.418173 
732.000000	 0.421298 
730.000000	 0.430359 
728.000000	 0.436665 
726.000000	 0.438762 
724.000000	 0.440567 
722.000000	 0.441919 
720.000000	 0.448351 
718.000000	 0.455099 
716.000000	 0.462174 
714.000000	 0.467741 
712.000000	 0.465903 
710.000000	 0.467994 
708.000000	 0.469220 
706.000000	 0.473511 
704.000000	 0.485309 
702.000000	 0.489722 
700.000000	 0.492602 
698.000000	 0.492336 
696.000000	 0.491236 
694.000000	 0.499387 
692.000000	 0.505458 
690.000000	 0.514727 
688.000000	 0.526813 
686.000000	 0.535492 
684.000000	 0.544517 
682.000000	 0.549087 
680.000000	 0.561131 
678.000000	 0.575598 
676.000000	 0.585740 
674.000000	 0.596947 
672.000000	 0.597396 
670.000000	 0.601944 
668.000000	 0.611967 
666.000000	 0.600913 
664.000000	 0.598025 
662.000000	 0.592150 
660.000000	 0.577747 
658.000000	 0.565715 
656.000000	 0.554580 
654.000000	 0.549980 
652.000000	 0.544052 
650.000000	 0.548083 
648.000000	 0.563055 
646.000000	 0.568470 
644.000000	 0.570329 
642.000000	 0.569593 
640.000000	 0.574849 
638.000000	 0.590272 
636.000000	 0.606789 
634.000000	 0.623899 
632.000000	 0.625497 
630.000000	 0.625708 
628.000000	 0.626609 
626.000000	 0.609029 
624.000000	 0.594986 
622.000000	 0.579328 
620.000000	 0.546147 
618.000000	 0.498514 
616.000000	 0.443905 
614.000000	 0.406867 
612.000000	 0.378181 
610.000000	 0.354470 
608.000000	 0.341682 
606.000000	 0.316902 
604.000000	 0.291720 
602.000000	 0.272232 
600.000000	 0.255706 
598.000000	 0.248468 
596.000000	 0.240326 
594.000000	 0.232177 
592.000000	 0.221662 
590.000000	 0.208075 
588.000000	 0.200411 
586.000000	 0.194099 
584.000000	 0.191318 
582.000000	 0.187377 
580.000000	 0.179691 
578.000000	 0.172946 
576.000000	 0.163209 
574.000000	 0.157285 
572.000000	 0.153154 
570.000000	 0.145814 
568.000000	 0.143302 
566.000000	 0.136088 
564.000000	 0.127120 
562.000000	 0.124854 
560.000000	 0.122402 
558.000000	 0.122376 
556.000000	 0.120835 
554.000000	 0.118298 
552.000000	 0.115119 
550.000000	 0.105667 
548.000000	 0.102063 
546.000000	 0.102695 
544.000000	 0.100561 
542.000000	 0.099282 
540.000000	 0.095367 
538.000000	 0.094628 
536.000000	 0.093629 
534.000000	 0.090222 
532.000000	 0.089436 
530.000000	 0.087106 
528.000000	 0.085331 
526.000000	 0.084971 
524.000000	 0.082578 
522.000000	 0.080119 
520.000000	 0.076999 
518.000000	 0.078500 
516.000000	 0.085359 
514.000000	 0.088624 
512.000000	 0.088716 
510.000000	 0.084528 
508.000000	 0.080795 
506.000000	 0.080778 
504.000000	 0.081402 
502.000000	 0.085411 
500.000000	 0.083994 
498.000000	 0.077520 
496.000000	 0.072439 
494.000000	 0.066836 
492.000000	 0.070102 
490.000000	 0.074658 
488.000000	 0.076636 
486.000000	 0.075089 
484.000000	 0.066503 
482.000000	 0.062474 
480.000000	 0.060872 
478.000000	 0.061518 
476.000000	 0.065011 
474.000000	 0.060863 
472.000000	 0.057717 
470.000000	 0.054040 
468.000000	 0.047183 
466.000000	 0.047835 
464.000000	 0.051586 
462.000000	 0.056706 
460.000000	 0.055069 
458.000000	 0.045771 
456.000000	 0.042401 
454.000000	 0.039403 
452.000000	 0.047002 
450.000000	 0.055618 

