4400.000000	1.668028 
4398.000000	1.663007 
4396.000000	1.658306 
4394.000000	1.664262 
4392.000000	1.668926 
4390.000000	1.665109 
4388.000000	1.666841 
4386.000000	1.672744 
4384.000000	1.676439 
4382.000000	1.672276 
4380.000000	1.670508 
4378.000000	1.674154 
4376.000000	1.673622 
4374.000000	1.667917 
4372.000000	1.667057 
4370.000000	1.665885 
4368.000000	1.665871 
4366.000000	1.674272 
4364.000000	1.680190 
4362.000000	1.680130 
4360.000000	1.682596 
4358.000000	1.678661 
4356.000000	1.670271 
4354.000000	1.666817 
4352.000000	1.667712 
4350.000000	1.676650 
4348.000000	1.681227 
4346.000000	1.677615 
4344.000000	1.672145 
4342.000000	1.669646 
4340.000000	1.676640 
4338.000000	1.684649 
4336.000000	1.678315 
4334.000000	1.674639 
4332.000000	1.677989 
4330.000000	1.669080 
4328.000000	1.661718 
4326.000000	1.665981 
4324.000000	1.667798 
4322.000000	1.666860 
4320.000000	1.672033 
4318.000000	1.670489 
4316.000000	1.662935 
4314.000000	1.667615 
4312.000000	1.682606 
4310.000000	1.691056 
4308.000000	1.682945 
4306.000000	1.676729 
4304.000000	1.675143 
4302.000000	1.674467 
4300.000000	1.674986 
4298.000000	1.670004 
4296.000000	1.668457 
4294.000000	1.671941 
4292.000000	1.672194 
4290.000000	1.666653 
4288.000000	1.662755 
4286.000000	1.664587 
4284.000000	1.668322 
4282.000000	1.669274 
4280.000000	1.669153 
4278.000000	1.676576 
4276.000000	1.682661 
4274.000000	1.676911 
4272.000000	1.678206 
4270.000000	1.681331 
4268.000000	1.676370 
4266.000000	1.676733 
4264.000000	1.679912 
4262.000000	1.673514 
4260.000000	1.671542 
4258.000000	1.674962 
4256.000000	1.671216 
4254.000000	1.667153 
4252.000000	1.665506 
4250.000000	1.665914 
4248.000000	1.670979 
4246.000000	1.667451 
4244.000000	1.665252 
4242.000000	1.673798 
4240.000000	1.681361 
4238.000000	1.673866 
4236.000000	1.673027 
4234.000000	1.681028 
4232.000000	1.682347 
4230.000000	1.677580 
4228.000000	1.672296 
4226.000000	1.671824 
4224.000000	1.670843 
4222.000000	1.674281 
4220.000000	1.675099 
4218.000000	1.671134 
4216.000000	1.667765 
4214.000000	1.666672 
4212.000000	1.672641 
4210.000000	1.678671 
4208.000000	1.678537 
4206.000000	1.679566 
4204.000000	1.678552 
4202.000000	1.675256 
4200.000000	1.671795 
4198.000000	1.676321 
4196.000000	1.683154 
4194.000000	1.677516 
4192.000000	1.671872 
4190.000000	1.672768 
4188.000000	1.668067 
4186.000000	1.665794 
4184.000000	1.676483 
4182.000000	1.681326 
4180.000000	1.674658 
4178.000000	1.675447 
4176.000000	1.678493 
4174.000000	1.678552 
4172.000000	1.671916 
4170.000000	1.663288 
4168.000000	1.666091 
4166.000000	1.672870 
4164.000000	1.671634 
4162.000000	1.665607 
4160.000000	1.662169 
4158.000000	1.668718 
4156.000000	1.672992 
4154.000000	1.675471 
4152.000000	1.678750 
4150.000000	1.674272 
4148.000000	1.670367 
4146.000000	1.669409 
4144.000000	1.673842 
4142.000000	1.677634 
4140.000000	1.676532 
4138.000000	1.673763 
4136.000000	1.673510 
4134.000000	1.674277 
4132.000000	1.676606 
4130.000000	1.674903 
4128.000000	1.667062 
4126.000000	1.670305 
4124.000000	1.672043 
4122.000000	1.667908 
4120.000000	1.670974 
4118.000000	1.674052 
4116.000000	1.672383 
4114.000000	1.667230 
4112.000000	1.666125 
4110.000000	1.667119 
4108.000000	1.663174 
4106.000000	1.663660 
4104.000000	1.669066 
4102.000000	1.671965 
4100.000000	1.671391 
4098.000000	1.669559 
4096.000000	1.667961 
4094.000000	1.670217 
4092.000000	1.674301 
4090.000000	1.675040 
4088.000000	1.671362 
4086.000000	1.665018 
4084.000000	1.659443 
4082.000000	1.660124 
4080.000000	1.658480 
4078.000000	1.659807 
4076.000000	1.663026 
4074.000000	1.663923 
4072.000000	1.666370 
4070.000000	1.670416 
4068.000000	1.673251 
4066.000000	1.674213 
4064.000000	1.671076 
4062.000000	1.664726 
4060.000000	1.661532 
4058.000000	1.663207 
4056.000000	1.671333 
4054.000000	1.671518 
4052.000000	1.665430 
4050.000000	1.665358 
4048.000000	1.667779 
4046.000000	1.670411 
4044.000000	1.671197 
4042.000000	1.665142 
4040.000000	1.669501 
4038.000000	1.679264 
4036.000000	1.676090 
4034.000000	1.669646 
4032.000000	1.669013 
4030.000000	1.673656 
4028.000000	1.670799 
4026.000000	1.664128 
4024.000000	1.667014 
4022.000000	1.669235 
4020.000000	1.667432 
4018.000000	1.666918 
4016.000000	1.666725 
4014.000000	1.666389 
4012.000000	1.671246 
4010.000000	1.676154 
4008.000000	1.671678 
4006.000000	1.665808 
4004.000000	1.667644 
4002.000000	1.667721 
4000.000000	1.668988 
3998.000000	1.670120 
3996.000000	1.660299 
3994.000000	1.653506 
3992.000000	1.653356 
3990.000000	1.654355 
3988.000000	1.662869 
3986.000000	1.673739 
3984.000000	1.677230 
3982.000000	1.672827 
3980.000000	1.666350 
3978.000000	1.662826 
3976.000000	1.659018 
3974.000000	1.654061 
3972.000000	1.657769 
3970.000000	1.663732 
3968.000000	1.671338 
3966.000000	1.674018 
3964.000000	1.669235 
3962.000000	1.664659 
3960.000000	1.663336 
3958.000000	1.659207 
3956.000000	1.655004 
3954.000000	1.654663 
3952.000000	1.659836 
3950.000000	1.668038 
3948.000000	1.672651 
3946.000000	1.664927 
3944.000000	1.650069 
3942.000000	1.648702 
3940.000000	1.656805 
3938.000000	1.666769 
3936.000000	1.671076 
3934.000000	1.670877 
3932.000000	1.674570 
3930.000000	1.677595 
3928.000000	1.671178 
3926.000000	1.664884 
3924.000000	1.664257 
3922.000000	1.663589 
3920.000000	1.663560 
3918.000000	1.669071 
3916.000000	1.671561 
3914.000000	1.674785 
3912.000000	1.679774 
3910.000000	1.674042 
3908.000000	1.664975 
3906.000000	1.660091 
3904.000000	1.670048 
3902.000000	1.678932 
3900.000000	1.672174 
3898.000000	1.671518 
3896.000000	1.666182 
3894.000000	1.659632 
3892.000000	1.668192 
3890.000000	1.676586 
3888.000000	1.670702 
3886.000000	1.670911 
3884.000000	1.668510 
3882.000000	1.648050 
3880.000000	1.652928 
3878.000000	1.671367 
3876.000000	1.667346 
3874.000000	1.654233 
3872.000000	1.645672 
3870.000000	1.654163 
3868.000000	1.676758 
3866.000000	1.671474 
3864.000000	1.663617 
3862.000000	1.671192 
3860.000000	1.682107 
3858.000000	1.671382 
3856.000000	1.648620 
3854.000000	1.651895 
3852.000000	1.683459 
3850.000000	1.686979 
3848.000000	1.673822 
3846.000000	1.661323 
3844.000000	1.657148 
3842.000000	1.655847 
3840.000000	1.657929 
3838.000000	1.670266 
3836.000000	1.684860 
3834.000000	1.689513 
3832.000000	1.684594 
3830.000000	1.677856 
3828.000000	1.667851 
3826.000000	1.664281 
3824.000000	1.659164 
3822.000000	1.656612 
3820.000000	1.673768 
3818.000000	1.668873 
3816.000000	1.666552 
3814.000000	1.681874 
3812.000000	1.681053 
3810.000000	1.668342 
3808.000000	1.661851 
3806.000000	1.665540 
3804.000000	1.655304 
3802.000000	1.647636 
3800.000000	1.669506 
3798.000000	1.677107 
3796.000000	1.681993 
3794.000000	1.686104 
3792.000000	1.683929 
3790.000000	1.679605 
3788.000000	1.669129 
3786.000000	1.664200 
3784.000000	1.673964 
3782.000000	1.678246 
3780.000000	1.677812 
3778.000000	1.681297 
3776.000000	1.677876 
3774.000000	1.671124 
3772.000000	1.667803 
3770.000000	1.669143 
3768.000000	1.672184 
3766.000000	1.673490 
3764.000000	1.679551 
3762.000000	1.679734 
3760.000000	1.686174 
3758.000000	1.695968 
3756.000000	1.691615 
3754.000000	1.675070 
3752.000000	1.670489 
3750.000000	1.699763 
3748.000000	1.721038 
3746.000000	1.708870 
3744.000000	1.709114 
3742.000000	1.726088 
3740.000000	1.721141 
3738.000000	1.700510 
3736.000000	1.697002 
3734.000000	1.723813 
3732.000000	1.737769 
3730.000000	1.737792 
3728.000000	1.732907 
3726.000000	1.723988 
3724.000000	1.721850 
3722.000000	1.728358 
3720.000000	1.733977 
3718.000000	1.737334 
3716.000000	1.732498 
3714.000000	1.727064 
3712.000000	1.740386 
3710.000000	1.759166 
3708.000000	1.760321 
3706.000000	1.751365 
3704.000000	1.734263 
3702.000000	1.742693 
3700.000000	1.768390 
3698.000000	1.766402 
3696.000000	1.760870 
3694.000000	1.771253 
3692.000000	1.771046 
3690.000000	1.775011 
3688.000000	1.794412 
3686.000000	1.801858 
3684.000000	1.801707 
3682.000000	1.801858 
3680.000000	1.801399 
3678.000000	1.790957 
3676.000000	1.796402 
3674.000000	1.826884 
3672.000000	1.826773 
3670.000000	1.831453 
3668.000000	1.850573 
3666.000000	1.845914 
3664.000000	1.840467 
3662.000000	1.837957 
3660.000000	1.832360 
3658.000000	1.828137 
3656.000000	1.838542 
3654.000000	1.843395 
3652.000000	1.824451 
3650.000000	1.811715 
3648.000000	1.841299 
3646.000000	1.871727 
3644.000000	1.870665 
3642.000000	1.855630 
3640.000000	1.846372 
3638.000000	1.847887 
3636.000000	1.850940 
3634.000000	1.846612 
3632.000000	1.835575 
3630.000000	1.836704 
3628.000000	1.883104 
3626.000000	1.895134 
3624.000000	1.871796 
3622.000000	1.857103 
3620.000000	1.863535 
3618.000000	1.868442 
3616.000000	1.862093 
3614.000000	1.857632 
3612.000000	1.872946 
3610.000000	1.877342 
3608.000000	1.871334 
3606.000000	1.879494 
3604.000000	1.879353 
3602.000000	1.874378 
3600.000000	1.869759 
3598.000000	1.872660 
3596.000000	1.870834 
3594.000000	1.873101 
3592.000000	1.876173 
3590.000000	1.865857 
3588.000000	1.868633 
3586.000000	1.885531 
3584.000000	1.897133 
3582.000000	1.901253 
3580.000000	1.894768 
3578.000000	1.886319 
3576.000000	1.883001 
3574.000000	1.884300 
3572.000000	1.887436 
3570.000000	1.884125 
3568.000000	1.882258 
3566.000000	1.890201 
3564.000000	1.895589 
3562.000000	1.903138 
3560.000000	1.901179 
3558.000000	1.885929 
3556.000000	1.879918 
3554.000000	1.882227 
3552.000000	1.889109 
3550.000000	1.894305 
3548.000000	1.887101 
3546.000000	1.883856 
3544.000000	1.899229 
3542.000000	1.899697 
3540.000000	1.891998 
3538.000000	1.899911 
3536.000000	1.906180 
3534.000000	1.902418 
3532.000000	1.897133 
3530.000000	1.891925 
3528.000000	1.894135 
3526.000000	1.896569 
3524.000000	1.903561 
3522.000000	1.903826 
3520.000000	1.900273 
3518.000000	1.904017 
3516.000000	1.903320 
3514.000000	1.897215 
3512.000000	1.890121 
3510.000000	1.883270 
3508.000000	1.886638 
3506.000000	1.894451 
3504.000000	1.894898 
3502.000000	1.905447 
3500.000000	1.907952 
3498.000000	1.905605 
3496.000000	1.922822 
3494.000000	1.927571 
3492.000000	1.907919 
3490.000000	1.903386 
3488.000000	1.918295 
3486.000000	1.928835 
3484.000000	1.924289 
3482.000000	1.913926 
3480.000000	1.918870 
3478.000000	1.928888 
3476.000000	1.930658 
3474.000000	1.928133 
3472.000000	1.921973 
3470.000000	1.916207 
3468.000000	1.921334 
3466.000000	1.924289 
3464.000000	1.920712 
3462.000000	1.927589 
3460.000000	1.923004 
3458.000000	1.911493 
3456.000000	1.909320 
3454.000000	1.910186 
3452.000000	1.919463 
3450.000000	1.931597 
3448.000000	1.934036 
3446.000000	1.925386 
3444.000000	1.910236 
3442.000000	1.906297 
3440.000000	1.918604 
3438.000000	1.926058 
3436.000000	1.923707 
3434.000000	1.919523 
3432.000000	1.909118 
3430.000000	1.912600 
3428.000000	1.925500 
3426.000000	1.923290 
3424.000000	1.910540 
3422.000000	1.899049 
3420.000000	1.897329 
3418.000000	1.906614 
3416.000000	1.917258 
3414.000000	1.920471 
3412.000000	1.917841 
3410.000000	1.913713 
3408.000000	1.915448 
3406.000000	1.914563 
3404.000000	1.910380 
3402.000000	1.917515 
3400.000000	1.924942 
3398.000000	1.922181 
3396.000000	1.916276 
3394.000000	1.914682 
3392.000000	1.915150 
3390.000000	1.914784 
3388.000000	1.908539 
3386.000000	1.898745 
3384.000000	1.897403 
3382.000000	1.902137 
3380.000000	1.909908 
3378.000000	1.913227 
3376.000000	1.914053 
3374.000000	1.914316 
3372.000000	1.908807 
3370.000000	1.905580 
3368.000000	1.897656 
3366.000000	1.894443 
3364.000000	1.900784 
3362.000000	1.906322 
3360.000000	1.909984 
3358.000000	1.910750 
3356.000000	1.906372 
3354.000000	1.901113 
3352.000000	1.900265 
3350.000000	1.893689 
3348.000000	1.881060 
3346.000000	1.884498 
3344.000000	1.897664 
3342.000000	1.898352 
3340.000000	1.902989 
3338.000000	1.900635 
3336.000000	1.883254 
3334.000000	1.883468 
3332.000000	1.894354 
3330.000000	1.894865 
3328.000000	1.887228 
3326.000000	1.882069 
3324.000000	1.884998 
3322.000000	1.890740 
3320.000000	1.894386 
3318.000000	1.893835 
3316.000000	1.890821 
3314.000000	1.888252 
3312.000000	1.883119 
3310.000000	1.880100 
3308.000000	1.880800 
3306.000000	1.877303 
3304.000000	1.871565 
3302.000000	1.875108 
3300.000000	1.879698 
3298.000000	1.872375 
3296.000000	1.863255 
3294.000000	1.864604 
3292.000000	1.865485 
3290.000000	1.868939 
3288.000000	1.867876 
3286.000000	1.864156 
3284.000000	1.859733 
3282.000000	1.854992 
3280.000000	1.850962 
3278.000000	1.850529 
3276.000000	1.857729 
3274.000000	1.860251 
3272.000000	1.856537 
3270.000000	1.860709 
3268.000000	1.854621 
3266.000000	1.850243 
3264.000000	1.854881 
3262.000000	1.854999 
3260.000000	1.859613 
3258.000000	1.862666 
3256.000000	1.860348 
3254.000000	1.850786 
3252.000000	1.843294 
3250.000000	1.843077 
3248.000000	1.849379 
3246.000000	1.853142 
3244.000000	1.852464 
3242.000000	1.852626 
3240.000000	1.849723 
3238.000000	1.844921 
3236.000000	1.843937 
3234.000000	1.842069 
3232.000000	1.842724 
3230.000000	1.843734 
3228.000000	1.841759 
3226.000000	1.840639 
3224.000000	1.837451 
3222.000000	1.833389 
3220.000000	1.828415 
3218.000000	1.828792 
3216.000000	1.827712 
3214.000000	1.826905 
3212.000000	1.832726 
3210.000000	1.835469 
3208.000000	1.836462 
3206.000000	1.830023 
3204.000000	1.824437 
3202.000000	1.822720 
3200.000000	1.820153 
3198.000000	1.820454 
3196.000000	1.817893 
3194.000000	1.815036 
3192.000000	1.811065 
3190.000000	1.805970 
3188.000000	1.812011 
3186.000000	1.822232 
3184.000000	1.825081 
3182.000000	1.823306 
3180.000000	1.814064 
3178.000000	1.805666 
3176.000000	1.806306 
3174.000000	1.806096 
3172.000000	1.802015 
3170.000000	1.802002 
3168.000000	1.804186 
3166.000000	1.799125 
3164.000000	1.794747 
3162.000000	1.792353 
3160.000000	1.792379 
3158.000000	1.792906 
3156.000000	1.788259 
3154.000000	1.789934 
3152.000000	1.793413 
3150.000000	1.794954 
3148.000000	1.799307 
3146.000000	1.798994 
3144.000000	1.795251 
3142.000000	1.794135 
3140.000000	1.792540 
3138.000000	1.787999 
3136.000000	1.782701 
3134.000000	1.777162 
3132.000000	1.774401 
3130.000000	1.775159 
3128.000000	1.774592 
3126.000000	1.776468 
3124.000000	1.778919 
3122.000000	1.779492 
3120.000000	1.782607 
3118.000000	1.783669 
3116.000000	1.780678 
3114.000000	1.771076 
3112.000000	1.764960 
3110.000000	1.769076 
3108.000000	1.768627 
3106.000000	1.762491 
3104.000000	1.758418 
3102.000000	1.757801 
3100.000000	1.765352 
3098.000000	1.767874 
3096.000000	1.756606 
3094.000000	1.747447 
3092.000000	1.745806 
3090.000000	1.748925 
3088.000000	1.751231 
3086.000000	1.750606 
3084.000000	1.752049 
3082.000000	1.756234 
3080.000000	1.757748 
3078.000000	1.750420 
3076.000000	1.743925 
3074.000000	1.747522 
3072.000000	1.748084 
3070.000000	1.748594 
3068.000000	1.749483 
3066.000000	1.743718 
3064.000000	1.736520 
3062.000000	1.737684 
3060.000000	1.744184 
3058.000000	1.744747 
3056.000000	1.739760 
3054.000000	1.739204 
3052.000000	1.737645 
3050.000000	1.736520 
3048.000000	1.741127 
3046.000000	1.748293 
3044.000000	1.741498 
3042.000000	1.728480 
3040.000000	1.728065 
3038.000000	1.729712 
3036.000000	1.726248 
3034.000000	1.727462 
3032.000000	1.729218 
3030.000000	1.725213 
3028.000000	1.721207 
3026.000000	1.720640 
3024.000000	1.718892 
3022.000000	1.717296 
3020.000000	1.719385 
3018.000000	1.721065 
3016.000000	1.720673 
3014.000000	1.716999 
3012.000000	1.713159 
3010.000000	1.718653 
3008.000000	1.721915 
3006.000000	1.720548 
3004.000000	1.719396 
3002.000000	1.716460 
3000.000000	1.716832 
2998.000000	1.715486 
2996.000000	1.708526 
2994.000000	1.710408 
2992.000000	1.718794 
2990.000000	1.719364 
2988.000000	1.715593 
2986.000000	1.715454 
2984.000000	1.715550 
2982.000000	1.720075 
2980.000000	1.722800 
2978.000000	1.721583 
2976.000000	1.723665 
2974.000000	1.724806 
2972.000000	1.720961 
2970.000000	1.723725 
2968.000000	1.727672 
2966.000000	1.727539 
2964.000000	1.725769 
2962.000000	1.728032 
2960.000000	1.729851 
2958.000000	1.727136 
2956.000000	1.723577 
2954.000000	1.718134 
2952.000000	1.723747 
2950.000000	1.730630 
2948.000000	1.721223 
2946.000000	1.714830 
2944.000000	1.717907 
2942.000000	1.719895 
2940.000000	1.717972 
2938.000000	1.715545 
2936.000000	1.717836 
2934.000000	1.722527 
2932.000000	1.719488 
2930.000000	1.717442 
2928.000000	1.720037 
2926.000000	1.724444 
2924.000000	1.720956 
2922.000000	1.709034 
2920.000000	1.700354 
2918.000000	1.699903 
2916.000000	1.699218 
2914.000000	1.699187 
2912.000000	1.704450 
2910.000000	1.705631 
2908.000000	1.698065 
2906.000000	1.694541 
2904.000000	1.698272 
2902.000000	1.698055 
2900.000000	1.693768 
2898.000000	1.694270 
2896.000000	1.690213 
2894.000000	1.683609 
2892.000000	1.683409 
2890.000000	1.679947 
2888.000000	1.677802 
2886.000000	1.677787 
2884.000000	1.677767 
2882.000000	1.682192 
2880.000000	1.687413 
2878.000000	1.683189 
2876.000000	1.679373 
2874.000000	1.680215 
2872.000000	1.676139 
2870.000000	1.675040 
2868.000000	1.675496 
2866.000000	1.678848 
2864.000000	1.678443 
2862.000000	1.673056 
2860.000000	1.678690 
2858.000000	1.684664 
2856.000000	1.679962 
2854.000000	1.674732 
2852.000000	1.670421 
2850.000000	1.670387 
2848.000000	1.671163 
2846.000000	1.665382 
2844.000000	1.662293 
2842.000000	1.656269 
2840.000000	1.649344 
2838.000000	1.650398 
2836.000000	1.655346 
2834.000000	1.658178 
2832.000000	1.656607 
2830.000000	1.652421 
2828.000000	1.648243 
2826.000000	1.646492 
2824.000000	1.645049 
2822.000000	1.646620 
2820.000000	1.648896 
2818.000000	1.646400 
2816.000000	1.642410 
2814.000000	1.646763 
2812.000000	1.652356 
2810.000000	1.650995 
2808.000000	1.648414 
2806.000000	1.648395 
2804.000000	1.652597 
2802.000000	1.651645 
2800.000000	1.644707 
2798.000000	1.641122 
2796.000000	1.641929 
2794.000000	1.642806 
2792.000000	1.644319 
2790.000000	1.643238 
2788.000000	1.641734 
2786.000000	1.640189 
2784.000000	1.641008 
2782.000000	1.639281 
2780.000000	1.636108 
2778.000000	1.639634 
2776.000000	1.642970 
2774.000000	1.640361 
2772.000000	1.634811 
2770.000000	1.635512 
2768.000000	1.639561 
2766.000000	1.638601 
2764.000000	1.637800 
2762.000000	1.638254 
2760.000000	1.638876 
2758.000000	1.640768 
2756.000000	1.639390 
2754.000000	1.633326 
2752.000000	1.630979 
2750.000000	1.630841 
2748.000000	1.630828 
2746.000000	1.631258 
2744.000000	1.628306 
2742.000000	1.629099 
2740.000000	1.634574 
2738.000000	1.637458 
2736.000000	1.638677 
2734.000000	1.633006 
2732.000000	1.626945 
2730.000000	1.631927 
2728.000000	1.633300 
2726.000000	1.630549 
2724.000000	1.632562 
2722.000000	1.632784 
2720.000000	1.630125 
2718.000000	1.627392 
2716.000000	1.623838 
2714.000000	1.624077 
2712.000000	1.628614 
2710.000000	1.631568 
2708.000000	1.628702 
2706.000000	1.628720 
2704.000000	1.629884 
2702.000000	1.626949 
2700.000000	1.622933 
2698.000000	1.618562 
2696.000000	1.617102 
2694.000000	1.620049 
2692.000000	1.623311 
2690.000000	1.624304 
2688.000000	1.628130 
2686.000000	1.628834 
2684.000000	1.623520 
2682.000000	1.621748 
2680.000000	1.623389 
2678.000000	1.621515 
2676.000000	1.620930 
2674.000000	1.625220 
2672.000000	1.624587 
2670.000000	1.623716 
2668.000000	1.626287 
2666.000000	1.622981 
2664.000000	1.619148 
2662.000000	1.621432 
2660.000000	1.624570 
2658.000000	1.621896 
2656.000000	1.617098 
2654.000000	1.616032 
2652.000000	1.619152 
2650.000000	1.623359 
2648.000000	1.625046 
2646.000000	1.622672 
2644.000000	1.615968 
2642.000000	1.607933 
2640.000000	1.611363 
2638.000000	1.620312 
2636.000000	1.621640 
2634.000000	1.616344 
2632.000000	1.610801 
2630.000000	1.608723 
2628.000000	1.611642 
2626.000000	1.616151 
2624.000000	1.615587 
2622.000000	1.616742 
2620.000000	1.616323 
2618.000000	1.612564 
2616.000000	1.611753 
2614.000000	1.614252 
2612.000000	1.616832 
2610.000000	1.614137 
2608.000000	1.612058 
2606.000000	1.612900 
2604.000000	1.612654 
2602.000000	1.611799 
2600.000000	1.611109 
2598.000000	1.607777 
2596.000000	1.605626 
2594.000000	1.603789 
2592.000000	1.601512 
2590.000000	1.604392 
2588.000000	1.608971 
2586.000000	1.609645 
2584.000000	1.609484 
2582.000000	1.611880 
2580.000000	1.612019 
2578.000000	1.613788 
2576.000000	1.614043 
2574.000000	1.608496 
2572.000000	1.606667 
2570.000000	1.608138 
2568.000000	1.609881 
2566.000000	1.612113 
2564.000000	1.613516 
2562.000000	1.614014 
2560.000000	1.615301 
2558.000000	1.613588 
2556.000000	1.607908 
2554.000000	1.604642 
2552.000000	1.604525 
2550.000000	1.607501 
2548.000000	1.610691 
2546.000000	1.609160 
2544.000000	1.605029 
2542.000000	1.604026 
2540.000000	1.607056 
2538.000000	1.605609 
2536.000000	1.599087 
2534.000000	1.598635 
2532.000000	1.603847 
2530.000000	1.606198 
2528.000000	1.602191 
2526.000000	1.599927 
2524.000000	1.602821 
2522.000000	1.606994 
2520.000000	1.607568 
2518.000000	1.604271 
2516.000000	1.604425 
2514.000000	1.605651 
2512.000000	1.604938 
2510.000000	1.602929 
2508.000000	1.599329 
2506.000000	1.600566 
2504.000000	1.602091 
2502.000000	1.597289 
2500.000000	1.595232 
2498.000000	1.597367 
2496.000000	1.599712 
2494.000000	1.600533 
2492.000000	1.599898 
2490.000000	1.598359 
2488.000000	1.597437 
2486.000000	1.599042 
2484.000000	1.602071 
2482.000000	1.603597 
2480.000000	1.603718 
2478.000000	1.603431 
2476.000000	1.599906 
2474.000000	1.600096 
2472.000000	1.605300 
2470.000000	1.603012 
2468.000000	1.596630 
2466.000000	1.593880 
2464.000000	1.596262 
2462.000000	1.599157 
2460.000000	1.596945 
2458.000000	1.596765 
2456.000000	1.599951 
2454.000000	1.598117 
2452.000000	1.594820 
2450.000000	1.596017 
2448.000000	1.594547 
2446.000000	1.593738 
2444.000000	1.595085 
2442.000000	1.590863 
2440.000000	1.591081 
2438.000000	1.596323 
2436.000000	1.596209 
2434.000000	1.594417 
2432.000000	1.594840 
2430.000000	1.593137 
2428.000000	1.591582 
2426.000000	1.590649 
2424.000000	1.589127 
2422.000000	1.588504 
2420.000000	1.589400 
2418.000000	1.591554 
2416.000000	1.593506 
2414.000000	1.594148 
2412.000000	1.594327 
2410.000000	1.593827 
2408.000000	1.594604 
2406.000000	1.595154 
2404.000000	1.596925 
2402.000000	1.595268 
2400.000000	1.593726 
2398.000000	1.596356 
2396.000000	1.596892 
2394.000000	1.593239 
2392.000000	1.592849 
2390.000000	1.594144 
2388.000000	1.592169 
2386.000000	1.589577 
2384.000000	1.584537 
2382.000000	1.583075 
2380.000000	1.580700 
2378.000000	1.569654 
2376.000000	1.562294 
2374.000000	1.561867 
2372.000000	1.563476 
2370.000000	1.562759 
2368.000000	1.558984 
2366.000000	1.553273 
2364.000000	1.543807 
2362.000000	1.541139 
2360.000000	1.541229 
2358.000000	1.545128 
2356.000000	1.563027 
2354.000000	1.575497 
2352.000000	1.576859 
2350.000000	1.570774 
2348.000000	1.557494 
2346.000000	1.557524 
2344.000000	1.564675 
2342.000000	1.567610 
2340.000000	1.574960 
2338.000000	1.579876 
2336.000000	1.580199 
2334.000000	1.580046 
2332.000000	1.579664 
2330.000000	1.577880 
2328.000000	1.574458 
2326.000000	1.580325 
2324.000000	1.592805 
2322.000000	1.597592 
2320.000000	1.604384 
2318.000000	1.614648 
2316.000000	1.619648 
2314.000000	1.621930 
2312.000000	1.624880 
2310.000000	1.629019 
2308.000000	1.635566 
2306.000000	1.644629 
2304.000000	1.650416 
2302.000000	1.654159 
2300.000000	1.657562 
2298.000000	1.663336 
2296.000000	1.668346 
2294.000000	1.674991 
2292.000000	1.688330 
2290.000000	1.697090 
2288.000000	1.705557 
2286.000000	1.717869 
2284.000000	1.728735 
2282.000000	1.744126 
2280.000000	1.765696 
2278.000000	1.780935 
2276.000000	1.788660 
2274.000000	1.799164 
2272.000000	1.815720 
2270.000000	1.836363 
2268.000000	1.849679 
2266.000000	1.856589 
2264.000000	1.868273 
2262.000000	1.879086 
2260.000000	1.884808 
2258.000000	1.887612 
2256.000000	1.886463 
2254.000000	1.887212 
2252.000000	1.888428 
2250.000000	1.891070 
2248.000000	1.890966 
2246.000000	1.879871 
2244.000000	1.868671 
2242.000000	1.859621 
2240.000000	1.841292 
2238.000000	1.827496 
2236.000000	1.819229 
2234.000000	1.812219 
2232.000000	1.801864 
2230.000000	1.790407 
2228.000000	1.786565 
2226.000000	1.781679 
2224.000000	1.768766 
2222.000000	1.762155 
2220.000000	1.757310 
2218.000000	1.753707 
2216.000000	1.759845 
2214.000000	1.764129 
2212.000000	1.764538 
2210.000000	1.764352 
2208.000000	1.759042 
2206.000000	1.755873 
2204.000000	1.757825 
2202.000000	1.759886 
2200.000000	1.754577 
2198.000000	1.747111 
2196.000000	1.743248 
2194.000000	1.738154 
2192.000000	1.732308 
2190.000000	1.726132 
2188.000000	1.720874 
2186.000000	1.715190 
2184.000000	1.707812 
2182.000000	1.700578 
2180.000000	1.698174 
2178.000000	1.698246 
2176.000000	1.692211 
2174.000000	1.686692 
2172.000000	1.686481 
2170.000000	1.681346 
2168.000000	1.676360 
2166.000000	1.674208 
2164.000000	1.674409 
2162.000000	1.679427 
2160.000000	1.678157 
2158.000000	1.673066 
2156.000000	1.673724 
2154.000000	1.672734 
2152.000000	1.672427 
2150.000000	1.671610 
2148.000000	1.662145 
2146.000000	1.651886 
2144.000000	1.646263 
2142.000000	1.647544 
2140.000000	1.647484 
2138.000000	1.641761 
2136.000000	1.639832 
2134.000000	1.639751 
2132.000000	1.639859 
2130.000000	1.639408 
2128.000000	1.636193 
2126.000000	1.628381 
2124.000000	1.623611 
2122.000000	1.623029 
2120.000000	1.621363 
2118.000000	1.619587 
2116.000000	1.618244 
2114.000000	1.620260 
2112.000000	1.616117 
2110.000000	1.607861 
2108.000000	1.603876 
2106.000000	1.602348 
2104.000000	1.604371 
2102.000000	1.603805 
2100.000000	1.600805 
2098.000000	1.598852 
2096.000000	1.595227 
2094.000000	1.590964 
2092.000000	1.588713 
2090.000000	1.586526 
2088.000000	1.582414 
2086.000000	1.582192 
2084.000000	1.580361 
2082.000000	1.573530 
2080.000000	1.572547 
2078.000000	1.573364 
2076.000000	1.572102 
2074.000000	1.567878 
2072.000000	1.562861 
2070.000000	1.559202 
2068.000000	1.555299 
2066.000000	1.552223 
2064.000000	1.553162 
2062.000000	1.551257 
2060.000000	1.549844 
2058.000000	1.548557 
2056.000000	1.545975 
2054.000000	1.545030 
2052.000000	1.545273 
2050.000000	1.543916 
2048.000000	1.540780 
2046.000000	1.538720 
2044.000000	1.536703 
2042.000000	1.537344 
2040.000000	1.540841 
2038.000000	1.538184 
2036.000000	1.535500 
2034.000000	1.538516 
2032.000000	1.538148 
2030.000000	1.534255 
2028.000000	1.533178 
2026.000000	1.533812 
2024.000000	1.533409 
2022.000000	1.529178 
2020.000000	1.525982 
2018.000000	1.526542 
2016.000000	1.529045 
2014.000000	1.530623 
2012.000000	1.530971 
2010.000000	1.529115 
2008.000000	1.526055 
2006.000000	1.523871 
2004.000000	1.527466 
2002.000000	1.530539 
2000.000000	1.529914 
1998.000000	1.529227 
1996.000000	1.525510 
1994.000000	1.519425 
1992.000000	1.520007 
1990.000000	1.524155 
1988.000000	1.524172 
1986.000000	1.522041 
1984.000000	1.522083 
1982.000000	1.521659 
1980.000000	1.519894 
1978.000000	1.520274 
1976.000000	1.521312 
1974.000000	1.522238 
1972.000000	1.523141 
1970.000000	1.522510 
1968.000000	1.520992 
1966.000000	1.523636 
1964.000000	1.524407 
1962.000000	1.520662 
1960.000000	1.518770 
1958.000000	1.519476 
1956.000000	1.518128 
1954.000000	1.517524 
1952.000000	1.516533 
1950.000000	1.518541 
1948.000000	1.520233 
1946.000000	1.520563 
1944.000000	1.518069 
1942.000000	1.519154 
1940.000000	1.521731 
1938.000000	1.517660 
1936.000000	1.518165 
1934.000000	1.520213 
1932.000000	1.519250 
1930.000000	1.518449 
1928.000000	1.519096 
1926.000000	1.518247 
1924.000000	1.516703 
1922.000000	1.519921 
1920.000000	1.518483 
1918.000000	1.521019 
1916.000000	1.524795 
1914.000000	1.517735 
1912.000000	1.514558 
1910.000000	1.518537 
1908.000000	1.519815 
1906.000000	1.515609 
1904.000000	1.515273 
1902.000000	1.514605 
1900.000000	1.511316 
1898.000000	1.508753 
1896.000000	1.508136 
1894.000000	1.509305 
1892.000000	1.506893 
1890.000000	1.509385 
1888.000000	1.515571 
1886.000000	1.510913 
1884.000000	1.509489 
1882.000000	1.513243 
1880.000000	1.514311 
1878.000000	1.512215 
1876.000000	1.509907 
1874.000000	1.507909 
1872.000000	1.503093 
1870.000000	1.498871 
1868.000000	1.507896 
1866.000000	1.515555 
1864.000000	1.509974 
1862.000000	1.502800 
1860.000000	1.502418 
1858.000000	1.503018 
1856.000000	1.502260 
1854.000000	1.500169 
1852.000000	1.500434 
1850.000000	1.497105 
1848.000000	1.494735 
1846.000000	1.491927 
1844.000000	1.499979 
1842.000000	1.506896 
1840.000000	1.498078 
1838.000000	1.496933 
1836.000000	1.499325 
1834.000000	1.496053 
1832.000000	1.490442 
1830.000000	1.496494 
1828.000000	1.501639 
1826.000000	1.494046 
1824.000000	1.497203 
1822.000000	1.499083 
1820.000000	1.494887 
1818.000000	1.492068 
1816.000000	1.492039 
1814.000000	1.490055 
1812.000000	1.486908 
1810.000000	1.487045 
1808.000000	1.489105 
1806.000000	1.489479 
1804.000000	1.485086 
1802.000000	1.478590 
1800.000000	1.483545 
1798.000000	1.487178 
1796.000000	1.481699 
1794.000000	1.472467 
1792.000000	1.478668 
1790.000000	1.487862 
1788.000000	1.479427 
1786.000000	1.471439 
1784.000000	1.471248 
1782.000000	1.469024 
1780.000000	1.475271 
1778.000000	1.479902 
1776.000000	1.468850 
1774.000000	1.453659 
1772.000000	1.463349 
1770.000000	1.478185 
1768.000000	1.474777 
1766.000000	1.471420 
1764.000000	1.461239 
1762.000000	1.463605 
1760.000000	1.473700 
1758.000000	1.466583 
1756.000000	1.470126 
1754.000000	1.466571 
1752.000000	1.456863 
1750.000000	1.465369 
1748.000000	1.469313 
1746.000000	1.464789 
1744.000000	1.455339 
1742.000000	1.452413 
1740.000000	1.458842 
1738.000000	1.467727 
1736.000000	1.444540 
1734.000000	1.452818 
1732.000000	1.478946 
1730.000000	1.465926 
1728.000000	1.461479 
1726.000000	1.459685 
1724.000000	1.460378 
1722.000000	1.458699 
1720.000000	1.439667 
1718.000000	1.438406 
1716.000000	1.465058 
1714.000000	1.467460 
1712.000000	1.459175 
1710.000000	1.450169 
1708.000000	1.442092 
1706.000000	1.441265 
1704.000000	1.443323 
1702.000000	1.419814 
1700.000000	1.433871 
1698.000000	1.439946 
1696.000000	1.433958 
1694.000000	1.450440 
1692.000000	1.433219 
1690.000000	1.422003 
1688.000000	1.422684 
1686.000000	1.405761 
1684.000000	1.422638 
1682.000000	1.444269 
1680.000000	1.429260 
1678.000000	1.420070 
1676.000000	1.414679 
1674.000000	1.425618 
1672.000000	1.413304 
1670.000000	1.410501 
1668.000000	1.429558 
1666.000000	1.422252 
1664.000000	1.407618 
1662.000000	1.415193 
1660.000000	1.420457 
1658.000000	1.413672 
1656.000000	1.390183 
1654.000000	1.375286 
1652.000000	1.433812 
1650.000000	1.424717 
1648.000000	1.400723 
1646.000000	1.424871 
1644.000000	1.432866 
1642.000000	1.418160 
1640.000000	1.409617 
1638.000000	1.396039 
1636.000000	1.404780 
1634.000000	1.439661 
1632.000000	1.431642 
1630.000000	1.413715 
1628.000000	1.412602 
1626.000000	1.413114 
1624.000000	1.410287 
1622.000000	1.423043 
1620.000000	1.413138 
1618.000000	1.394301 
1616.000000	1.408735 
1614.000000	1.412664 
1612.000000	1.397412 
1610.000000	1.391464 
1608.000000	1.392163 
1606.000000	1.390389 
1604.000000	1.383885 
1602.000000	1.379157 
1600.000000	1.376932 
1598.000000	1.372543 
1596.000000	1.370281 
1594.000000	1.369585 
1592.000000	1.367172 
1590.000000	1.362330 
1588.000000	1.359085 
1586.000000	1.357075 
1584.000000	1.354630 
1582.000000	1.353645 
1580.000000	1.351477 
1578.000000	1.337499 
1576.000000	1.346691 
1574.000000	1.358042 
1572.000000	1.338958 
1570.000000	1.334290 
1568.000000	1.347569 
1566.000000	1.340173 
1564.000000	1.336206 
1562.000000	1.321986 
1560.000000	1.304623 
1558.000000	1.349910 
1556.000000	1.347533 
1554.000000	1.333392 
1552.000000	1.329809 
1550.000000	1.326042 
1548.000000	1.321447 
1546.000000	1.310401 
1544.000000	1.307684 
1542.000000	1.306743 
1540.000000	1.321890 
1538.000000	1.339686 
1536.000000	1.320257 
1534.000000	1.307953 
1532.000000	1.318613 
1530.000000	1.311335 
1528.000000	1.303351 
1526.000000	1.305549 
1524.000000	1.301785 
1522.000000	1.297071 
1520.000000	1.314365 
1518.000000	1.306842 
1516.000000	1.306521 
1514.000000	1.303893 
1512.000000	1.293546 
1510.000000	1.282670 
1508.000000	1.273938 
1506.000000	1.307827 
1504.000000	1.313953 
1502.000000	1.293434 
1500.000000	1.282204 
1498.000000	1.283654 
1496.000000	1.294618 
1494.000000	1.296247 
1492.000000	1.284606 
1490.000000	1.285860 
1488.000000	1.295942 
1486.000000	1.297104 
1484.000000	1.291576 
1482.000000	1.287240 
1480.000000	1.286298 
1478.000000	1.279557 
1476.000000	1.275743 
1474.000000	1.273516 
1472.000000	1.290332 
1470.000000	1.294732 
1468.000000	1.280510 
1466.000000	1.275237 
1464.000000	1.285848 
1462.000000	1.283471 
1460.000000	1.266083 
1458.000000	1.260786 
1456.000000	1.286598 
1454.000000	1.287962 
1452.000000	1.277501 
1450.000000	1.273057 
1448.000000	1.271886 
1446.000000	1.273531 
1444.000000	1.267260 
1442.000000	1.261058 
1440.000000	1.253852 
1438.000000	1.247665 
1436.000000	1.259540 
1434.000000	1.260244 
1432.000000	1.248040 
1430.000000	1.244679 
1428.000000	1.245524 
1426.000000	1.239255 
1424.000000	1.239252 
1422.000000	1.234722 
1420.000000	1.228574 
1418.000000	1.239202 
1416.000000	1.237036 
1414.000000	1.230361 
1412.000000	1.227326 
1410.000000	1.225646 
1408.000000	1.221223 
1406.000000	1.216339 
1404.000000	1.219667 
1402.000000	1.219567 
1400.000000	1.215236 
1398.000000	1.215794 
1396.000000	1.213787 
1394.000000	1.216007 
1392.000000	1.214009 
1390.000000	1.205521 
1388.000000	1.202552 
1386.000000	1.205132 
1384.000000	1.202817 
1382.000000	1.199804 
1380.000000	1.198876 
1378.000000	1.196638 
1376.000000	1.190066 
1374.000000	1.187026 
1372.000000	1.187023 
1370.000000	1.185488 
1368.000000	1.184735 
1366.000000	1.180094 
1364.000000	1.175626 
1362.000000	1.180255 
1360.000000	1.179080 
1358.000000	1.174610 
1356.000000	1.172122 
1354.000000	1.170695 
1352.000000	1.167464 
1350.000000	1.163675 
1348.000000	1.162129 
1346.000000	1.160642 
1344.000000	1.157676 
1342.000000	1.153982 
1340.000000	1.151989 
1338.000000	1.150681 
1336.000000	1.148398 
1334.000000	1.148088 
1332.000000	1.147276 
1330.000000	1.145314 
1328.000000	1.144895 
1326.000000	1.144356 
1324.000000	1.143514 
1322.000000	1.141078 
1320.000000	1.138718 
1318.000000	1.137393 
1316.000000	1.135456 
1314.000000	1.134711 
1312.000000	1.134793 
1310.000000	1.133271 
1308.000000	1.132214 
1306.000000	1.130225 
1304.000000	1.127582 
1302.000000	1.127339 
1300.000000	1.126397 
1298.000000	1.124304 
1296.000000	1.123521 
1294.000000	1.123289 
1292.000000	1.120785 
1290.000000	1.118869 
1288.000000	1.120437 
1286.000000	1.120262 
1284.000000	1.118550 
1282.000000	1.118777 
1280.000000	1.119363 
1278.000000	1.119407 
1276.000000	1.120340 
1274.000000	1.122646 
1272.000000	1.123329 
1270.000000	1.123194 
1268.000000	1.124356 
1266.000000	1.125633 
1264.000000	1.126297 
1262.000000	1.125701 
1260.000000	1.125728 
1258.000000	1.126556 
1256.000000	1.127939 
1254.000000	1.130355 
1252.000000	1.133585 
1250.000000	1.137516 
1248.000000	1.140718 
1246.000000	1.145906 
1244.000000	1.154234 
1242.000000	1.163477 
1240.000000	1.173165 
1238.000000	1.185301 
1236.000000	1.196732 
1234.000000	1.209197 
1232.000000	1.226748 
1230.000000	1.245606 
1228.000000	1.263607 
1226.000000	1.281663 
1224.000000	1.302933 
1222.000000	1.324693 
1220.000000	1.344658 
1218.000000	1.366371 
1216.000000	1.390394 
1214.000000	1.414364 
1212.000000	1.436674 
1210.000000	1.456129 
1208.000000	1.477221 
1206.000000	1.500562 
1204.000000	1.522441 
1202.000000	1.546430 
1200.000000	1.568836 
1198.000000	1.586282 
1196.000000	1.604833 
1194.000000	1.624997 
1192.000000	1.643448 
1190.000000	1.660503 
1188.000000	1.679729 
1186.000000	1.695953 
1184.000000	1.713753 
1182.000000	1.732141 
1180.000000	1.747146 
1178.000000	1.762060 
1176.000000	1.781066 
1174.000000	1.793980 
1172.000000	1.799477 
1170.000000	1.802311 
1168.000000	1.809286 
1166.000000	1.823175 
1164.000000	1.834853 
1162.000000	1.845109 
1160.000000	1.858192 
1158.000000	1.867098 
1156.000000	1.872498 
1154.000000	1.881272 
1152.000000	1.887005 
1150.000000	1.897992 
1148.000000	1.904848 
1146.000000	1.903362 
1144.000000	1.907885 
1142.000000	1.924419 
1140.000000	1.939288 
1138.000000	1.937940 
1136.000000	1.941301 
1134.000000	1.935551 
1132.000000	1.925133 
1130.000000	1.939586 
1128.000000	1.959166 
1126.000000	1.967443 
1124.000000	1.963627 
1122.000000	1.963942 
1120.000000	1.977110 
1118.000000	1.993353 
1116.000000	2.005385 
1114.000000	2.010504 
1112.000000	2.023901 
1110.000000	2.039269 
1108.000000	2.038172 
1106.000000	2.051170 
1104.000000	2.081147 
1102.000000	2.089321 
1100.000000	2.086268 
1098.000000	2.095867 
1096.000000	2.094900 
1094.000000	2.116493 
1092.000000	2.152529 
1090.000000	2.182365 
1088.000000	2.196326 
1086.000000	2.214981 
1084.000000	2.227752 
1082.000000	2.227490 
1080.000000	2.264857 
1078.000000	2.306206 
1076.000000	2.296222 
1074.000000	2.297576 
1072.000000	2.302513 
1070.000000	2.310755 
1068.000000	2.312457 
1066.000000	2.309804 
1064.000000	2.313649 
1062.000000	2.310925 
1060.000000	2.299243 
1058.000000	2.270961 
1056.000000	2.248442 
1054.000000	2.245827 
1052.000000	2.250652 
1050.000000	2.254858 
1048.000000	2.243281 
1046.000000	2.205188 
1044.000000	2.145842 
1042.000000	2.092512 
1040.000000	2.064937 
1038.000000	2.046007 
1036.000000	2.016623 
1034.000000	1.963351 
1032.000000	1.905830 
1030.000000	1.860942 
1028.000000	1.821298 
1026.000000	1.788278 
1024.000000	1.743283 
1022.000000	1.686979 
1020.000000	1.639042 
1018.000000	1.592274 
1016.000000	1.534276 
1014.000000	1.479471 
1012.000000	1.429998 
1010.000000	1.377816 
1008.000000	1.326949 
1006.000000	1.278017 
1004.000000	1.231959 
1002.000000	1.190651 
1000.000000	1.153121 
998.000000	 1.118523 
996.000000	 1.088339 
994.000000	 1.063355 
992.000000	 1.044232 
990.000000	 1.033464 
988.000000	 1.029860 
986.000000	 1.026847 
984.000000	 1.019173 
982.000000	 1.005929 
980.000000	 0.990723 
978.000000	 0.974237 
976.000000	 0.955177 
974.000000	 0.934491 
972.000000	 0.914143 
970.000000	 0.896352 
968.000000	 0.881920 
966.000000	 0.870675 
964.000000	 0.862421 
962.000000	 0.855992 
960.000000	 0.850912 
958.000000	 0.847819 
956.000000	 0.848333 
954.000000	 0.851860 
952.000000	 0.858002 
950.000000	 0.866708 
948.000000	 0.876563 
946.000000	 0.886173 
944.000000	 0.893806 
942.000000	 0.897491 
940.000000	 0.896835 
938.000000	 0.894014 
936.000000	 0.890679 
934.000000	 0.885930 
932.000000	 0.879683 
930.000000	 0.872292 
928.000000	 0.862855 
926.000000	 0.852725 
924.000000	 0.842538 
922.000000	 0.833186 
920.000000	 0.825802 
918.000000	 0.821488 
916.000000	 0.819716 
914.000000	 0.821719 
912.000000	 0.826930 
910.000000	 0.834016 
908.000000	 0.843539 
906.000000	 0.854172 
904.000000	 0.866641 
902.000000	 0.880977 
900.000000	 0.898402 
898.000000	 0.923574 
896.000000	 0.956977 
894.000000	 0.997229 
892.000000	 1.045316 
890.000000	 1.096735 
888.000000	 1.144699 
886.000000	 1.191138 
884.000000	 1.231225 
882.000000	 1.262109 
880.000000	 1.284552 
878.000000	 1.289670 
876.000000	 1.285812 
874.000000	 1.272425 
872.000000	 1.250476 
870.000000	 1.226434 
868.000000	 1.201617 
866.000000	 1.178069 
864.000000	 1.160155 
862.000000	 1.148494 
860.000000	 1.137002 
858.000000	 1.124666 
856.000000	 1.113082 
854.000000	 1.107050 
852.000000	 1.102860 
850.000000	 1.095684 
848.000000	 1.089436 
846.000000	 1.085271 
844.000000	 1.076571 
842.000000	 1.063616 
840.000000	 1.048531 
838.000000	 1.028024 
836.000000	 1.001671 
834.000000	 0.971330 
832.000000	 0.935118 
830.000000	 0.892369 
828.000000	 0.844855 
826.000000	 0.796778 
824.000000	 0.754792 
822.000000	 0.722340 
820.000000	 0.696787 
818.000000	 0.677362 
816.000000	 0.662923 
814.000000	 0.651322 
812.000000	 0.643143 
810.000000	 0.637012 
808.000000	 0.631405 
806.000000	 0.626603 
804.000000	 0.621892 
802.000000	 0.616507 
800.000000	 0.611541 
798.000000	 0.606794 
796.000000	 0.601197 
794.000000	 0.595728 
792.000000	 0.591122 
790.000000	 0.586747 
788.000000	 0.581751 
786.000000	 0.577622 
784.000000	 0.574136 
782.000000	 0.570164 
780.000000	 0.567121 
778.000000	 0.564484 
776.000000	 0.561848 
774.000000	 0.559854 
772.000000	 0.557895 
770.000000	 0.556394 
768.000000	 0.555248 
766.000000	 0.554675 
764.000000	 0.553632 
762.000000	 0.552519 
760.000000	 0.551741 
758.000000	 0.550802 
756.000000	 0.549348 
754.000000	 0.549478 
752.000000	 0.549364 
750.000000	 0.546886 
748.000000	 0.544331 
746.000000	 0.541743 
744.000000	 0.539556 
742.000000	 0.537083 
740.000000	 0.532814 
738.000000	 0.528301 
736.000000	 0.524026 
734.000000	 0.518267 
732.000000	 0.512084 
730.000000	 0.507438 
728.000000	 0.502715 
726.000000	 0.497734 
724.000000	 0.493430 
722.000000	 0.489090 
720.000000	 0.485765 
718.000000	 0.483523 
716.000000	 0.481845 
714.000000	 0.480894 
712.000000	 0.479280 
710.000000	 0.475756 
708.000000	 0.470353 
706.000000	 0.463300 
704.000000	 0.454602 
702.000000	 0.444890 
700.000000	 0.435121 
698.000000	 0.425567 
696.000000	 0.416925 
694.000000	 0.409286 
692.000000	 0.402135 
690.000000	 0.396246 
688.000000	 0.391310 
686.000000	 0.387255 
684.000000	 0.382942 
682.000000	 0.379222 
680.000000	 0.376649 
678.000000	 0.373810 
676.000000	 0.370846 
674.000000	 0.368489 
672.000000	 0.365181 
670.000000	 0.353460 
668.000000	 0.345604 
666.000000	 0.356732 
664.000000	 0.358363 
662.000000	 0.354995 
660.000000	 0.352301 
658.000000	 0.349906 
656.000000	 0.347357 
654.000000	 0.345132 
652.000000	 0.343017 
650.000000	 0.341383 
648.000000	 0.339093 
646.000000	 0.337731 
644.000000	 0.337181 
642.000000	 0.335747 
640.000000	 0.333187 
638.000000	 0.330667 
636.000000	 0.328368 
634.000000	 0.326349 
632.000000	 0.323444 
630.000000	 0.319178 
628.000000	 0.314699 
626.000000	 0.310189 
624.000000	 0.304642 
622.000000	 0.299708 
620.000000	 0.295172 
618.000000	 0.289934 
616.000000	 0.286063 
614.000000	 0.282079 
612.000000	 0.276836 
610.000000	 0.272224 
608.000000	 0.268760 
606.000000	 0.264264 
604.000000	 0.260623 
602.000000	 0.257555 
600.000000	 0.254511 
598.000000	 0.251373 
596.000000	 0.247633 
594.000000	 0.243715 
592.000000	 0.239615 
590.000000	 0.235496 
588.000000	 0.231832 
586.000000	 0.228514 
584.000000	 0.225760 
582.000000	 0.222629 
580.000000	 0.219438 
578.000000	 0.216359 
576.000000	 0.213135 
574.000000	 0.210245 
572.000000	 0.206654 
570.000000	 0.203382 
568.000000	 0.201460 
566.000000	 0.200103 
564.000000	 0.198649 
562.000000	 0.196841 
560.000000	 0.194324 
558.000000	 0.192228 
556.000000	 0.190917 
554.000000	 0.189832 
552.000000	 0.188871 
550.000000	 0.188097 
548.000000	 0.187702 
546.000000	 0.187445 
544.000000	 0.187264 
542.000000	 0.186811 
540.000000	 0.187141 
538.000000	 0.187718 
536.000000	 0.187793 
534.000000	 0.188317 
532.000000	 0.188843 
530.000000	 0.189052 
528.000000	 0.189164 
526.000000	 0.190086 
524.000000	 0.191620 
522.000000	 0.192477 
520.000000	 0.192779 
518.000000	 0.194037 
516.000000	 0.196566 
514.000000	 0.198898 
512.000000	 0.201369 
510.000000	 0.204184 
508.000000	 0.207700 
506.000000	 0.212430 
504.000000	 0.217850 
502.000000	 0.225381 
500.000000	 0.235118 
498.000000	 0.245058 
496.000000	 0.255931 
494.000000	 0.267624 
492.000000	 0.280848 
490.000000	 0.295322 
488.000000	 0.310248 
486.000000	 0.324642 
484.000000	 0.340890 
482.000000	 0.358581 
480.000000	 0.373014 
478.000000	 0.385339 
476.000000	 0.398932 
474.000000	 0.411916 
472.000000	 0.423498 
470.000000	 0.435214 
468.000000	 0.445653 
466.000000	 0.455145 
464.000000	 0.462386 
462.000000	 0.466243 
460.000000	 0.467569 
458.000000	 0.470037 
456.000000	 0.474457 
454.000000	 0.475811 
452.000000	 0.475314 
450.000000	 0.475317 

