4400.000000	1.656753 
4398.000000	1.655341 
4396.000000	1.657703 
4394.000000	1.665612 
4392.000000	1.670615 
4390.000000	1.668211 
4388.000000	1.669346 
4386.000000	1.674785 
4384.000000	1.671212 
4382.000000	1.661181 
4380.000000	1.663341 
4378.000000	1.669617 
4376.000000	1.665775 
4374.000000	1.666408 
4372.000000	1.668072 
4370.000000	1.659089 
4368.000000	1.650467 
4366.000000	1.651246 
4364.000000	1.662455 
4362.000000	1.668284 
4360.000000	1.663799 
4358.000000	1.667278 
4356.000000	1.663236 
4354.000000	1.658494 
4352.000000	1.659935 
4350.000000	1.655744 
4348.000000	1.653981 
4346.000000	1.657778 
4344.000000	1.660574 
4342.000000	1.667071 
4340.000000	1.670721 
4338.000000	1.662202 
4336.000000	1.663231 
4334.000000	1.673549 
4332.000000	1.668602 
4330.000000	1.665209 
4328.000000	1.671168 
4326.000000	1.674688 
4324.000000	1.670241 
4322.000000	1.668067 
4320.000000	1.670974 
4318.000000	1.671775 
4316.000000	1.672305 
4314.000000	1.674825 
4312.000000	1.672520 
4310.000000	1.662364 
4308.000000	1.650120 
4306.000000	1.650745 
4304.000000	1.663131 
4302.000000	1.660034 
4300.000000	1.660835 
4298.000000	1.662293 
4296.000000	1.660527 
4294.000000	1.665885 
4292.000000	1.670600 
4290.000000	1.668554 
4288.000000	1.669066 
4286.000000	1.667264 
4284.000000	1.665688 
4282.000000	1.661708 
4280.000000	1.663813 
4278.000000	1.667557 
4276.000000	1.669675 
4274.000000	1.667062 
4272.000000	1.664314 
4270.000000	1.667485 
4268.000000	1.668510 
4266.000000	1.669394 
4264.000000	1.670561 
4262.000000	1.668221 
4260.000000	1.666317 
4258.000000	1.667941 
4256.000000	1.668462 
4254.000000	1.664209 
4252.000000	1.658532 
4250.000000	1.661965 
4248.000000	1.664037 
4246.000000	1.665348 
4244.000000	1.671994 
4242.000000	1.670755 
4240.000000	1.664362 
4238.000000	1.662355 
4236.000000	1.662597 
4234.000000	1.657740 
4232.000000	1.660915 
4230.000000	1.664984 
4228.000000	1.661950 
4226.000000	1.662888 
4224.000000	1.662426 
4222.000000	1.660219 
4220.000000	1.664095 
4218.000000	1.664119 
4216.000000	1.666701 
4214.000000	1.668313 
4212.000000	1.664171 
4210.000000	1.658315 
4208.000000	1.655374 
4206.000000	1.662974 
4204.000000	1.666399 
4202.000000	1.656143 
4200.000000	1.657514 
4198.000000	1.664061 
4196.000000	1.662131 
4194.000000	1.657820 
4192.000000	1.655749 
4190.000000	1.660176 
4188.000000	1.664549 
4186.000000	1.666716 
4184.000000	1.664711 
4182.000000	1.662755 
4180.000000	1.666485 
4178.000000	1.663727 
4176.000000	1.665420 
4174.000000	1.664037 
4172.000000	1.656452 
4170.000000	1.657562 
4168.000000	1.659330 
4166.000000	1.656729 
4164.000000	1.650282 
4162.000000	1.647866 
4160.000000	1.653389 
4158.000000	1.657604 
4156.000000	1.661186 
4154.000000	1.664152 
4152.000000	1.662974 
4150.000000	1.662240 
4148.000000	1.662955 
4146.000000	1.670431 
4144.000000	1.674281 
4142.000000	1.672627 
4140.000000	1.664793 
4138.000000	1.656701 
4136.000000	1.658565 
4134.000000	1.659925 
4132.000000	1.660120 
4130.000000	1.662940 
4128.000000	1.664310 
4126.000000	1.669525 
4124.000000	1.669690 
4122.000000	1.662050 
4120.000000	1.661428 
4118.000000	1.664434 
4116.000000	1.662112 
4114.000000	1.659542 
4112.000000	1.658603 
4110.000000	1.662921 
4108.000000	1.665133 
4106.000000	1.660996 
4104.000000	1.659944 
4102.000000	1.661694 
4100.000000	1.662540 
4098.000000	1.659760 
4096.000000	1.660408 
4094.000000	1.659008 
4092.000000	1.658372 
4090.000000	1.658933 
4088.000000	1.663584 
4086.000000	1.665113 
4084.000000	1.660446 
4082.000000	1.656598 
4080.000000	1.657077 
4078.000000	1.659046 
4076.000000	1.658782 
4074.000000	1.659821 
4072.000000	1.658499 
4070.000000	1.655496 
4068.000000	1.654817 
4066.000000	1.650861 
4064.000000	1.649658 
4062.000000	1.653655 
4060.000000	1.658471 
4058.000000	1.662931 
4056.000000	1.663966 
4054.000000	1.662188 
4052.000000	1.657449 
4050.000000	1.654350 
4048.000000	1.654537 
4046.000000	1.656349 
4044.000000	1.659812 
4042.000000	1.659150 
4040.000000	1.656030 
4038.000000	1.657995 
4036.000000	1.658174 
4034.000000	1.660560 
4032.000000	1.662550 
4030.000000	1.658848 
4028.000000	1.656997 
4026.000000	1.662440 
4024.000000	1.662469 
4022.000000	1.660674 
4020.000000	1.664061 
4018.000000	1.664573 
4016.000000	1.659103 
4014.000000	1.656082 
4012.000000	1.663942 
4010.000000	1.669312 
4008.000000	1.664506 
4006.000000	1.656119 
4004.000000	1.657863 
4002.000000	1.663956 
4000.000000	1.663560 
3998.000000	1.661485 
3996.000000	1.657981 
3994.000000	1.655224 
3992.000000	1.658820 
3990.000000	1.659018 
3988.000000	1.655805 
3986.000000	1.657665 
3984.000000	1.664869 
3982.000000	1.667908 
3980.000000	1.661575 
3978.000000	1.656776 
3976.000000	1.649182 
3974.000000	1.641947 
3972.000000	1.644419 
3970.000000	1.650903 
3968.000000	1.654490 
3966.000000	1.655267 
3964.000000	1.650065 
3962.000000	1.646694 
3960.000000	1.648905 
3958.000000	1.653077 
3956.000000	1.651376 
3954.000000	1.649866 
3952.000000	1.656542 
3950.000000	1.657660 
3948.000000	1.653729 
3946.000000	1.653044 
3944.000000	1.652458 
3942.000000	1.654229 
3940.000000	1.658961 
3938.000000	1.664377 
3936.000000	1.661718 
3934.000000	1.653729 
3932.000000	1.656105 
3930.000000	1.661452 
3928.000000	1.662312 
3926.000000	1.661475 
3924.000000	1.664573 
3922.000000	1.665981 
3920.000000	1.664620 
3918.000000	1.666908 
3916.000000	1.663823 
3914.000000	1.663660 
3912.000000	1.665861 
3910.000000	1.661024 
3908.000000	1.655150 
3906.000000	1.647985 
3904.000000	1.649584 
3902.000000	1.656391 
3900.000000	1.662731 
3898.000000	1.667519 
3896.000000	1.660252 
3894.000000	1.650328 
3892.000000	1.652658 
3890.000000	1.657237 
3888.000000	1.652672 
3886.000000	1.659609 
3884.000000	1.672875 
3882.000000	1.670930 
3880.000000	1.667456 
3878.000000	1.667331 
3876.000000	1.659802 
3874.000000	1.654934 
3872.000000	1.656265 
3870.000000	1.665243 
3868.000000	1.675869 
3866.000000	1.675815 
3864.000000	1.673978 
3862.000000	1.667591 
3860.000000	1.665712 
3858.000000	1.659774 
3856.000000	1.644223 
3854.000000	1.645338 
3852.000000	1.673856 
3850.000000	1.680636 
3848.000000	1.672992 
3846.000000	1.668110 
3844.000000	1.667062 
3842.000000	1.667851 
3840.000000	1.672588 
3838.000000	1.670038 
3836.000000	1.672383 
3834.000000	1.684019 
3832.000000	1.684654 
3830.000000	1.678829 
3828.000000	1.670290 
3826.000000	1.660858 
3824.000000	1.659334 
3822.000000	1.660773 
3820.000000	1.665511 
3818.000000	1.662169 
3816.000000	1.667418 
3814.000000	1.678557 
3812.000000	1.674174 
3810.000000	1.664850 
3808.000000	1.656781 
3806.000000	1.664668 
3804.000000	1.662926 
3802.000000	1.657251 
3800.000000	1.663885 
3798.000000	1.666350 
3796.000000	1.676384 
3794.000000	1.680388 
3792.000000	1.670605 
3790.000000	1.671114 
3788.000000	1.674541 
3786.000000	1.670721 
3784.000000	1.663913 
3782.000000	1.655665 
3780.000000	1.660603 
3778.000000	1.672734 
3776.000000	1.672929 
3774.000000	1.667818 
3772.000000	1.672052 
3770.000000	1.679694 
3768.000000	1.677763 
3766.000000	1.677733 
3764.000000	1.681844 
3762.000000	1.677728 
3760.000000	1.671246 
3758.000000	1.681859 
3756.000000	1.684439 
3754.000000	1.669893 
3752.000000	1.666355 
3750.000000	1.688668 
3748.000000	1.707110 
3746.000000	1.703570 
3744.000000	1.716638 
3742.000000	1.728054 
3740.000000	1.713228 
3738.000000	1.698101 
3736.000000	1.704702 
3734.000000	1.718583 
3732.000000	1.725075 
3730.000000	1.723775 
3728.000000	1.715239 
3726.000000	1.716298 
3724.000000	1.716962 
3722.000000	1.714230 
3720.000000	1.726623 
3718.000000	1.734230 
3716.000000	1.725934 
3714.000000	1.717972 
3712.000000	1.723934 
3710.000000	1.736848 
3708.000000	1.746562 
3706.000000	1.747348 
3704.000000	1.738511 
3702.000000	1.745622 
3700.000000	1.755301 
3698.000000	1.750455 
3696.000000	1.754848 
3694.000000	1.760441 
3692.000000	1.754201 
3690.000000	1.750647 
3688.000000	1.770045 
3686.000000	1.788380 
3684.000000	1.785092 
3682.000000	1.775276 
3680.000000	1.772104 
3678.000000	1.772515 
3676.000000	1.791366 
3674.000000	1.806624 
3672.000000	1.791706 
3670.000000	1.787104 
3668.000000	1.801229 
3666.000000	1.803461 
3664.000000	1.811024 
3662.000000	1.823995 
3660.000000	1.819154 
3658.000000	1.808766 
3656.000000	1.813221 
3654.000000	1.816527 
3652.000000	1.799477 
3650.000000	1.808139 
3648.000000	1.840381 
3646.000000	1.853770 
3644.000000	1.843799 
3642.000000	1.829456 
3640.000000	1.829365 
3638.000000	1.830828 
3636.000000	1.834137 
3634.000000	1.833487 
3632.000000	1.823354 
3630.000000	1.816473 
3628.000000	1.849130 
3626.000000	1.856425 
3624.000000	1.834273 
3622.000000	1.816934 
3620.000000	1.819127 
3618.000000	1.842558 
3616.000000	1.855667 
3614.000000	1.859816 
3612.000000	1.847303 
3610.000000	1.828715 
3608.000000	1.836562 
3606.000000	1.854037 
3604.000000	1.854481 
3602.000000	1.841357 
3600.000000	1.836448 
3598.000000	1.840962 
3596.000000	1.840983 
3594.000000	1.845929 
3592.000000	1.853002 
3590.000000	1.839557 
3588.000000	1.841781 
3586.000000	1.871681 
3584.000000	1.878663 
3582.000000	1.864908 
3580.000000	1.853379 
3578.000000	1.855155 
3576.000000	1.859411 
3574.000000	1.854347 
3572.000000	1.848792 
3570.000000	1.843546 
3568.000000	1.834400 
3566.000000	1.847887 
3564.000000	1.865705 
3562.000000	1.866496 
3560.000000	1.869199 
3558.000000	1.873913 
3556.000000	1.868970 
3554.000000	1.869008 
3552.000000	1.880855 
3550.000000	1.877608 
3548.000000	1.869000 
3546.000000	1.870680 
3544.000000	1.880328 
3542.000000	1.881958 
3540.000000	1.876321 
3538.000000	1.876710 
3536.000000	1.882977 
3534.000000	1.886056 
3532.000000	1.873449 
3530.000000	1.873851 
3528.000000	1.883872 
3526.000000	1.893259 
3524.000000	1.886176 
3522.000000	1.880116 
3520.000000	1.881060 
3518.000000	1.880777 
3516.000000	1.878327 
3514.000000	1.875589 
3512.000000	1.877905 
3510.000000	1.886231 
3508.000000	1.895191 
3506.000000	1.895883 
3504.000000	1.892240 
3502.000000	1.903876 
3500.000000	1.905905 
3498.000000	1.899443 
3496.000000	1.899295 
3494.000000	1.897672 
3492.000000	1.891595 
3490.000000	1.888092 
3488.000000	1.890692 
3486.000000	1.901443 
3484.000000	1.909732 
3482.000000	1.902956 
3480.000000	1.893559 
3478.000000	1.892847 
3476.000000	1.896708 
3474.000000	1.907425 
3472.000000	1.915832 
3470.000000	1.915133 
3468.000000	1.912186 
3466.000000	1.913160 
3464.000000	1.911907 
3462.000000	1.902848 
3460.000000	1.905830 
3458.000000	1.907392 
3456.000000	1.906639 
3454.000000	1.917764 
3452.000000	1.916472 
3450.000000	1.906013 
3448.000000	1.906898 
3446.000000	1.914869 
3444.000000	1.917370 
3442.000000	1.907559 
3440.000000	1.902129 
3438.000000	1.907542 
3436.000000	1.911442 
3434.000000	1.910447 
3432.000000	1.915372 
3430.000000	1.925709 
3428.000000	1.920643 
3426.000000	1.910455 
3424.000000	1.906564 
3422.000000	1.897362 
3420.000000	1.903519 
3418.000000	1.918184 
3416.000000	1.920962 
3414.000000	1.920221 
3412.000000	1.924637 
3410.000000	1.924359 
3408.000000	1.905738 
3406.000000	1.898229 
3404.000000	1.906264 
3402.000000	1.908749 
3400.000000	1.905330 
3398.000000	1.908396 
3396.000000	1.912871 
3394.000000	1.912220 
3392.000000	1.910279 
3390.000000	1.907827 
3388.000000	1.905930 
3386.000000	1.899270 
3384.000000	1.902989 
3382.000000	1.916617 
3380.000000	1.917310 
3378.000000	1.912084 
3376.000000	1.901815 
3374.000000	1.892717 
3372.000000	1.897795 
3370.000000	1.905538 
3368.000000	1.904183 
3366.000000	1.902981 
3364.000000	1.893551 
3362.000000	1.893940 
3360.000000	1.910018 
3358.000000	1.903718 
3356.000000	1.887085 
3354.000000	1.887205 
3352.000000	1.898196 
3350.000000	1.906848 
3348.000000	1.900734 
3346.000000	1.894362 
3344.000000	1.900619 
3342.000000	1.899213 
3340.000000	1.884943 
3338.000000	1.881950 
3336.000000	1.890193 
3334.000000	1.896594 
3332.000000	1.897435 
3330.000000	1.896135 
3328.000000	1.888164 
3326.000000	1.881186 
3324.000000	1.878116 
3322.000000	1.875768 
3320.000000	1.879706 
3318.000000	1.888284 
3316.000000	1.885102 
3314.000000	1.880179 
3312.000000	1.886223 
3310.000000	1.882756 
3308.000000	1.879204 
3306.000000	1.885086 
3304.000000	1.879816 
3302.000000	1.874208 
3300.000000	1.881477 
3298.000000	1.884125 
3296.000000	1.882345 
3294.000000	1.881808 
3292.000000	1.873232 
3290.000000	1.870427 
3288.000000	1.879635 
3286.000000	1.876742 
3284.000000	1.862938 
3282.000000	1.860679 
3280.000000	1.862485 
3278.000000	1.864156 
3276.000000	1.866961 
3274.000000	1.861927 
3272.000000	1.852375 
3270.000000	1.846198 
3268.000000	1.849240 
3266.000000	1.853800 
3264.000000	1.853770 
3262.000000	1.859583 
3260.000000	1.863369 
3258.000000	1.866793 
3256.000000	1.870373 
3254.000000	1.864241 
3252.000000	1.857095 
3250.000000	1.857446 
3248.000000	1.858648 
3246.000000	1.862236 
3244.000000	1.871527 
3242.000000	1.866633 
3240.000000	1.852412 
3238.000000	1.849891 
3236.000000	1.851948 
3234.000000	1.851058 
3232.000000	1.850948 
3230.000000	1.849452 
3228.000000	1.841421 
3226.000000	1.843799 
3224.000000	1.857871 
3222.000000	1.854333 
3220.000000	1.841177 
3218.000000	1.838906 
3216.000000	1.841134 
3214.000000	1.844906 
3212.000000	1.851323 
3210.000000	1.851749 
3208.000000	1.840940 
3206.000000	1.821606 
3204.000000	1.816391 
3202.000000	1.824541 
3200.000000	1.832297 
3198.000000	1.837693 
3196.000000	1.831432 
3194.000000	1.822693 
3192.000000	1.820523 
3190.000000	1.820023 
3188.000000	1.822885 
3186.000000	1.819093 
3184.000000	1.808666 
3182.000000	1.809099 
3180.000000	1.811393 
3178.000000	1.811286 
3176.000000	1.816771 
3174.000000	1.815009 
3172.000000	1.802830 
3170.000000	1.796609 
3168.000000	1.800685 
3166.000000	1.805891 
3164.000000	1.807361 
3162.000000	1.808745 
3160.000000	1.807528 
3158.000000	1.801045 
3156.000000	1.799953 
3154.000000	1.809046 
3152.000000	1.802922 
3150.000000	1.793986 
3148.000000	1.795445 
3146.000000	1.791744 
3144.000000	1.785522 
3142.000000	1.784418 
3140.000000	1.789163 
3138.000000	1.793381 
3136.000000	1.790554 
3134.000000	1.782908 
3132.000000	1.780366 
3130.000000	1.782143 
3128.000000	1.783078 
3126.000000	1.781297 
3124.000000	1.784449 
3122.000000	1.786800 
3120.000000	1.784285 
3118.000000	1.782720 
3116.000000	1.779930 
3114.000000	1.776345 
3112.000000	1.775807 
3110.000000	1.779118 
3108.000000	1.778142 
3106.000000	1.775541 
3104.000000	1.772337 
3102.000000	1.767668 
3100.000000	1.766723 
3098.000000	1.764960 
3096.000000	1.759607 
3094.000000	1.756730 
3092.000000	1.758543 
3090.000000	1.755248 
3088.000000	1.754771 
3086.000000	1.761360 
3084.000000	1.765581 
3082.000000	1.761408 
3080.000000	1.754836 
3078.000000	1.753848 
3076.000000	1.755785 
3074.000000	1.752213 
3072.000000	1.745864 
3070.000000	1.744229 
3068.000000	1.743145 
3066.000000	1.745962 
3064.000000	1.752517 
3062.000000	1.752517 
3060.000000	1.742916 
3058.000000	1.734758 
3056.000000	1.735889 
3054.000000	1.740825 
3052.000000	1.744017 
3050.000000	1.744724 
3048.000000	1.742109 
3046.000000	1.742241 
3044.000000	1.742744 
3042.000000	1.740124 
3040.000000	1.733159 
3038.000000	1.731365 
3036.000000	1.738273 
3034.000000	1.742212 
3032.000000	1.738273 
3030.000000	1.729340 
3028.000000	1.728497 
3026.000000	1.736255 
3024.000000	1.734696 
3022.000000	1.732107 
3020.000000	1.733248 
3018.000000	1.732185 
3016.000000	1.729379 
3014.000000	1.723917 
3012.000000	1.716433 
3010.000000	1.714643 
3008.000000	1.716708 
3006.000000	1.718762 
3004.000000	1.717237 
3002.000000	1.717896 
3000.000000	1.723720 
2998.000000	1.721741 
2996.000000	1.717350 
2994.000000	1.716067 
2992.000000	1.710509 
2990.000000	1.709288 
2988.000000	1.709893 
2986.000000	1.709580 
2984.000000	1.713656 
2982.000000	1.723912 
2980.000000	1.731644 
2978.000000	1.725752 
2976.000000	1.722199 
2974.000000	1.724021 
2972.000000	1.724817 
2970.000000	1.726375 
2968.000000	1.728419 
2966.000000	1.725840 
2964.000000	1.720521 
2962.000000	1.722986 
2960.000000	1.726976 
2958.000000	1.724987 
2956.000000	1.723024 
2954.000000	1.720956 
2952.000000	1.717221 
2950.000000	1.714771 
2948.000000	1.713244 
2946.000000	1.710121 
2944.000000	1.713362 
2942.000000	1.721708 
2940.000000	1.724235 
2938.000000	1.726104 
2936.000000	1.727755 
2934.000000	1.724614 
2932.000000	1.724883 
2930.000000	1.726606 
2928.000000	1.728115 
2926.000000	1.725169 
2924.000000	1.718935 
2922.000000	1.718881 
2920.000000	1.721141 
2918.000000	1.713057 
2916.000000	1.706704 
2914.000000	1.705605 
2912.000000	1.706325 
2910.000000	1.702243 
2908.000000	1.693405 
2906.000000	1.686889 
2904.000000	1.684109 
2902.000000	1.683834 
2900.000000	1.689985 
2898.000000	1.696704 
2896.000000	1.697487 
2894.000000	1.693835 
2892.000000	1.683694 
2890.000000	1.672749 
2888.000000	1.673910 
2886.000000	1.678039 
2884.000000	1.678192 
2882.000000	1.683159 
2880.000000	1.685612 
2878.000000	1.679709 
2876.000000	1.674047 
2874.000000	1.673168 
2872.000000	1.670654 
2870.000000	1.670392 
2868.000000	1.677881 
2866.000000	1.679066 
2864.000000	1.677787 
2862.000000	1.682023 
2860.000000	1.682830 
2858.000000	1.680046 
2856.000000	1.682117 
2854.000000	1.680036 
2852.000000	1.672510 
2850.000000	1.671061 
2848.000000	1.669419 
2846.000000	1.664577 
2844.000000	1.665928 
2842.000000	1.667346 
2840.000000	1.660574 
2838.000000	1.656283 
2836.000000	1.651868 
2834.000000	1.646731 
2832.000000	1.648326 
2830.000000	1.647939 
2828.000000	1.644008 
2826.000000	1.644624 
2824.000000	1.648137 
2822.000000	1.647571 
2820.000000	1.648294 
2818.000000	1.650356 
2816.000000	1.648077 
2814.000000	1.643753 
2812.000000	1.641589 
2810.000000	1.643352 
2808.000000	1.643384 
2806.000000	1.639918 
2804.000000	1.634900 
2802.000000	1.634878 
2800.000000	1.641335 
2798.000000	1.643598 
2796.000000	1.643712 
2794.000000	1.642120 
2792.000000	1.634070 
2790.000000	1.628619 
2788.000000	1.632366 
2786.000000	1.635566 
2784.000000	1.633545 
2782.000000	1.632118 
2780.000000	1.635750 
2778.000000	1.639778 
2776.000000	1.638137 
2774.000000	1.634396 
2772.000000	1.633553 
2770.000000	1.634985 
2768.000000	1.638164 
2766.000000	1.639250 
2764.000000	1.635692 
2762.000000	1.633674 
2760.000000	1.636050 
2758.000000	1.638191 
2756.000000	1.637283 
2754.000000	1.633901 
2752.000000	1.629549 
2750.000000	1.629871 
2748.000000	1.631599 
2746.000000	1.628993 
2744.000000	1.626760 
2742.000000	1.628385 
2740.000000	1.633429 
2738.000000	1.635584 
2736.000000	1.632295 
2734.000000	1.629747 
2732.000000	1.631138 
2730.000000	1.627845 
2728.000000	1.622594 
2726.000000	1.626699 
2724.000000	1.628588 
2722.000000	1.624574 
2720.000000	1.626515 
2718.000000	1.625727 
2716.000000	1.624631 
2714.000000	1.625373 
2712.000000	1.624954 
2710.000000	1.624173 
2708.000000	1.623833 
2706.000000	1.624234 
2704.000000	1.621385 
2702.000000	1.622212 
2700.000000	1.625456 
2698.000000	1.623555 
2696.000000	1.623050 
2694.000000	1.622677 
2692.000000	1.618313 
2690.000000	1.616400 
2688.000000	1.615737 
2686.000000	1.617042 
2684.000000	1.617832 
2682.000000	1.614968 
2680.000000	1.616104 
2678.000000	1.616794 
2676.000000	1.618855 
2674.000000	1.620019 
2672.000000	1.615724 
2670.000000	1.614039 
2668.000000	1.615818 
2666.000000	1.614218 
2664.000000	1.610653 
2662.000000	1.612581 
2660.000000	1.616040 
2658.000000	1.616216 
2656.000000	1.613524 
2654.000000	1.609729 
2652.000000	1.611169 
2650.000000	1.610446 
2648.000000	1.608151 
2646.000000	1.610936 
2644.000000	1.614320 
2642.000000	1.612688 
2640.000000	1.612083 
2638.000000	1.612333 
2636.000000	1.606642 
2634.000000	1.603759 
2632.000000	1.606299 
2630.000000	1.609742 
2628.000000	1.611427 
2626.000000	1.611042 
2624.000000	1.610906 
2622.000000	1.608395 
2620.000000	1.603020 
2618.000000	1.605063 
2616.000000	1.610687 
2614.000000	1.610113 
2612.000000	1.608811 
2610.000000	1.606901 
2608.000000	1.603178 
2606.000000	1.602717 
2604.000000	1.603772 
2602.000000	1.603315 
2600.000000	1.607769 
2598.000000	1.608744 
2596.000000	1.608147 
2594.000000	1.608706 
2592.000000	1.605113 
2590.000000	1.602199 
2588.000000	1.603922 
2586.000000	1.603518 
2584.000000	1.600975 
2582.000000	1.598351 
2580.000000	1.596356 
2578.000000	1.596107 
2576.000000	1.597522 
2574.000000	1.601851 
2572.000000	1.604384 
2570.000000	1.606876 
2568.000000	1.609173 
2566.000000	1.606935 
2564.000000	1.602162 
2562.000000	1.600240 
2560.000000	1.598343 
2558.000000	1.599733 
2556.000000	1.602042 
2554.000000	1.600277 
2552.000000	1.599807 
2550.000000	1.601161 
2548.000000	1.601843 
2546.000000	1.603814 
2544.000000	1.602294 
2542.000000	1.601127 
2540.000000	1.599927 
2538.000000	1.597986 
2536.000000	1.601334 
2534.000000	1.598840 
2532.000000	1.593409 
2530.000000	1.595923 
2528.000000	1.598146 
2526.000000	1.596769 
2524.000000	1.593974 
2522.000000	1.594543 
2520.000000	1.601437 
2518.000000	1.602896 
2516.000000	1.597539 
2514.000000	1.596495 
2512.000000	1.595735 
2510.000000	1.592063 
2508.000000	1.594458 
2506.000000	1.600492 
2504.000000	1.596091 
2502.000000	1.591534 
2500.000000	1.595048 
2498.000000	1.595268 
2496.000000	1.591077 
2494.000000	1.591214 
2492.000000	1.595325 
2490.000000	1.595650 
2488.000000	1.594869 
2486.000000	1.594380 
2484.000000	1.591800 
2482.000000	1.589992 
2480.000000	1.589859 
2478.000000	1.589795 
2476.000000	1.588183 
2474.000000	1.587246 
2472.000000	1.591170 
2470.000000	1.594027 
2468.000000	1.590383 
2466.000000	1.584592 
2464.000000	1.580467 
2462.000000	1.582169 
2460.000000	1.586970 
2458.000000	1.589260 
2456.000000	1.588135 
2454.000000	1.588055 
2452.000000	1.589067 
2450.000000	1.587947 
2448.000000	1.585074 
2446.000000	1.580577 
2444.000000	1.576613 
2442.000000	1.578743 
2440.000000	1.583929 
2438.000000	1.586099 
2436.000000	1.586107 
2434.000000	1.587182 
2432.000000	1.585217 
2430.000000	1.582414 
2428.000000	1.582240 
2426.000000	1.581307 
2424.000000	1.583575 
2422.000000	1.588308 
2420.000000	1.587662 
2418.000000	1.588151 
2416.000000	1.587150 
2414.000000	1.582548 
2412.000000	1.583881 
2410.000000	1.587102 
2408.000000	1.584883 
2406.000000	1.583286 
2404.000000	1.582925 
2402.000000	1.581860 
2400.000000	1.582830 
2398.000000	1.580901 
2396.000000	1.574532 
2394.000000	1.575887 
2392.000000	1.582082 
2390.000000	1.584600 
2388.000000	1.583849 
2386.000000	1.582877 
2384.000000	1.585261 
2382.000000	1.583571 
2380.000000	1.577265 
2378.000000	1.574540 
2376.000000	1.575131 
2374.000000	1.574015 
2372.000000	1.571167 
2370.000000	1.573437 
2368.000000	1.575828 
2366.000000	1.578209 
2364.000000	1.583964 
2362.000000	1.580719 
2360.000000	1.576035 
2358.000000	1.579385 
2356.000000	1.584819 
2354.000000	1.590097 
2352.000000	1.600884 
2350.000000	1.604863 
2348.000000	1.591117 
2346.000000	1.576535 
2344.000000	1.580912 
2342.000000	1.591037 
2340.000000	1.592910 
2338.000000	1.595170 
2336.000000	1.595117 
2334.000000	1.594014 
2332.000000	1.598717 
2330.000000	1.601235 
2328.000000	1.604284 
2326.000000	1.605601 
2324.000000	1.609320 
2322.000000	1.610151 
2320.000000	1.610028 
2318.000000	1.616164 
2316.000000	1.619950 
2314.000000	1.618614 
2312.000000	1.620386 
2310.000000	1.624971 
2308.000000	1.628275 
2306.000000	1.632175 
2304.000000	1.637480 
2302.000000	1.640832 
2300.000000	1.644337 
2298.000000	1.647516 
2296.000000	1.652337 
2294.000000	1.660802 
2292.000000	1.666908 
2290.000000	1.678014 
2288.000000	1.691290 
2286.000000	1.697988 
2284.000000	1.707733 
2282.000000	1.715610 
2280.000000	1.727960 
2278.000000	1.753267 
2276.000000	1.771321 
2274.000000	1.781498 
2272.000000	1.792142 
2270.000000	1.810884 
2268.000000	1.828443 
2266.000000	1.837793 
2264.000000	1.848215 
2262.000000	1.862644 
2260.000000	1.877655 
2258.000000	1.884990 
2256.000000	1.884704 
2254.000000	1.887125 
2252.000000	1.881611 
2250.000000	1.867815 
2248.000000	1.866070 
2246.000000	1.868159 
2244.000000	1.863119 
2242.000000	1.855140 
2240.000000	1.845827 
2238.000000	1.838949 
2236.000000	1.831284 
2234.000000	1.820153 
2232.000000	1.807076 
2230.000000	1.790183 
2228.000000	1.781761 
2226.000000	1.776598 
2224.000000	1.771137 
2222.000000	1.768529 
2220.000000	1.769600 
2218.000000	1.768845 
2216.000000	1.768614 
2214.000000	1.782412 
2212.000000	1.792373 
2210.000000	1.785610 
2208.000000	1.785149 
2206.000000	1.788997 
2204.000000	1.783971 
2202.000000	1.780916 
2200.000000	1.784840 
2198.000000	1.783097 
2196.000000	1.771107 
2194.000000	1.763901 
2192.000000	1.767122 
2190.000000	1.764262 
2188.000000	1.750239 
2186.000000	1.734432 
2184.000000	1.725554 
2182.000000	1.723791 
2180.000000	1.721637 
2178.000000	1.712133 
2176.000000	1.706768 
2174.000000	1.710280 
2172.000000	1.713796 
2170.000000	1.715454 
2168.000000	1.711493 
2166.000000	1.705195 
2164.000000	1.703675 
2162.000000	1.703476 
2160.000000	1.703963 
2158.000000	1.702332 
2156.000000	1.705478 
2154.000000	1.709013 
2152.000000	1.705505 
2150.000000	1.701378 
2148.000000	1.699737 
2146.000000	1.700339 
2144.000000	1.700734 
2142.000000	1.697306 
2140.000000	1.692135 
2138.000000	1.685461 
2136.000000	1.682720 
2134.000000	1.686456 
2132.000000	1.685236 
2130.000000	1.676620 
2128.000000	1.673974 
2126.000000	1.677910 
2124.000000	1.678755 
2122.000000	1.678621 
2120.000000	1.675295 
2118.000000	1.675280 
2116.000000	1.677477 
2114.000000	1.670038 
2112.000000	1.660920 
2110.000000	1.657096 
2108.000000	1.652309 
2106.000000	1.647732 
2104.000000	1.646978 
2102.000000	1.642637 
2100.000000	1.636256 
2098.000000	1.632993 
2096.000000	1.630629 
2094.000000	1.629460 
2092.000000	1.630302 
2090.000000	1.629319 
2088.000000	1.621774 
2086.000000	1.614823 
2084.000000	1.612806 
2082.000000	1.609190 
2080.000000	1.603722 
2078.000000	1.599247 
2076.000000	1.593539 
2074.000000	1.590069 
2072.000000	1.586838 
2070.000000	1.579342 
2068.000000	1.571901 
2066.000000	1.562532 
2064.000000	1.555503 
2062.000000	1.553491 
2060.000000	1.554351 
2058.000000	1.554121 
2056.000000	1.549543 
2054.000000	1.544202 
2052.000000	1.539986 
2050.000000	1.539433 
2048.000000	1.539111 
2046.000000	1.539759 
2044.000000	1.537337 
2042.000000	1.532584 
2040.000000	1.532094 
2038.000000	1.530409 
2036.000000	1.527909 
2034.000000	1.525715 
2032.000000	1.522941 
2030.000000	1.522520 
2028.000000	1.523788 
2026.000000	1.521769 
2024.000000	1.518855 
2022.000000	1.517820 
2020.000000	1.519250 
2018.000000	1.522644 
2016.000000	1.522696 
2014.000000	1.518370 
2012.000000	1.518773 
2010.000000	1.521123 
2008.000000	1.520817 
2006.000000	1.520477 
2004.000000	1.519661 
2002.000000	1.518281 
2000.000000	1.518732 
1998.000000	1.517936 
1996.000000	1.512605 
1994.000000	1.510571 
1992.000000	1.513827 
1990.000000	1.516523 
1988.000000	1.514406 
1986.000000	1.511703 
1984.000000	1.512272 
1982.000000	1.512808 
1980.000000	1.510162 
1978.000000	1.507832 
1976.000000	1.507379 
1974.000000	1.506843 
1972.000000	1.506707 
1970.000000	1.506106 
1968.000000	1.508242 
1966.000000	1.510776 
1964.000000	1.508242 
1962.000000	1.508409 
1960.000000	1.509871 
1958.000000	1.510427 
1956.000000	1.507992 
1954.000000	1.501783 
1952.000000	1.500612 
1950.000000	1.503925 
1948.000000	1.506125 
1946.000000	1.504480 
1944.000000	1.498333 
1942.000000	1.500356 
1940.000000	1.506119 
1938.000000	1.503347 
1936.000000	1.502448 
1934.000000	1.504801 
1932.000000	1.503285 
1930.000000	1.502484 
1928.000000	1.504513 
1926.000000	1.503272 
1924.000000	1.501254 
1922.000000	1.502892 
1920.000000	1.498248 
1918.000000	1.498770 
1916.000000	1.503001 
1914.000000	1.500910 
1912.000000	1.499871 
1910.000000	1.498444 
1908.000000	1.497945 
1906.000000	1.497375 
1904.000000	1.498310 
1902.000000	1.501182 
1900.000000	1.500136 
1898.000000	1.495748 
1896.000000	1.492258 
1894.000000	1.494583 
1892.000000	1.495699 
1890.000000	1.496088 
1888.000000	1.496569 
1886.000000	1.490387 
1884.000000	1.487178 
1882.000000	1.490493 
1880.000000	1.493237 
1878.000000	1.490842 
1876.000000	1.488251 
1874.000000	1.488601 
1872.000000	1.484979 
1870.000000	1.482931 
1868.000000	1.495055 
1866.000000	1.497190 
1864.000000	1.491330 
1862.000000	1.490365 
1860.000000	1.488758 
1858.000000	1.486464 
1856.000000	1.486737 
1854.000000	1.487983 
1852.000000	1.485624 
1850.000000	1.481853 
1848.000000	1.482900 
1846.000000	1.480236 
1844.000000	1.487776 
1842.000000	1.494993 
1840.000000	1.488098 
1838.000000	1.487150 
1836.000000	1.489236 
1834.000000	1.483958 
1832.000000	1.475185 
1830.000000	1.480070 
1828.000000	1.485089 
1826.000000	1.480052 
1824.000000	1.483504 
1822.000000	1.481637 
1820.000000	1.474607 
1818.000000	1.473399 
1816.000000	1.475989 
1814.000000	1.473759 
1812.000000	1.471006 
1810.000000	1.474024 
1808.000000	1.472672 
1806.000000	1.469298 
1804.000000	1.468345 
1802.000000	1.468421 
1800.000000	1.477728 
1798.000000	1.479046 
1796.000000	1.472728 
1794.000000	1.463442 
1792.000000	1.467922 
1790.000000	1.474197 
1788.000000	1.464304 
1786.000000	1.456108 
1784.000000	1.459285 
1782.000000	1.459563 
1780.000000	1.459957 
1778.000000	1.460868 
1776.000000	1.457195 
1774.000000	1.452847 
1772.000000	1.459873 
1770.000000	1.463731 
1768.000000	1.460440 
1766.000000	1.458615 
1764.000000	1.447700 
1762.000000	1.450274 
1760.000000	1.456081 
1758.000000	1.449148 
1756.000000	1.453859 
1754.000000	1.447799 
1752.000000	1.438981 
1750.000000	1.451560 
1748.000000	1.456215 
1746.000000	1.452301 
1744.000000	1.444932 
1742.000000	1.439430 
1740.000000	1.441091 
1738.000000	1.449052 
1736.000000	1.432431 
1734.000000	1.448534 
1732.000000	1.471567 
1730.000000	1.459089 
1728.000000	1.454266 
1726.000000	1.447526 
1724.000000	1.442984 
1722.000000	1.438216 
1720.000000	1.424084 
1718.000000	1.429591 
1716.000000	1.452542 
1714.000000	1.451001 
1712.000000	1.442666 
1710.000000	1.436377 
1708.000000	1.430583 
1706.000000	1.431206 
1704.000000	1.433508 
1702.000000	1.412715 
1700.000000	1.431203 
1698.000000	1.441314 
1696.000000	1.436241 
1694.000000	1.445706 
1692.000000	1.426540 
1690.000000	1.414303 
1688.000000	1.410253 
1686.000000	1.394552 
1684.000000	1.416269 
1682.000000	1.435778 
1680.000000	1.419189 
1678.000000	1.407610 
1676.000000	1.402229 
1674.000000	1.419232 
1672.000000	1.411042 
1670.000000	1.406381 
1668.000000	1.420555 
1666.000000	1.411258 
1664.000000	1.398419 
1662.000000	1.408153 
1660.000000	1.411186 
1658.000000	1.400778 
1656.000000	1.380046 
1654.000000	1.377001 
1652.000000	1.430313 
1650.000000	1.411867 
1648.000000	1.386342 
1646.000000	1.407618 
1644.000000	1.414303 
1642.000000	1.401406 
1640.000000	1.396411 
1638.000000	1.389279 
1636.000000	1.400330 
1634.000000	1.425540 
1632.000000	1.414499 
1630.000000	1.399875 
1628.000000	1.400643 
1626.000000	1.399381 
1624.000000	1.393708 
1622.000000	1.404312 
1620.000000	1.397025 
1618.000000	1.381675 
1616.000000	1.396220 
1614.000000	1.396702 
1612.000000	1.381608 
1610.000000	1.378283 
1608.000000	1.376471 
1606.000000	1.369898 
1604.000000	1.363521 
1602.000000	1.359741 
1600.000000	1.355911 
1598.000000	1.349984 
1596.000000	1.348000 
1594.000000	1.349220 
1592.000000	1.347414 
1590.000000	1.344594 
1588.000000	1.343127 
1586.000000	1.339483 
1584.000000	1.335950 
1582.000000	1.333738 
1580.000000	1.329951 
1578.000000	1.319708 
1576.000000	1.334297 
1574.000000	1.344163 
1572.000000	1.326702 
1570.000000	1.326696 
1568.000000	1.336327 
1566.000000	1.325831 
1564.000000	1.319943 
1562.000000	1.306186 
1560.000000	1.302289 
1558.000000	1.352161 
1556.000000	1.342347 
1554.000000	1.325985 
1552.000000	1.317511 
1550.000000	1.313073 
1548.000000	1.311422 
1546.000000	1.303389 
1544.000000	1.303620 
1542.000000	1.305168 
1540.000000	1.325141 
1538.000000	1.333763 
1536.000000	1.306575 
1534.000000	1.296034 
1532.000000	1.306374 
1530.000000	1.296562 
1528.000000	1.289075 
1526.000000	1.292318 
1524.000000	1.292448 
1522.000000	1.294791 
1520.000000	1.305545 
1518.000000	1.293127 
1516.000000	1.293066 
1514.000000	1.288831 
1512.000000	1.280182 
1510.000000	1.275846 
1508.000000	1.274290 
1506.000000	1.303164 
1504.000000	1.297796 
1502.000000	1.275780 
1500.000000	1.267126 
1498.000000	1.272634 
1496.000000	1.283970 
1494.000000	1.279189 
1492.000000	1.265963 
1490.000000	1.270680 
1488.000000	1.279904 
1486.000000	1.275954 
1484.000000	1.268670 
1482.000000	1.266979 
1480.000000	1.269257 
1478.000000	1.265202 
1476.000000	1.265009 
1474.000000	1.267055 
1472.000000	1.280601 
1470.000000	1.279469 
1468.000000	1.263360 
1466.000000	1.258489 
1464.000000	1.265990 
1462.000000	1.261831 
1460.000000	1.250686 
1458.000000	1.257521 
1456.000000	1.281950 
1454.000000	1.272396 
1452.000000	1.256177 
1450.000000	1.252339 
1448.000000	1.253687 
1446.000000	1.252880 
1444.000000	1.245774 
1442.000000	1.240415 
1440.000000	1.233221 
1438.000000	1.228966 
1436.000000	1.241279 
1434.000000	1.238676 
1432.000000	1.228216 
1430.000000	1.228639 
1428.000000	1.228575 
1426.000000	1.220161 
1424.000000	1.219395 
1422.000000	1.214497 
1420.000000	1.210093 
1418.000000	1.221749 
1416.000000	1.218240 
1414.000000	1.209872 
1412.000000	1.205218 
1410.000000	1.202413 
1408.000000	1.199796 
1406.000000	1.198454 
1404.000000	1.199654 
1402.000000	1.195830 
1400.000000	1.192908 
1398.000000	1.195003 
1396.000000	1.192394 
1394.000000	1.192403 
1392.000000	1.189001 
1390.000000	1.180338 
1388.000000	1.178906 
1386.000000	1.184088 
1384.000000	1.182177 
1382.000000	1.177887 
1380.000000	1.173131 
1378.000000	1.168007 
1376.000000	1.166930 
1374.000000	1.170810 
1372.000000	1.169767 
1370.000000	1.165236 
1368.000000	1.163213 
1366.000000	1.159612 
1364.000000	1.155031 
1362.000000	1.155412 
1360.000000	1.153567 
1358.000000	1.149236 
1356.000000	1.145679 
1354.000000	1.144821 
1352.000000	1.143104 
1350.000000	1.140397 
1348.000000	1.137356 
1346.000000	1.133878 
1344.000000	1.131122 
1342.000000	1.127506 
1340.000000	1.126203 
1338.000000	1.126896 
1336.000000	1.125122 
1334.000000	1.124182 
1332.000000	1.122609 
1330.000000	1.119801 
1328.000000	1.117328 
1326.000000	1.114781 
1324.000000	1.112265 
1322.000000	1.110154 
1320.000000	1.109555 
1318.000000	1.109038 
1316.000000	1.107174 
1314.000000	1.106190 
1312.000000	1.105756 
1310.000000	1.102471 
1308.000000	1.100418 
1306.000000	1.099584 
1304.000000	1.098828 
1302.000000	1.097464 
1300.000000	1.095649 
1298.000000	1.094170 
1296.000000	1.094111 
1294.000000	1.093108 
1292.000000	1.091790 
1290.000000	1.088775 
1288.000000	1.086814 
1286.000000	1.086433 
1284.000000	1.084361 
1282.000000	1.082857 
1280.000000	1.082205 
1278.000000	1.081405 
1276.000000	1.081997 
1274.000000	1.082661 
1272.000000	1.081097 
1270.000000	1.080472 
1268.000000	1.081815 
1266.000000	1.082621 
1264.000000	1.081735 
1262.000000	1.080918 
1260.000000	1.081423 
1258.000000	1.080841 
1256.000000	1.080724 
1254.000000	1.082845 
1252.000000	1.085137 
1250.000000	1.087281 
1248.000000	1.089289 
1246.000000	1.092170 
1244.000000	1.095277 
1242.000000	1.100661 
1240.000000	1.108053 
1238.000000	1.115747 
1236.000000	1.124145 
1234.000000	1.135906 
1232.000000	1.148251 
1230.000000	1.160052 
1228.000000	1.173034 
1226.000000	1.186708 
1224.000000	1.201256 
1222.000000	1.217087 
1220.000000	1.235683 
1218.000000	1.255615 
1216.000000	1.275854 
1214.000000	1.295604 
1212.000000	1.315385 
1210.000000	1.337830 
1208.000000	1.359509 
1206.000000	1.381107 
1204.000000	1.401284 
1202.000000	1.416374 
1200.000000	1.434456 
1198.000000	1.458571 
1196.000000	1.483589 
1194.000000	1.501560 
1192.000000	1.518783 
1190.000000	1.538695 
1188.000000	1.558606 
1186.000000	1.572887 
1184.000000	1.586139 
1182.000000	1.606675 
1180.000000	1.626392 
1178.000000	1.648469 
1176.000000	1.672369 
1174.000000	1.685989 
1172.000000	1.692430 
1170.000000	1.698634 
1168.000000	1.710339 
1166.000000	1.727147 
1164.000000	1.742750 
1162.000000	1.748588 
1160.000000	1.752365 
1158.000000	1.764099 
1156.000000	1.777875 
1154.000000	1.779386 
1152.000000	1.779467 
1150.000000	1.787802 
1148.000000	1.795102 
1146.000000	1.802856 
1144.000000	1.815910 
1142.000000	1.827204 
1140.000000	1.829309 
1138.000000	1.835660 
1136.000000	1.843561 
1134.000000	1.841479 
1132.000000	1.842638 
1130.000000	1.854673 
1128.000000	1.858147 
1126.000000	1.856879 
1124.000000	1.868595 
1122.000000	1.881911 
1120.000000	1.880800 
1118.000000	1.878217 
1116.000000	1.893737 
1114.000000	1.905430 
1112.000000	1.902170 
1110.000000	1.903544 
1108.000000	1.911155 
1106.000000	1.925133 
1104.000000	1.940885 
1102.000000	1.946267 
1100.000000	1.957933 
1098.000000	1.973228 
1096.000000	1.977562 
1094.000000	1.993221 
1092.000000	2.010514 
1090.000000	2.027217 
1088.000000	2.046652 
1086.000000	2.063640 
1084.000000	2.078105 
1082.000000	2.088508 
1080.000000	2.105936 
1078.000000	2.116384 
1076.000000	2.119223 
1074.000000	2.136145 
1072.000000	2.141418 
1070.000000	2.148530 
1068.000000	2.137763 
1066.000000	2.126201 
1064.000000	2.147322 
1062.000000	2.154534 
1060.000000	2.127337 
1058.000000	2.113511 
1056.000000	2.132321 
1054.000000	2.118487 
1052.000000	2.074600 
1050.000000	2.075215 
1048.000000	2.071258 
1046.000000	2.041906 
1044.000000	2.019407 
1042.000000	1.983960 
1040.000000	1.942759 
1038.000000	1.919076 
1036.000000	1.899599 
1034.000000	1.872884 
1032.000000	1.831025 
1030.000000	1.785313 
1028.000000	1.745979 
1026.000000	1.704355 
1024.000000	1.657166 
1022.000000	1.611740 
1020.000000	1.571102 
1018.000000	1.528475 
1016.000000	1.478859 
1014.000000	1.428693 
1012.000000	1.382479 
1010.000000	1.336233 
1008.000000	1.289593 
1006.000000	1.244747 
1004.000000	1.203940 
1002.000000	1.168592 
1000.000000	1.134851 
998.000000	 1.102295 
996.000000	 1.072663 
994.000000	 1.050132 
992.000000	 1.034301 
990.000000	 1.025587 
988.000000	 1.024783 
986.000000	 1.026507 
984.000000	 1.024471 
982.000000	 1.016304 
980.000000	 1.004749 
978.000000	 0.988790 
976.000000	 0.968336 
974.000000	 0.946544 
972.000000	 0.923644 
970.000000	 0.903042 
968.000000	 0.885476 
966.000000	 0.872092 
964.000000	 0.863326 
962.000000	 0.857032 
960.000000	 0.852223 
958.000000	 0.849335 
956.000000	 0.849354 
954.000000	 0.854251 
952.000000	 0.863414 
950.000000	 0.874258 
948.000000	 0.885614 
946.000000	 0.897682 
944.000000	 0.907946 
942.000000	 0.913921 
940.000000	 0.914606 
938.000000	 0.911520 
936.000000	 0.906047 
934.000000	 0.898774 
932.000000	 0.892563 
930.000000	 0.886232 
928.000000	 0.877043 
926.000000	 0.866176 
924.000000	 0.855197 
922.000000	 0.844679 
920.000000	 0.835885 
918.000000	 0.830366 
916.000000	 0.827585 
914.000000	 0.826246 
912.000000	 0.827458 
910.000000	 0.832802 
908.000000	 0.839625 
906.000000	 0.846716 
904.000000	 0.855988 
902.000000	 0.867206 
900.000000	 0.880870 
898.000000	 0.899593 
896.000000	 0.925782 
894.000000	 0.959491 
892.000000	 0.999565 
890.000000	 1.043582 
888.000000	 1.089153 
886.000000	 1.131729 
884.000000	 1.171160 
882.000000	 1.205901 
880.000000	 1.225888 
878.000000	 1.232835 
876.000000	 1.233404 
874.000000	 1.227156 
872.000000	 1.215607 
870.000000	 1.200913 
868.000000	 1.181272 
866.000000	 1.163777 
864.000000	 1.151467 
862.000000	 1.139026 
860.000000	 1.128053 
858.000000	 1.120437 
856.000000	 1.113428 
854.000000	 1.104386 
852.000000	 1.097500 
850.000000	 1.093049 
848.000000	 1.087476 
846.000000	 1.083346 
844.000000	 1.077742 
842.000000	 1.067835 
840.000000	 1.054303 
838.000000	 1.038734 
836.000000	 1.019817 
834.000000	 0.991387 
832.000000	 0.955895 
830.000000	 0.914657 
828.000000	 0.866878 
826.000000	 0.819095 
824.000000	 0.775047 
822.000000	 0.736173 
820.000000	 0.707153 
818.000000	 0.685422 
816.000000	 0.667458 
814.000000	 0.652964 
812.000000	 0.642203 
810.000000	 0.634323 
808.000000	 0.626614 
806.000000	 0.619434 
804.000000	 0.613502 
802.000000	 0.607897 
800.000000	 0.602090 
798.000000	 0.596115 
796.000000	 0.589011 
794.000000	 0.581161 
792.000000	 0.574872 
790.000000	 0.569828 
788.000000	 0.564473 
786.000000	 0.558520 
784.000000	 0.552935 
782.000000	 0.549123 
780.000000	 0.546170 
778.000000	 0.542503 
776.000000	 0.539077 
774.000000	 0.536359 
772.000000	 0.534222 
770.000000	 0.531733 
768.000000	 0.529587 
766.000000	 0.529150 
764.000000	 0.528839 
762.000000	 0.528238 
760.000000	 0.527857 
758.000000	 0.528715 
756.000000	 0.529429 
754.000000	 0.528402 
752.000000	 0.527431 
750.000000	 0.527797 
748.000000	 0.527358 
746.000000	 0.525729 
744.000000	 0.523674 
742.000000	 0.522405 
740.000000	 0.521217 
738.000000	 0.518830 
736.000000	 0.516056 
734.000000	 0.513792 
732.000000	 0.510474 
730.000000	 0.506071 
728.000000	 0.502507 
726.000000	 0.499636 
724.000000	 0.496798 
722.000000	 0.494618 
720.000000	 0.493298 
718.000000	 0.491851 
716.000000	 0.490823 
714.000000	 0.490738 
712.000000	 0.489923 
710.000000	 0.487462 
708.000000	 0.483417 
706.000000	 0.477829 
704.000000	 0.469949 
702.000000	 0.460168 
700.000000	 0.450499 
698.000000	 0.441248 
696.000000	 0.432153 
694.000000	 0.425066 
692.000000	 0.419576 
690.000000	 0.414243 
688.000000	 0.410261 
686.000000	 0.407323 
684.000000	 0.404606 
682.000000	 0.401978 
680.000000	 0.399333 
678.000000	 0.396272 
676.000000	 0.393755 
674.000000	 0.392042 
672.000000	 0.389628 
670.000000	 0.385774 
668.000000	 0.384629 
666.000000	 0.384074 
664.000000	 0.379700 
662.000000	 0.376559 
660.000000	 0.374533 
658.000000	 0.371927 
656.000000	 0.369435 
654.000000	 0.366905 
652.000000	 0.364045 
650.000000	 0.361483 
648.000000	 0.360489 
646.000000	 0.359569 
644.000000	 0.357654 
642.000000	 0.355254 
640.000000	 0.352879 
638.000000	 0.350413 
636.000000	 0.348332 
634.000000	 0.345393 
632.000000	 0.340990 
630.000000	 0.336530 
628.000000	 0.331509 
626.000000	 0.324726 
624.000000	 0.317251 
622.000000	 0.310386 
620.000000	 0.303776 
618.000000	 0.298236 
616.000000	 0.292803 
614.000000	 0.286405 
612.000000	 0.280191 
610.000000	 0.274244 
608.000000	 0.269380 
606.000000	 0.264867 
604.000000	 0.259422 
602.000000	 0.254067 
600.000000	 0.250822 
598.000000	 0.246547 
596.000000	 0.241724 
594.000000	 0.237260 
592.000000	 0.232329 
590.000000	 0.227929 
588.000000	 0.224439 
586.000000	 0.220451 
584.000000	 0.216010 
582.000000	 0.211930 
580.000000	 0.207929 
578.000000	 0.204279 
576.000000	 0.201186 
574.000000	 0.197551 
572.000000	 0.193236 
570.000000	 0.189565 
568.000000	 0.187002 
566.000000	 0.184445 
564.000000	 0.181454 
562.000000	 0.178953 
560.000000	 0.177386 
558.000000	 0.175772 
556.000000	 0.174470 
554.000000	 0.173326 
552.000000	 0.172345 
550.000000	 0.171909 
548.000000	 0.171152 
546.000000	 0.170646 
544.000000	 0.169810 
542.000000	 0.168318 
540.000000	 0.168271 
538.000000	 0.169173 
536.000000	 0.169950 
534.000000	 0.170257 
532.000000	 0.170903 
530.000000	 0.172689 
528.000000	 0.174589 
526.000000	 0.175346 
524.000000	 0.174759 
522.000000	 0.174942 
520.000000	 0.176154 
518.000000	 0.177287 
516.000000	 0.177500 
514.000000	 0.178021 
512.000000	 0.179895 
510.000000	 0.182480 
508.000000	 0.185621 
506.000000	 0.189560 
504.000000	 0.194272 
502.000000	 0.199022 
500.000000	 0.204041 
498.000000	 0.210931 
496.000000	 0.218334 
494.000000	 0.227014 
492.000000	 0.238170 
490.000000	 0.250200 
488.000000	 0.261944 
486.000000	 0.274788 
484.000000	 0.287637 
482.000000	 0.299112 
480.000000	 0.309614 
478.000000	 0.320604 
476.000000	 0.332378 
474.000000	 0.344362 
472.000000	 0.354187 
470.000000	 0.361766 
468.000000	 0.369828 
466.000000	 0.376379 
464.000000	 0.380922 
462.000000	 0.384943 
460.000000	 0.388466 
458.000000	 0.392697 
456.000000	 0.394560 
454.000000	 0.395087 
452.000000	 0.395735 
450.000000	 0.392147 

