4400.000000	1.670590 
4398.000000	1.665746 
4396.000000	1.665362 
4394.000000	1.669530 
4392.000000	1.678345 
4390.000000	1.680210 
4388.000000	1.671552 
4386.000000	1.664850 
4384.000000	1.666643 
4382.000000	1.670964 
4380.000000	1.681177 
4378.000000	1.688805 
4376.000000	1.680279 
4374.000000	1.672062 
4372.000000	1.668260 
4370.000000	1.671751 
4368.000000	1.676635 
4366.000000	1.663818 
4364.000000	1.657557 
4362.000000	1.658966 
4360.000000	1.664855 
4358.000000	1.663961 
4356.000000	1.656448 
4354.000000	1.660167 
4352.000000	1.663565 
4350.000000	1.672505 
4348.000000	1.680155 
4346.000000	1.668945 
4344.000000	1.663469 
4342.000000	1.670072 
4340.000000	1.669317 
4338.000000	1.661955 
4336.000000	1.665032 
4334.000000	1.668240 
4332.000000	1.663780 
4330.000000	1.661029 
4328.000000	1.658155 
4326.000000	1.660181 
4324.000000	1.672944 
4322.000000	1.675427 
4320.000000	1.665693 
4318.000000	1.664611 
4316.000000	1.669230 
4314.000000	1.664042 
4312.000000	1.652993 
4310.000000	1.654462 
4308.000000	1.666783 
4306.000000	1.672130 
4304.000000	1.665832 
4302.000000	1.659783 
4300.000000	1.659127 
4298.000000	1.662464 
4296.000000	1.670401 
4294.000000	1.666120 
4292.000000	1.658711 
4290.000000	1.652225 
4288.000000	1.655178 
4286.000000	1.664300 
4284.000000	1.661851 
4282.000000	1.657514 
4280.000000	1.663012 
4278.000000	1.667201 
4276.000000	1.668448 
4274.000000	1.671902 
4272.000000	1.673915 
4270.000000	1.673832 
4268.000000	1.665856 
4266.000000	1.652565 
4264.000000	1.650204 
4262.000000	1.657981 
4260.000000	1.662797 
4258.000000	1.664515 
4256.000000	1.661119 
4254.000000	1.654229 
4252.000000	1.661746 
4250.000000	1.666413 
4248.000000	1.653683 
4246.000000	1.645704 
4244.000000	1.648698 
4242.000000	1.654691 
4240.000000	1.656274 
4238.000000	1.655154 
4236.000000	1.663885 
4234.000000	1.674864 
4232.000000	1.668684 
4230.000000	1.658466 
4228.000000	1.657505 
4226.000000	1.660730 
4224.000000	1.663722 
4222.000000	1.666231 
4220.000000	1.663570 
4218.000000	1.661651 
4216.000000	1.669699 
4214.000000	1.675045 
4212.000000	1.671401 
4210.000000	1.668819 
4208.000000	1.659623 
4206.000000	1.650162 
4204.000000	1.651403 
4202.000000	1.655946 
4200.000000	1.665708 
4198.000000	1.667206 
4196.000000	1.662350 
4194.000000	1.660039 
4192.000000	1.655009 
4190.000000	1.655622 
4188.000000	1.659760 
4186.000000	1.661138 
4184.000000	1.656978 
4182.000000	1.652016 
4180.000000	1.654986 
4178.000000	1.657063 
4176.000000	1.655145 
4174.000000	1.659892 
4172.000000	1.660740 
4170.000000	1.656354 
4168.000000	1.652732 
4166.000000	1.653193 
4164.000000	1.654415 
4162.000000	1.655037 
4160.000000	1.653827 
4158.000000	1.649529 
4156.000000	1.650500 
4154.000000	1.655679 
4152.000000	1.656993 
4150.000000	1.659571 
4148.000000	1.661162 
4146.000000	1.659136 
4144.000000	1.658376 
4142.000000	1.664477 
4140.000000	1.671464 
4138.000000	1.668964 
4136.000000	1.666773 
4134.000000	1.668911 
4132.000000	1.663422 
4130.000000	1.659694 
4128.000000	1.660693 
4126.000000	1.662893 
4124.000000	1.668626 
4122.000000	1.670678 
4120.000000	1.673344 
4118.000000	1.671625 
4116.000000	1.663093 
4114.000000	1.656011 
4112.000000	1.655735 
4110.000000	1.664759 
4108.000000	1.664860 
4106.000000	1.660446 
4104.000000	1.662912 
4102.000000	1.662065 
4100.000000	1.659793 
4098.000000	1.656659 
4096.000000	1.656589 
4094.000000	1.662388 
4092.000000	1.667216 
4090.000000	1.664023 
4088.000000	1.672544 
4086.000000	1.680740 
4084.000000	1.676984 
4082.000000	1.666903 
4080.000000	1.660877 
4078.000000	1.659779 
4076.000000	1.661623 
4074.000000	1.663322 
4072.000000	1.662693 
4070.000000	1.656617 
4068.000000	1.658471 
4066.000000	1.667399 
4064.000000	1.674326 
4062.000000	1.673773 
4060.000000	1.673036 
4058.000000	1.672529 
4056.000000	1.670208 
4054.000000	1.671916 
4052.000000	1.671678 
4050.000000	1.669095 
4048.000000	1.666740 
4046.000000	1.667610 
4044.000000	1.670838 
4042.000000	1.674228 
4040.000000	1.671474 
4038.000000	1.662645 
4036.000000	1.669472 
4034.000000	1.675967 
4032.000000	1.668081 
4030.000000	1.664989 
4028.000000	1.666015 
4026.000000	1.665080 
4024.000000	1.666586 
4022.000000	1.670353 
4020.000000	1.675123 
4018.000000	1.676311 
4016.000000	1.676168 
4014.000000	1.675182 
4012.000000	1.666029 
4010.000000	1.660285 
4008.000000	1.661570 
4006.000000	1.666187 
4004.000000	1.667067 
4002.000000	1.666058 
4000.000000	1.666836 
3998.000000	1.666274 
3996.000000	1.667524 
3994.000000	1.667659 
3992.000000	1.666144 
3990.000000	1.667548 
3988.000000	1.672656 
3986.000000	1.679769 
3984.000000	1.679798 
3982.000000	1.670644 
3980.000000	1.668052 
3978.000000	1.668858 
3976.000000	1.670009 
3974.000000	1.674668 
3972.000000	1.672364 
3970.000000	1.670717 
3968.000000	1.672257 
3966.000000	1.671498 
3964.000000	1.666860 
3962.000000	1.666735 
3960.000000	1.673583 
3958.000000	1.672515 
3956.000000	1.668728 
3954.000000	1.669274 
3952.000000	1.667023 
3950.000000	1.664453 
3948.000000	1.667259 
3946.000000	1.665080 
3944.000000	1.665919 
3942.000000	1.667086 
3940.000000	1.662397 
3938.000000	1.664501 
3936.000000	1.666908 
3934.000000	1.660470 
3932.000000	1.656208 
3930.000000	1.664506 
3928.000000	1.668361 
3926.000000	1.667832 
3924.000000	1.673529 
3922.000000	1.676340 
3920.000000	1.673070 
3918.000000	1.672208 
3916.000000	1.668733 
3914.000000	1.665827 
3912.000000	1.662950 
3910.000000	1.658924 
3908.000000	1.658555 
3906.000000	1.655309 
3904.000000	1.655051 
3902.000000	1.663255 
3900.000000	1.667442 
3898.000000	1.671639 
3896.000000	1.668969 
3894.000000	1.656345 
3892.000000	1.651863 
3890.000000	1.661770 
3888.000000	1.667230 
3886.000000	1.669042 
3884.000000	1.671761 
3882.000000	1.669627 
3880.000000	1.670814 
3878.000000	1.675624 
3876.000000	1.668612 
3874.000000	1.669922 
3872.000000	1.674766 
3870.000000	1.669598 
3868.000000	1.667755 
3866.000000	1.665521 
3864.000000	1.667961 
3862.000000	1.674272 
3860.000000	1.666557 
3858.000000	1.645241 
3856.000000	1.633972 
3854.000000	1.648363 
3852.000000	1.676625 
3850.000000	1.685431 
3848.000000	1.679368 
3846.000000	1.662840 
3844.000000	1.656617 
3842.000000	1.662916 
3840.000000	1.659978 
3838.000000	1.662497 
3836.000000	1.670493 
3834.000000	1.669022 
3832.000000	1.669743 
3830.000000	1.673529 
3828.000000	1.670881 
3826.000000	1.666322 
3824.000000	1.655393 
3822.000000	1.652091 
3820.000000	1.668988 
3818.000000	1.667351 
3816.000000	1.666970 
3814.000000	1.672612 
3812.000000	1.665224 
3810.000000	1.656241 
3808.000000	1.658202 
3806.000000	1.673134 
3804.000000	1.670566 
3802.000000	1.663813 
3800.000000	1.675398 
3798.000000	1.673627 
3796.000000	1.669414 
3794.000000	1.675393 
3792.000000	1.675172 
3790.000000	1.663508 
3788.000000	1.653515 
3786.000000	1.658617 
3784.000000	1.668289 
3782.000000	1.666663 
3780.000000	1.664114 
3778.000000	1.670702 
3776.000000	1.678197 
3774.000000	1.676778 
3772.000000	1.662821 
3770.000000	1.662098 
3768.000000	1.671566 
3766.000000	1.676021 
3764.000000	1.679021 
3762.000000	1.673109 
3760.000000	1.664396 
3758.000000	1.668848 
3756.000000	1.675418 
3754.000000	1.663059 
3752.000000	1.663942 
3750.000000	1.700837 
3748.000000	1.712330 
3746.000000	1.696626 
3744.000000	1.718594 
3742.000000	1.744954 
3740.000000	1.730663 
3738.000000	1.713897 
3736.000000	1.723534 
3734.000000	1.734651 
3732.000000	1.729879 
3730.000000	1.726755 
3728.000000	1.720940 
3726.000000	1.717258 
3724.000000	1.720477 
3722.000000	1.728530 
3720.000000	1.732409 
3718.000000	1.737209 
3716.000000	1.734668 
3714.000000	1.719309 
3712.000000	1.729118 
3710.000000	1.759220 
3708.000000	1.770191 
3706.000000	1.765762 
3704.000000	1.749855 
3702.000000	1.753971 
3700.000000	1.770429 
3698.000000	1.773030 
3696.000000	1.771804 
3694.000000	1.771039 
3692.000000	1.773165 
3690.000000	1.790107 
3688.000000	1.819100 
3686.000000	1.821874 
3684.000000	1.803988 
3682.000000	1.796739 
3680.000000	1.801976 
3678.000000	1.796441 
3676.000000	1.802560 
3674.000000	1.821682 
3672.000000	1.812467 
3670.000000	1.822417 
3668.000000	1.843633 
3666.000000	1.846816 
3664.000000	1.844972 
3662.000000	1.837046 
3660.000000	1.838456 
3658.000000	1.843944 
3656.000000	1.861619 
3654.000000	1.872838 
3652.000000	1.845951 
3650.000000	1.838021 
3648.000000	1.864271 
3646.000000	1.876212 
3644.000000	1.865819 
3642.000000	1.855237 
3640.000000	1.858394 
3638.000000	1.855949 
3636.000000	1.857983 
3634.000000	1.865918 
3632.000000	1.851109 
3630.000000	1.827900 
3628.000000	1.850705 
3626.000000	1.875232 
3624.000000	1.868832 
3622.000000	1.850764 
3620.000000	1.845377 
3618.000000	1.863429 
3616.000000	1.875333 
3614.000000	1.868449 
3612.000000	1.859471 
3610.000000	1.851727 
3608.000000	1.870074 
3606.000000	1.893826 
3604.000000	1.881627 
3602.000000	1.865371 
3600.000000	1.870074 
3598.000000	1.873503 
3596.000000	1.877319 
3594.000000	1.886415 
3592.000000	1.872993 
3590.000000	1.851705 
3588.000000	1.850485 
3586.000000	1.868350 
3584.000000	1.883444 
3582.000000	1.899484 
3580.000000	1.895744 
3578.000000	1.879063 
3576.000000	1.880375 
3574.000000	1.889904 
3572.000000	1.890909 
3570.000000	1.885141 
3568.000000	1.877475 
3566.000000	1.887117 
3564.000000	1.896021 
3562.000000	1.899558 
3560.000000	1.909505 
3558.000000	1.911147 
3556.000000	1.901014 
3554.000000	1.897018 
3552.000000	1.901385 
3550.000000	1.895736 
3548.000000	1.891602 
3546.000000	1.901658 
3544.000000	1.909631 
3542.000000	1.909547 
3540.000000	1.912516 
3538.000000	1.908078 
3536.000000	1.898745 
3534.000000	1.889157 
3532.000000	1.887508 
3530.000000	1.896986 
3528.000000	1.899287 
3526.000000	1.897223 
3524.000000	1.900446 
3522.000000	1.909875 
3520.000000	1.912558 
3518.000000	1.906114 
3516.000000	1.910961 
3514.000000	1.915380 
3512.000000	1.904415 
3510.000000	1.897615 
3508.000000	1.907375 
3506.000000	1.914665 
3504.000000	1.912660 
3502.000000	1.912431 
3500.000000	1.916498 
3498.000000	1.926556 
3496.000000	1.923134 
3494.000000	1.904598 
3492.000000	1.904092 
3490.000000	1.919016 
3488.000000	1.920867 
3486.000000	1.920445 
3484.000000	1.927869 
3482.000000	1.932146 
3480.000000	1.934383 
3478.000000	1.929477 
3476.000000	1.925046 
3474.000000	1.921999 
3472.000000	1.914801 
3470.000000	1.924715 
3468.000000	1.927633 
3466.000000	1.914963 
3464.000000	1.907810 
3462.000000	1.904731 
3460.000000	1.906097 
3458.000000	1.908539 
3456.000000	1.918896 
3454.000000	1.922389 
3452.000000	1.916301 
3450.000000	1.919351 
3448.000000	1.920315 
3446.000000	1.917276 
3444.000000	1.913815 
3442.000000	1.910852 
3440.000000	1.911290 
3438.000000	1.912592 
3436.000000	1.915806 
3434.000000	1.924124 
3432.000000	1.926451 
3430.000000	1.919137 
3428.000000	1.916130 
3426.000000	1.913346 
3424.000000	1.905472 
3422.000000	1.912922 
3420.000000	1.923568 
3418.000000	1.919747 
3416.000000	1.911206 
3414.000000	1.908229 
3412.000000	1.911400 
3410.000000	1.918595 
3408.000000	1.919498 
3406.000000	1.912685 
3404.000000	1.916395 
3402.000000	1.920591 
3400.000000	1.913671 
3398.000000	1.901113 
3396.000000	1.897926 
3394.000000	1.915593 
3392.000000	1.926617 
3390.000000	1.913270 
3388.000000	1.899270 
3386.000000	1.895052 
3384.000000	1.903204 
3382.000000	1.912702 
3380.000000	1.907157 
3378.000000	1.900051 
3376.000000	1.896700 
3374.000000	1.888460 
3372.000000	1.894801 
3370.000000	1.911054 
3368.000000	1.910928 
3366.000000	1.901980 
3364.000000	1.887708 
3362.000000	1.881674 
3360.000000	1.887788 
3358.000000	1.891191 
3356.000000	1.889221 
3354.000000	1.887308 
3352.000000	1.892361 
3350.000000	1.895940 
3348.000000	1.897582 
3346.000000	1.898639 
3344.000000	1.890258 
3342.000000	1.888620 
3340.000000	1.898663 
3338.000000	1.894801 
3336.000000	1.887940 
3334.000000	1.892095 
3332.000000	1.897010 
3330.000000	1.896545 
3328.000000	1.895777 
3326.000000	1.885993 
3324.000000	1.873170 
3322.000000	1.867372 
3320.000000	1.870657 
3318.000000	1.880895 
3316.000000	1.883856 
3314.000000	1.876142 
3312.000000	1.867769 
3310.000000	1.865925 
3308.000000	1.871250 
3306.000000	1.874099 
3304.000000	1.872939 
3302.000000	1.872012 
3300.000000	1.865842 
3298.000000	1.863089 
3296.000000	1.867395 
3294.000000	1.870688 
3292.000000	1.868036 
3290.000000	1.867739 
3288.000000	1.871673 
3286.000000	1.868794 
3284.000000	1.867624 
3282.000000	1.871581 
3280.000000	1.873302 
3278.000000	1.870865 
3276.000000	1.871096 
3274.000000	1.864741 
3272.000000	1.850353 
3270.000000	1.845174 
3268.000000	1.851595 
3266.000000	1.853652 
3264.000000	1.853682 
3262.000000	1.855548 
3260.000000	1.854288 
3258.000000	1.853187 
3256.000000	1.849928 
3254.000000	1.850397 
3252.000000	1.845885 
3250.000000	1.837174 
3248.000000	1.843142 
3246.000000	1.849335 
3244.000000	1.840682 
3242.000000	1.838678 
3240.000000	1.834123 
3238.000000	1.823278 
3236.000000	1.825517 
3234.000000	1.840137 
3232.000000	1.852014 
3230.000000	1.851381 
3228.000000	1.843922 
3226.000000	1.838435 
3224.000000	1.839099 
3222.000000	1.840137 
3220.000000	1.835646 
3218.000000	1.833939 
3216.000000	1.835051 
3214.000000	1.833777 
3212.000000	1.829708 
3210.000000	1.825025 
3208.000000	1.827621 
3206.000000	1.835016 
3204.000000	1.837857 
3202.000000	1.832064 
3200.000000	1.829680 
3198.000000	1.831881 
3196.000000	1.837458 
3194.000000	1.840782 
3192.000000	1.825011 
3190.000000	1.813935 
3188.000000	1.813956 
3186.000000	1.812400 
3184.000000	1.814334 
3182.000000	1.810569 
3180.000000	1.810562 
3178.000000	1.811749 
3176.000000	1.809446 
3174.000000	1.807069 
3172.000000	1.804760 
3170.000000	1.804054 
3168.000000	1.805243 
3166.000000	1.802817 
3164.000000	1.800574 
3162.000000	1.805917 
3160.000000	1.803257 
3158.000000	1.795884 
3156.000000	1.793323 
3154.000000	1.792366 
3152.000000	1.797206 
3150.000000	1.795432 
3148.000000	1.784474 
3146.000000	1.782299 
3144.000000	1.781585 
3142.000000	1.781855 
3140.000000	1.787174 
3138.000000	1.782977 
3136.000000	1.777044 
3134.000000	1.774333 
3132.000000	1.772680 
3130.000000	1.775393 
3128.000000	1.776902 
3126.000000	1.777038 
3124.000000	1.779100 
3122.000000	1.779886 
3120.000000	1.776462 
3118.000000	1.772184 
3116.000000	1.766590 
3114.000000	1.764815 
3112.000000	1.764081 
3110.000000	1.762179 
3108.000000	1.760196 
3106.000000	1.766445 
3104.000000	1.768760 
3102.000000	1.760309 
3100.000000	1.761934 
3098.000000	1.767716 
3096.000000	1.765961 
3094.000000	1.763738 
3092.000000	1.758442 
3090.000000	1.750746 
3088.000000	1.754489 
3086.000000	1.758964 
3084.000000	1.753989 
3082.000000	1.748438 
3080.000000	1.751546 
3078.000000	1.752458 
3076.000000	1.746020 
3074.000000	1.746060 
3072.000000	1.752722 
3070.000000	1.745403 
3068.000000	1.742126 
3066.000000	1.750484 
3064.000000	1.749250 
3062.000000	1.742424 
3060.000000	1.739050 
3058.000000	1.735483 
3056.000000	1.729873 
3054.000000	1.729990 
3052.000000	1.731521 
3050.000000	1.728297 
3048.000000	1.730134 
3046.000000	1.733231 
3044.000000	1.730435 
3042.000000	1.730112 
3040.000000	1.738806 
3038.000000	1.737588 
3036.000000	1.730574 
3034.000000	1.724109 
3032.000000	1.720836 
3030.000000	1.722259 
3028.000000	1.723797 
3026.000000	1.725780 
3024.000000	1.726165 
3022.000000	1.723347 
3020.000000	1.717426 
3018.000000	1.718188 
3016.000000	1.724268 
3014.000000	1.721495 
3012.000000	1.714573 
3010.000000	1.712784 
3008.000000	1.710652 
3006.000000	1.709797 
3004.000000	1.714428 
3002.000000	1.716250 
3000.000000	1.716643 
2998.000000	1.716924 
2996.000000	1.719260 
2994.000000	1.719293 
2992.000000	1.714777 
2990.000000	1.716331 
2988.000000	1.717485 
2986.000000	1.717350 
2984.000000	1.719396 
2982.000000	1.723123 
2980.000000	1.719429 
2978.000000	1.719179 
2976.000000	1.718058 
2974.000000	1.712998 
2972.000000	1.714288 
2970.000000	1.717296 
2968.000000	1.718421 
2966.000000	1.723024 
2964.000000	1.720205 
2962.000000	1.714015 
2960.000000	1.716476 
2958.000000	1.718567 
2956.000000	1.716062 
2954.000000	1.714165 
2952.000000	1.713100 
2950.000000	1.713378 
2948.000000	1.713539 
2946.000000	1.714439 
2944.000000	1.719369 
2942.000000	1.717194 
2940.000000	1.712501 
2938.000000	1.714648 
2936.000000	1.714675 
2934.000000	1.712881 
2932.000000	1.717496 
2930.000000	1.719787 
2928.000000	1.710535 
2926.000000	1.703214 
2924.000000	1.701352 
2922.000000	1.705137 
2920.000000	1.708796 
2918.000000	1.709415 
2916.000000	1.706878 
2914.000000	1.703178 
2912.000000	1.701264 
2910.000000	1.697673 
2908.000000	1.689691 
2906.000000	1.680656 
2904.000000	1.675236 
2902.000000	1.675025 
2900.000000	1.678123 
2898.000000	1.681232 
2896.000000	1.686848 
2894.000000	1.685231 
2892.000000	1.678068 
2890.000000	1.676955 
2888.000000	1.676955 
2886.000000	1.677319 
2884.000000	1.682033 
2882.000000	1.684134 
2880.000000	1.677260 
2878.000000	1.671600 
2876.000000	1.676016 
2874.000000	1.677915 
2872.000000	1.673183 
2870.000000	1.673729 
2868.000000	1.672525 
2866.000000	1.666898 
2864.000000	1.666591 
2862.000000	1.670624 
2860.000000	1.674340 
2858.000000	1.675633 
2856.000000	1.673212 
2854.000000	1.673148 
2852.000000	1.672588 
2850.000000	1.667524 
2848.000000	1.663188 
2846.000000	1.661713 
2844.000000	1.659845 
2842.000000	1.661300 
2840.000000	1.663002 
2838.000000	1.658593 
2836.000000	1.651756 
2834.000000	1.648620 
2832.000000	1.649312 
2830.000000	1.651710 
2828.000000	1.654131 
2826.000000	1.652900 
2824.000000	1.646703 
2822.000000	1.647489 
2820.000000	1.650921 
2818.000000	1.647769 
2816.000000	1.644547 
2814.000000	1.646432 
2812.000000	1.646561 
2810.000000	1.643001 
2808.000000	1.640909 
2806.000000	1.640959 
2804.000000	1.641706 
2802.000000	1.641203 
2800.000000	1.640614 
2798.000000	1.644008 
2796.000000	1.649626 
2794.000000	1.647691 
2792.000000	1.646345 
2790.000000	1.648993 
2788.000000	1.642351 
2786.000000	1.636471 
2784.000000	1.637768 
2782.000000	1.639218 
2780.000000	1.636462 
2778.000000	1.635133 
2776.000000	1.634431 
2774.000000	1.631594 
2772.000000	1.636135 
2770.000000	1.638799 
2768.000000	1.634891 
2766.000000	1.634793 
2764.000000	1.634530 
2762.000000	1.633504 
2760.000000	1.637692 
2758.000000	1.642242 
2756.000000	1.639570 
2754.000000	1.634159 
2752.000000	1.632224 
2750.000000	1.636834 
2748.000000	1.638321 
2746.000000	1.631887 
2744.000000	1.630726 
2742.000000	1.630289 
2740.000000	1.625513 
2738.000000	1.623638 
2736.000000	1.627173 
2734.000000	1.632908 
2732.000000	1.631036 
2730.000000	1.627498 
2728.000000	1.629288 
2726.000000	1.630620 
2724.000000	1.631244 
2722.000000	1.635186 
2720.000000	1.638479 
2718.000000	1.630802 
2716.000000	1.622126 
2714.000000	1.623211 
2712.000000	1.626791 
2710.000000	1.630868 
2708.000000	1.628575 
2706.000000	1.622408 
2704.000000	1.623176 
2702.000000	1.627572 
2700.000000	1.627502 
2698.000000	1.624395 
2696.000000	1.621766 
2694.000000	1.621740 
2692.000000	1.623259 
2690.000000	1.620170 
2688.000000	1.619303 
2686.000000	1.625303 
2684.000000	1.626305 
2682.000000	1.619859 
2680.000000	1.615421 
2678.000000	1.617776 
2676.000000	1.622260 
2674.000000	1.620597 
2672.000000	1.615925 
2670.000000	1.615762 
2668.000000	1.616340 
2666.000000	1.619376 
2664.000000	1.629231 
2662.000000	1.629280 
2660.000000	1.619238 
2658.000000	1.616293 
2656.000000	1.618967 
2654.000000	1.621108 
2652.000000	1.622599 
2650.000000	1.620088 
2648.000000	1.616708 
2646.000000	1.616982 
2644.000000	1.619911 
2642.000000	1.620411 
2640.000000	1.616408 
2638.000000	1.614112 
2636.000000	1.613860 
2634.000000	1.616858 
2632.000000	1.618558 
2630.000000	1.612980 
2628.000000	1.610632 
2626.000000	1.611329 
2624.000000	1.611118 
2622.000000	1.612581 
2620.000000	1.610290 
2618.000000	1.610619 
2616.000000	1.610725 
2614.000000	1.609535 
2612.000000	1.613984 
2610.000000	1.616395 
2608.000000	1.612206 
2606.000000	1.609232 
2604.000000	1.610374 
2602.000000	1.611596 
2600.000000	1.607501 
2598.000000	1.607354 
2596.000000	1.609927 
2594.000000	1.608853 
2592.000000	1.610100 
2590.000000	1.609156 
2588.000000	1.609312 
2586.000000	1.611630 
2584.000000	1.608882 
2582.000000	1.608811 
2580.000000	1.608937 
2578.000000	1.604583 
2576.000000	1.604184 
2574.000000	1.604992 
2572.000000	1.606249 
2570.000000	1.607287 
2568.000000	1.608832 
2566.000000	1.611896 
2564.000000	1.613244 
2562.000000	1.611312 
2560.000000	1.608571 
2558.000000	1.605029 
2556.000000	1.606361 
2554.000000	1.605029 
2552.000000	1.602605 
2550.000000	1.603726 
2548.000000	1.603930 
2546.000000	1.603963 
2544.000000	1.604055 
2542.000000	1.604092 
2540.000000	1.604846 
2538.000000	1.602257 
2536.000000	1.600562 
2534.000000	1.604996 
2532.000000	1.607459 
2530.000000	1.604754 
2528.000000	1.601471 
2526.000000	1.601454 
2524.000000	1.602775 
2522.000000	1.603556 
2520.000000	1.603240 
2518.000000	1.600603 
2516.000000	1.597031 
2514.000000	1.596765 
2512.000000	1.599136 
2510.000000	1.598791 
2508.000000	1.596426 
2506.000000	1.597707 
2504.000000	1.598483 
2502.000000	1.595384 
2500.000000	1.594120 
2498.000000	1.595564 
2496.000000	1.597322 
2494.000000	1.597416 
2492.000000	1.596884 
2490.000000	1.597846 
2488.000000	1.599383 
2486.000000	1.597892 
2484.000000	1.596516 
2482.000000	1.596487 
2480.000000	1.596377 
2478.000000	1.594022 
2476.000000	1.594307 
2474.000000	1.594340 
2472.000000	1.591748 
2470.000000	1.592237 
2468.000000	1.595752 
2466.000000	1.599729 
2464.000000	1.599029 
2462.000000	1.597023 
2460.000000	1.593235 
2458.000000	1.589755 
2456.000000	1.593267 
2454.000000	1.596904 
2452.000000	1.598146 
2450.000000	1.596246 
2448.000000	1.593775 
2446.000000	1.594584 
2444.000000	1.593706 
2442.000000	1.589284 
2440.000000	1.587995 
2438.000000	1.591590 
2436.000000	1.596700 
2434.000000	1.594616 
2432.000000	1.588003 
2430.000000	1.587630 
2428.000000	1.591061 
2426.000000	1.591194 
2424.000000	1.589779 
2422.000000	1.590774 
2420.000000	1.590794 
2418.000000	1.586882 
2416.000000	1.587010 
2414.000000	1.591513 
2412.000000	1.597215 
2410.000000	1.596013 
2408.000000	1.588866 
2406.000000	1.587374 
2404.000000	1.587170 
2402.000000	1.583865 
2400.000000	1.581019 
2398.000000	1.578888 
2396.000000	1.581114 
2394.000000	1.589179 
2392.000000	1.589565 
2390.000000	1.586478 
2388.000000	1.587182 
2386.000000	1.585847 
2384.000000	1.585604 
2382.000000	1.586274 
2380.000000	1.583111 
2378.000000	1.581414 
2376.000000	1.582584 
2374.000000	1.580526 
2372.000000	1.579279 
2370.000000	1.581481 
2368.000000	1.579896 
2366.000000	1.578190 
2364.000000	1.581714 
2362.000000	1.578056 
2360.000000	1.577543 
2358.000000	1.593340 
2356.000000	1.602742 
2354.000000	1.602784 
2352.000000	1.605881 
2350.000000	1.608500 
2348.000000	1.597600 
2346.000000	1.582715 
2344.000000	1.587290 
2342.000000	1.593982 
2340.000000	1.596622 
2338.000000	1.605313 
2336.000000	1.606500 
2334.000000	1.597916 
2332.000000	1.599597 
2330.000000	1.601045 
2328.000000	1.604754 
2326.000000	1.615305 
2324.000000	1.619281 
2322.000000	1.620632 
2320.000000	1.624583 
2318.000000	1.627563 
2316.000000	1.626007 
2314.000000	1.627111 
2312.000000	1.634985 
2310.000000	1.641090 
2308.000000	1.643566 
2306.000000	1.645415 
2304.000000	1.647870 
2302.000000	1.652077 
2300.000000	1.656654 
2298.000000	1.660157 
2296.000000	1.664119 
2294.000000	1.673451 
2292.000000	1.687725 
2290.000000	1.700432 
2288.000000	1.710094 
2286.000000	1.716460 
2284.000000	1.726992 
2282.000000	1.740329 
2280.000000	1.757541 
2278.000000	1.776939 
2276.000000	1.791719 
2274.000000	1.802245 
2272.000000	1.819407 
2270.000000	1.839686 
2268.000000	1.855793 
2266.000000	1.864718 
2264.000000	1.867479 
2262.000000	1.868228 
2260.000000	1.881745 
2258.000000	1.898589 
2256.000000	1.894670 
2254.000000	1.883436 
2252.000000	1.880187 
2250.000000	1.886104 
2248.000000	1.884720 
2246.000000	1.870534 
2244.000000	1.852368 
2242.000000	1.843157 
2240.000000	1.840431 
2238.000000	1.824617 
2236.000000	1.813012 
2234.000000	1.811547 
2232.000000	1.803224 
2230.000000	1.788584 
2228.000000	1.776537 
2226.000000	1.764502 
2224.000000	1.754489 
2222.000000	1.752898 
2220.000000	1.760769 
2218.000000	1.760250 
2216.000000	1.755113 
2214.000000	1.755184 
2212.000000	1.757683 
2210.000000	1.758376 
2208.000000	1.759726 
2206.000000	1.755443 
2204.000000	1.751120 
2202.000000	1.754312 
2200.000000	1.757736 
2198.000000	1.752090 
2196.000000	1.744051 
2194.000000	1.739686 
2192.000000	1.732007 
2190.000000	1.720466 
2188.000000	1.713656 
2186.000000	1.710206 
2184.000000	1.701196 
2182.000000	1.693140 
2180.000000	1.691213 
2178.000000	1.692155 
2176.000000	1.692084 
2174.000000	1.690659 
2172.000000	1.681814 
2170.000000	1.676217 
2168.000000	1.674756 
2166.000000	1.674189 
2164.000000	1.673124 
2162.000000	1.673007 
2160.000000	1.671746 
2158.000000	1.668694 
2156.000000	1.666942 
2154.000000	1.662402 
2152.000000	1.660370 
2150.000000	1.662878 
2148.000000	1.659174 
2146.000000	1.651357 
2144.000000	1.645809 
2142.000000	1.643461 
2140.000000	1.642374 
2138.000000	1.642292 
2136.000000	1.643320 
2134.000000	1.640727 
2132.000000	1.634681 
2130.000000	1.631346 
2128.000000	1.630236 
2126.000000	1.627713 
2124.000000	1.622764 
2122.000000	1.618356 
2120.000000	1.619695 
2118.000000	1.619010 
2116.000000	1.617158 
2114.000000	1.618592 
2112.000000	1.613584 
2110.000000	1.603660 
2108.000000	1.601417 
2106.000000	1.602087 
2104.000000	1.600269 
2102.000000	1.596287 
2100.000000	1.591412 
2098.000000	1.589650 
2096.000000	1.589871 
2094.000000	1.590339 
2092.000000	1.590573 
2090.000000	1.586894 
2088.000000	1.584370 
2086.000000	1.580991 
2084.000000	1.574113 
2082.000000	1.571727 
2080.000000	1.572783 
2078.000000	1.575626 
2076.000000	1.573317 
2074.000000	1.566812 
2072.000000	1.564268 
2070.000000	1.561818 
2068.000000	1.556479 
2066.000000	1.550616 
2064.000000	1.548290 
2062.000000	1.548627 
2060.000000	1.547254 
2058.000000	1.543989 
2056.000000	1.539577 
2054.000000	1.537984 
2052.000000	1.538913 
2050.000000	1.539853 
2048.000000	1.540097 
2046.000000	1.538130 
2044.000000	1.535678 
2042.000000	1.535365 
2040.000000	1.534747 
2038.000000	1.531615 
2036.000000	1.529626 
2034.000000	1.529175 
2032.000000	1.530830 
2030.000000	1.532373 
2028.000000	1.530925 
2026.000000	1.529280 
2024.000000	1.529262 
2022.000000	1.528286 
2020.000000	1.524120 
2018.000000	1.522700 
2016.000000	1.525218 
2014.000000	1.525569 
2012.000000	1.521188 
2010.000000	1.519031 
2008.000000	1.521099 
2006.000000	1.525132 
2004.000000	1.524269 
2002.000000	1.521518 
2000.000000	1.523176 
1998.000000	1.523169 
1996.000000	1.520477 
1994.000000	1.517186 
1992.000000	1.517200 
1990.000000	1.523397 
1988.000000	1.525645 
1986.000000	1.524875 
1984.000000	1.522607 
1982.000000	1.517694 
1980.000000	1.518141 
1978.000000	1.519777 
1976.000000	1.516781 
1974.000000	1.516074 
1972.000000	1.517974 
1970.000000	1.517214 
1968.000000	1.515714 
1966.000000	1.518281 
1964.000000	1.519288 
1962.000000	1.518866 
1960.000000	1.515989 
1958.000000	1.515908 
1956.000000	1.518650 
1954.000000	1.518742 
1952.000000	1.516461 
1950.000000	1.515402 
1948.000000	1.515534 
1946.000000	1.516458 
1944.000000	1.516169 
1942.000000	1.520182 
1940.000000	1.521638 
1938.000000	1.517599 
1936.000000	1.518329 
1934.000000	1.519496 
1932.000000	1.517537 
1930.000000	1.516169 
1928.000000	1.514094 
1926.000000	1.511448 
1924.000000	1.511915 
1922.000000	1.513780 
1920.000000	1.507949 
1918.000000	1.511384 
1916.000000	1.519894 
1914.000000	1.515806 
1912.000000	1.512997 
1910.000000	1.512494 
1908.000000	1.512619 
1906.000000	1.511693 
1904.000000	1.509315 
1902.000000	1.507819 
1900.000000	1.509593 
1898.000000	1.508907 
1896.000000	1.504775 
1894.000000	1.504084 
1892.000000	1.500503 
1890.000000	1.500795 
1888.000000	1.509860 
1886.000000	1.510263 
1884.000000	1.507866 
1882.000000	1.506079 
1880.000000	1.502626 
1878.000000	1.502050 
1876.000000	1.503988 
1874.000000	1.503486 
1872.000000	1.497284 
1870.000000	1.494386 
1868.000000	1.508503 
1866.000000	1.511017 
1864.000000	1.503044 
1862.000000	1.503146 
1860.000000	1.506414 
1858.000000	1.506003 
1856.000000	1.503183 
1854.000000	1.500684 
1852.000000	1.498698 
1850.000000	1.493021 
1848.000000	1.490461 
1846.000000	1.489981 
1844.000000	1.498741 
1842.000000	1.510571 
1840.000000	1.503496 
1838.000000	1.497320 
1836.000000	1.496007 
1834.000000	1.494318 
1832.000000	1.487058 
1830.000000	1.491570 
1828.000000	1.500392 
1826.000000	1.496063 
1824.000000	1.499142 
1822.000000	1.498274 
1820.000000	1.492322 
1818.000000	1.491330 
1816.000000	1.492728 
1814.000000	1.489307 
1812.000000	1.485383 
1810.000000	1.488700 
1808.000000	1.489195 
1806.000000	1.485058 
1804.000000	1.480599 
1802.000000	1.478630 
1800.000000	1.484059 
1798.000000	1.484918 
1796.000000	1.478764 
1794.000000	1.469167 
1792.000000	1.480402 
1790.000000	1.489585 
1788.000000	1.479068 
1786.000000	1.472688 
1784.000000	1.473753 
1782.000000	1.469377 
1780.000000	1.469054 
1778.000000	1.471500 
1776.000000	1.469082 
1774.000000	1.462727 
1772.000000	1.472891 
1770.000000	1.478285 
1768.000000	1.471727 
1766.000000	1.471948 
1764.000000	1.459184 
1762.000000	1.458407 
1760.000000	1.469539 
1758.000000	1.465351 
1756.000000	1.466113 
1754.000000	1.456191 
1752.000000	1.445706 
1750.000000	1.459205 
1748.000000	1.467773 
1746.000000	1.466492 
1744.000000	1.460509 
1742.000000	1.457234 
1740.000000	1.458764 
1738.000000	1.465167 
1736.000000	1.445414 
1734.000000	1.458190 
1732.000000	1.478828 
1730.000000	1.465687 
1728.000000	1.461832 
1726.000000	1.458600 
1724.000000	1.457483 
1722.000000	1.453829 
1720.000000	1.435262 
1718.000000	1.438614 
1716.000000	1.467782 
1714.000000	1.466865 
1712.000000	1.455528 
1710.000000	1.447709 
1708.000000	1.441133 
1706.000000	1.440891 
1704.000000	1.444641 
1702.000000	1.424213 
1700.000000	1.438565 
1698.000000	1.439949 
1696.000000	1.434681 
1694.000000	1.452249 
1692.000000	1.436304 
1690.000000	1.425764 
1688.000000	1.423326 
1686.000000	1.402226 
1684.000000	1.421543 
1682.000000	1.446411 
1680.000000	1.428135 
1678.000000	1.413975 
1676.000000	1.406801 
1674.000000	1.424450 
1672.000000	1.416180 
1670.000000	1.414730 
1668.000000	1.432605 
1666.000000	1.421778 
1664.000000	1.408063 
1662.000000	1.418450 
1660.000000	1.420973 
1658.000000	1.410876 
1656.000000	1.387752 
1654.000000	1.376750 
1652.000000	1.438816 
1650.000000	1.424012 
1648.000000	1.393217 
1646.000000	1.415514 
1644.000000	1.430302 
1642.000000	1.420468 
1640.000000	1.411044 
1638.000000	1.396119 
1636.000000	1.406479 
1634.000000	1.434155 
1632.000000	1.422690 
1630.000000	1.410176 
1628.000000	1.411525 
1626.000000	1.410842 
1624.000000	1.407200 
1622.000000	1.419034 
1620.000000	1.410346 
1618.000000	1.392800 
1616.000000	1.408087 
1614.000000	1.412958 
1612.000000	1.396676 
1610.000000	1.387479 
1608.000000	1.384552 
1606.000000	1.382267 
1604.000000	1.379963 
1602.000000	1.380286 
1600.000000	1.376915 
1598.000000	1.370053 
1596.000000	1.365169 
1594.000000	1.363019 
1592.000000	1.362599 
1590.000000	1.360635 
1588.000000	1.358156 
1586.000000	1.355038 
1584.000000	1.352688 
1582.000000	1.350248 
1580.000000	1.346210 
1578.000000	1.334746 
1576.000000	1.348633 
1574.000000	1.357205 
1572.000000	1.335351 
1570.000000	1.332900 
1568.000000	1.346213 
1566.000000	1.337866 
1564.000000	1.334111 
1562.000000	1.319405 
1560.000000	1.308716 
1558.000000	1.360847 
1556.000000	1.351891 
1554.000000	1.336273 
1552.000000	1.329506 
1550.000000	1.326417 
1548.000000	1.325950 
1546.000000	1.315869 
1544.000000	1.312108 
1542.000000	1.308248 
1540.000000	1.326957 
1538.000000	1.342994 
1536.000000	1.318335 
1534.000000	1.307279 
1532.000000	1.317689 
1530.000000	1.310346 
1528.000000	1.305765 
1526.000000	1.306517 
1524.000000	1.301198 
1522.000000	1.301861 
1520.000000	1.318687 
1518.000000	1.308524 
1516.000000	1.307014 
1514.000000	1.304116 
1512.000000	1.295531 
1510.000000	1.287103 
1508.000000	1.280297 
1506.000000	1.313424 
1504.000000	1.315305 
1502.000000	1.293835 
1500.000000	1.282702 
1498.000000	1.283956 
1496.000000	1.294473 
1494.000000	1.294085 
1492.000000	1.281722 
1490.000000	1.286236 
1488.000000	1.296839 
1486.000000	1.295940 
1484.000000	1.288043 
1482.000000	1.279742 
1480.000000	1.278652 
1478.000000	1.275425 
1476.000000	1.277048 
1474.000000	1.278720 
1472.000000	1.290623 
1470.000000	1.291592 
1468.000000	1.278213 
1466.000000	1.274884 
1464.000000	1.285115 
1462.000000	1.280793 
1460.000000	1.266192 
1458.000000	1.269710 
1456.000000	1.295573 
1454.000000	1.287878 
1452.000000	1.272245 
1450.000000	1.269274 
1448.000000	1.271058 
1446.000000	1.269515 
1444.000000	1.262217 
1442.000000	1.260882 
1440.000000	1.256661 
1438.000000	1.248530 
1436.000000	1.259228 
1434.000000	1.257894 
1432.000000	1.243256 
1430.000000	1.240765 
1428.000000	1.245176 
1426.000000	1.239577 
1424.000000	1.238220 
1422.000000	1.232565 
1420.000000	1.227104 
1418.000000	1.241391 
1416.000000	1.238270 
1414.000000	1.227663 
1412.000000	1.223466 
1410.000000	1.224147 
1408.000000	1.222415 
1406.000000	1.219154 
1404.000000	1.219955 
1402.000000	1.215409 
1400.000000	1.210865 
1398.000000	1.211395 
1396.000000	1.208906 
1394.000000	1.213381 
1392.000000	1.213168 
1390.000000	1.203922 
1388.000000	1.201413 
1386.000000	1.205728 
1384.000000	1.202487 
1382.000000	1.197353 
1380.000000	1.193640 
1378.000000	1.190176 
1376.000000	1.188689 
1374.000000	1.191915 
1372.000000	1.190850 
1370.000000	1.184330 
1368.000000	1.181542 
1366.000000	1.179322 
1364.000000	1.176537 
1362.000000	1.178714 
1360.000000	1.175870 
1358.000000	1.170349 
1356.000000	1.167919 
1354.000000	1.164968 
1352.000000	1.162168 
1350.000000	1.160768 
1348.000000	1.159070 
1346.000000	1.158105 
1344.000000	1.156686 
1342.000000	1.153093 
1340.000000	1.151135 
1338.000000	1.149426 
1336.000000	1.144779 
1334.000000	1.142971 
1332.000000	1.144095 
1330.000000	1.144390 
1328.000000	1.142623 
1326.000000	1.139728 
1324.000000	1.139108 
1322.000000	1.139358 
1320.000000	1.136617 
1318.000000	1.134364 
1316.000000	1.135101 
1314.000000	1.134987 
1312.000000	1.133074 
1310.000000	1.130491 
1308.000000	1.128165 
1306.000000	1.126801 
1304.000000	1.126392 
1302.000000	1.125672 
1300.000000	1.125225 
1298.000000	1.124011 
1296.000000	1.122742 
1294.000000	1.120799 
1292.000000	1.118372 
1290.000000	1.116974 
1288.000000	1.116981 
1286.000000	1.117806 
1284.000000	1.116853 
1282.000000	1.115028 
1280.000000	1.115425 
1278.000000	1.117141 
1276.000000	1.117880 
1274.000000	1.118952 
1272.000000	1.119898 
1270.000000	1.120990 
1268.000000	1.121652 
1266.000000	1.122815 
1264.000000	1.123549 
1262.000000	1.122472 
1260.000000	1.123625 
1258.000000	1.125813 
1256.000000	1.125373 
1254.000000	1.125569 
1252.000000	1.129136 
1250.000000	1.134309 
1248.000000	1.138356 
1246.000000	1.144227 
1244.000000	1.151311 
1242.000000	1.158503 
1240.000000	1.167733 
1238.000000	1.178336 
1236.000000	1.189665 
1234.000000	1.204918 
1232.000000	1.222580 
1230.000000	1.240037 
1228.000000	1.258453 
1226.000000	1.276509 
1224.000000	1.296654 
1222.000000	1.317943 
1220.000000	1.338999 
1218.000000	1.361505 
1216.000000	1.382419 
1214.000000	1.402812 
1212.000000	1.426756 
1210.000000	1.450472 
1208.000000	1.473192 
1206.000000	1.498333 
1204.000000	1.521635 
1202.000000	1.540873 
1200.000000	1.561806 
1198.000000	1.583722 
1196.000000	1.600021 
1194.000000	1.616759 
1192.000000	1.637404 
1190.000000	1.650370 
1188.000000	1.663761 
1186.000000	1.681550 
1184.000000	1.695701 
1182.000000	1.708193 
1180.000000	1.718534 
1178.000000	1.734628 
1176.000000	1.754524 
1174.000000	1.772202 
1172.000000	1.784682 
1170.000000	1.790599 
1168.000000	1.799510 
1166.000000	1.809332 
1164.000000	1.814070 
1162.000000	1.821881 
1160.000000	1.837530 
1158.000000	1.843445 
1156.000000	1.846430 
1154.000000	1.865226 
1152.000000	1.874153 
1150.000000	1.874200 
1148.000000	1.874673 
1146.000000	1.877990 
1144.000000	1.884601 
1142.000000	1.892944 
1140.000000	1.895256 
1138.000000	1.900166 
1136.000000	1.903237 
1134.000000	1.904440 
1132.000000	1.917764 
1130.000000	1.934250 
1128.000000	1.943304 
1126.000000	1.951905 
1124.000000	1.950600 
1122.000000	1.947265 
1120.000000	1.950637 
1118.000000	1.959685 
1116.000000	1.971994 
1114.000000	1.971557 
1112.000000	1.970666 
1110.000000	1.988846 
1108.000000	2.015002 
1106.000000	2.036547 
1104.000000	2.041735 
1102.000000	2.036907 
1100.000000	2.057299 
1098.000000	2.069821 
1096.000000	2.070880 
1094.000000	2.098055 
1092.000000	2.125025 
1090.000000	2.141489 
1088.000000	2.156801 
1086.000000	2.174928 
1084.000000	2.177959 
1082.000000	2.199759 
1080.000000	2.218956 
1078.000000	2.226216 
1076.000000	2.248644 
1074.000000	2.265677 
1072.000000	2.264934 
1070.000000	2.277522 
1068.000000	2.302139 
1066.000000	2.287722 
1064.000000	2.271948 
1062.000000	2.256555 
1060.000000	2.217143 
1058.000000	2.206802 
1056.000000	2.222156 
1054.000000	2.216802 
1052.000000	2.196880 
1050.000000	2.169984 
1048.000000	2.156356 
1046.000000	2.152941 
1044.000000	2.138147 
1042.000000	2.112356 
1040.000000	2.067239 
1038.000000	2.022645 
1036.000000	1.984819 
1034.000000	1.942514 
1032.000000	1.905872 
1030.000000	1.870834 
1028.000000	1.832458 
1026.000000	1.789711 
1024.000000	1.734201 
1022.000000	1.676257 
1020.000000	1.628821 
1018.000000	1.580561 
1016.000000	1.529350 
1014.000000	1.476107 
1012.000000	1.424923 
1010.000000	1.375573 
1008.000000	1.326031 
1006.000000	1.277142 
1004.000000	1.230668 
1002.000000	1.187811 
1000.000000	1.149965 
998.000000	 1.117610 
996.000000	 1.088097 
994.000000	 1.061271 
992.000000	 1.039848 
990.000000	 1.027734 
988.000000	 1.026059 
986.000000	 1.025669 
984.000000	 1.016866 
982.000000	 1.002565 
980.000000	 0.989418 
978.000000	 0.973746 
976.000000	 0.953467 
974.000000	 0.931889 
972.000000	 0.912049 
970.000000	 0.893576 
968.000000	 0.877553 
966.000000	 0.866382 
964.000000	 0.859068 
962.000000	 0.853369 
960.000000	 0.848217 
958.000000	 0.844962 
956.000000	 0.846024 
954.000000	 0.849698 
952.000000	 0.855372 
950.000000	 0.863435 
948.000000	 0.873164 
946.000000	 0.883522 
944.000000	 0.891374 
942.000000	 0.894380 
940.000000	 0.893243 
938.000000	 0.891008 
936.000000	 0.887120 
934.000000	 0.880963 
932.000000	 0.875164 
930.000000	 0.869064 
928.000000	 0.860507 
926.000000	 0.849733 
924.000000	 0.839467 
922.000000	 0.829869 
920.000000	 0.822443 
918.000000	 0.817878 
916.000000	 0.816820 
914.000000	 0.819164 
912.000000	 0.824617 
910.000000	 0.832880 
908.000000	 0.842824 
906.000000	 0.852635 
904.000000	 0.864207 
902.000000	 0.878999 
900.000000	 0.896587 
898.000000	 0.921048 
896.000000	 0.954854 
894.000000	 0.996457 
892.000000	 1.043363 
890.000000	 1.094144 
888.000000	 1.143686 
886.000000	 1.186966 
884.000000	 1.226457 
882.000000	 1.259561 
880.000000	 1.277430 
878.000000	 1.279691 
876.000000	 1.276402 
874.000000	 1.265072 
872.000000	 1.242018 
870.000000	 1.217721 
868.000000	 1.196776 
866.000000	 1.177097 
864.000000	 1.160360 
862.000000	 1.145028 
860.000000	 1.129554 
858.000000	 1.119750 
856.000000	 1.110851 
854.000000	 1.101903 
852.000000	 1.098189 
850.000000	 1.094196 
848.000000	 1.087174 
846.000000	 1.078086 
844.000000	 1.067644 
842.000000	 1.057465 
840.000000	 1.044799 
838.000000	 1.025525 
836.000000	 1.000368 
834.000000	 0.972019 
832.000000	 0.936253 
830.000000	 0.892135 
828.000000	 0.842128 
826.000000	 0.791247 
824.000000	 0.749912 
822.000000	 0.717540 
820.000000	 0.691296 
818.000000	 0.673649 
816.000000	 0.660707 
814.000000	 0.649634 
812.000000	 0.640664 
810.000000	 0.634839 
808.000000	 0.631082 
806.000000	 0.625961 
804.000000	 0.620676 
802.000000	 0.615506 
800.000000	 0.610104 
798.000000	 0.605398 
796.000000	 0.599780 
794.000000	 0.594133 
792.000000	 0.589973 
790.000000	 0.585803 
788.000000	 0.580336 
786.000000	 0.576009 
784.000000	 0.572879 
782.000000	 0.568572 
780.000000	 0.564865 
778.000000	 0.562334 
776.000000	 0.559802 
774.000000	 0.557696 
772.000000	 0.556227 
770.000000	 0.554453 
768.000000	 0.553194 
766.000000	 0.552153 
764.000000	 0.551061 
762.000000	 0.550088 
760.000000	 0.548863 
758.000000	 0.548331 
756.000000	 0.548632 
754.000000	 0.548295 
752.000000	 0.547049 
750.000000	 0.544731 
748.000000	 0.542500 
746.000000	 0.540414 
744.000000	 0.537026 
742.000000	 0.533426 
740.000000	 0.530338 
738.000000	 0.526972 
736.000000	 0.522446 
734.000000	 0.517278 
732.000000	 0.512316 
730.000000	 0.506842 
728.000000	 0.501208 
726.000000	 0.496800 
724.000000	 0.493319 
722.000000	 0.489199 
720.000000	 0.484806 
718.000000	 0.481733 
716.000000	 0.481031 
714.000000	 0.480256 
712.000000	 0.478104 
710.000000	 0.473863 
708.000000	 0.468533 
706.000000	 0.461842 
704.000000	 0.452897 
702.000000	 0.443114 
700.000000	 0.433452 
698.000000	 0.424552 
696.000000	 0.416534 
694.000000	 0.409820 
692.000000	 0.403973 
690.000000	 0.399012 
688.000000	 0.394590 
686.000000	 0.389976 
684.000000	 0.385490 
682.000000	 0.381595 
680.000000	 0.378356 
678.000000	 0.375145 
676.000000	 0.372378 
674.000000	 0.370432 
672.000000	 0.368116 
670.000000	 0.363937 
668.000000	 0.361314 
666.000000	 0.361381 
664.000000	 0.358764 
662.000000	 0.355580 
660.000000	 0.353324 
658.000000	 0.351425 
656.000000	 0.349308 
654.000000	 0.347517 
652.000000	 0.344856 
650.000000	 0.342311 
648.000000	 0.341022 
646.000000	 0.339483 
644.000000	 0.336960 
642.000000	 0.334742 
640.000000	 0.332975 
638.000000	 0.330830 
636.000000	 0.328189 
634.000000	 0.325650 
632.000000	 0.322239 
630.000000	 0.318019 
628.000000	 0.313316 
626.000000	 0.307946 
624.000000	 0.302693 
622.000000	 0.298047 
620.000000	 0.293430 
618.000000	 0.288546 
616.000000	 0.284302 
614.000000	 0.280291 
612.000000	 0.275596 
610.000000	 0.270957 
608.000000	 0.267582 
606.000000	 0.263836 
604.000000	 0.259175 
602.000000	 0.256224 
600.000000	 0.253614 
598.000000	 0.249095 
596.000000	 0.244336 
594.000000	 0.241142 
592.000000	 0.237787 
590.000000	 0.233469 
588.000000	 0.229799 
586.000000	 0.226744 
584.000000	 0.223232 
582.000000	 0.219645 
580.000000	 0.216244 
578.000000	 0.213231 
576.000000	 0.210216 
574.000000	 0.207382 
572.000000	 0.204756 
570.000000	 0.201897 
568.000000	 0.198745 
566.000000	 0.196358 
564.000000	 0.195096 
562.000000	 0.193649 
560.000000	 0.191960 
558.000000	 0.190253 
556.000000	 0.188928 
554.000000	 0.187562 
552.000000	 0.186302 
550.000000	 0.185856 
548.000000	 0.185460 
546.000000	 0.184856 
544.000000	 0.183966 
542.000000	 0.183437 
540.000000	 0.183955 
538.000000	 0.184358 
536.000000	 0.184479 
534.000000	 0.184774 
532.000000	 0.185225 
530.000000	 0.186140 
528.000000	 0.187365 
526.000000	 0.188530 
524.000000	 0.188513 
522.000000	 0.188636 
520.000000	 0.189780 
518.000000	 0.191394 
516.000000	 0.193377 
514.000000	 0.195024 
512.000000	 0.197094 
510.000000	 0.200864 
508.000000	 0.205782 
506.000000	 0.210935 
504.000000	 0.216625 
502.000000	 0.224393 
500.000000	 0.233213 
498.000000	 0.241449 
496.000000	 0.251220 
494.000000	 0.264173 
492.000000	 0.278023 
490.000000	 0.292518 
488.000000	 0.306932 
486.000000	 0.322796 
484.000000	 0.339396 
482.000000	 0.354056 
480.000000	 0.368246 
478.000000	 0.383161 
476.000000	 0.396880 
474.000000	 0.409084 
472.000000	 0.422147 
470.000000	 0.434115 
468.000000	 0.442832 
466.000000	 0.450813 
464.000000	 0.458052 
462.000000	 0.462946 
460.000000	 0.465189 
458.000000	 0.468010 
456.000000	 0.471082 
454.000000	 0.472260 
452.000000	 0.473963 
450.000000	 0.472339 

