4400.000000	1.660773 
4398.000000	1.662602 
4396.000000	1.666893 
4394.000000	1.673851 
4392.000000	1.676778 
4390.000000	1.668202 
4388.000000	1.652570 
4386.000000	1.648919 
4384.000000	1.657265 
4382.000000	1.662045 
4380.000000	1.668120 
4378.000000	1.670309 
4376.000000	1.660631 
4374.000000	1.660726 
4372.000000	1.673553 
4370.000000	1.673012 
4368.000000	1.658707 
4366.000000	1.652830 
4364.000000	1.655585 
4362.000000	1.656692 
4360.000000	1.660067 
4358.000000	1.660678 
4356.000000	1.663971 
4354.000000	1.668525 
4352.000000	1.663007 
4350.000000	1.662993 
4348.000000	1.664520 
4346.000000	1.656063 
4344.000000	1.662621 
4342.000000	1.666010 
4340.000000	1.663780 
4338.000000	1.660522 
4336.000000	1.654504 
4334.000000	1.649104 
4332.000000	1.649847 
4330.000000	1.661851 
4328.000000	1.664620 
4326.000000	1.658952 
4324.000000	1.665003 
4322.000000	1.662269 
4320.000000	1.655580 
4318.000000	1.662812 
4316.000000	1.666139 
4314.000000	1.661599 
4312.000000	1.660693 
4310.000000	1.661803 
4308.000000	1.658207 
4306.000000	1.659651 
4304.000000	1.656523 
4302.000000	1.648372 
4300.000000	1.655075 
4298.000000	1.658650 
4296.000000	1.651979 
4294.000000	1.651260 
4292.000000	1.650056 
4290.000000	1.651269 
4288.000000	1.653911 
4286.000000	1.650490 
4284.000000	1.652602 
4282.000000	1.658522 
4280.000000	1.663985 
4278.000000	1.660385 
4276.000000	1.651338 
4274.000000	1.658485 
4272.000000	1.667091 
4270.000000	1.666254 
4268.000000	1.667620 
4266.000000	1.666413 
4264.000000	1.657101 
4262.000000	1.656894 
4260.000000	1.664348 
4258.000000	1.669554 
4256.000000	1.665094 
4254.000000	1.657651 
4252.000000	1.658683 
4250.000000	1.660053 
4248.000000	1.656941 
4246.000000	1.656481 
4244.000000	1.661086 
4242.000000	1.664601 
4240.000000	1.660011 
4238.000000	1.654920 
4236.000000	1.648827 
4234.000000	1.652570 
4232.000000	1.659561 
4230.000000	1.664716 
4228.000000	1.663670 
4226.000000	1.655974 
4224.000000	1.652825 
4222.000000	1.656523 
4220.000000	1.655674 
4218.000000	1.653072 
4216.000000	1.657176 
4214.000000	1.658235 
4212.000000	1.651984 
4210.000000	1.651905 
4208.000000	1.651882 
4206.000000	1.652337 
4204.000000	1.655955 
4202.000000	1.654112 
4200.000000	1.656664 
4198.000000	1.657759 
4196.000000	1.655327 
4194.000000	1.660167 
4192.000000	1.661737 
4190.000000	1.655533 
4188.000000	1.655487 
4186.000000	1.654864 
4184.000000	1.649866 
4182.000000	1.648188 
4180.000000	1.650254 
4178.000000	1.653026 
4176.000000	1.657411 
4174.000000	1.663584 
4172.000000	1.661081 
4170.000000	1.656176 
4168.000000	1.652783 
4166.000000	1.652886 
4164.000000	1.658112 
4162.000000	1.661058 
4160.000000	1.659197 
4158.000000	1.655009 
4156.000000	1.653263 
4154.000000	1.654098 
4152.000000	1.652863 
4150.000000	1.647719 
4148.000000	1.645159 
4146.000000	1.652128 
4144.000000	1.655782 
4142.000000	1.648804 
4140.000000	1.644538 
4138.000000	1.650676 
4136.000000	1.653324 
4134.000000	1.654780 
4132.000000	1.652825 
4130.000000	1.640384 
4128.000000	1.642247 
4126.000000	1.649039 
4124.000000	1.650833 
4122.000000	1.656692 
4120.000000	1.659523 
4118.000000	1.650588 
4116.000000	1.650046 
4114.000000	1.663374 
4112.000000	1.663975 
4110.000000	1.656809 
4108.000000	1.656565 
4106.000000	1.654140 
4104.000000	1.648386 
4102.000000	1.646474 
4100.000000	1.648938 
4098.000000	1.650056 
4096.000000	1.655154 
4094.000000	1.660214 
4092.000000	1.657689 
4090.000000	1.656917 
4088.000000	1.658098 
4086.000000	1.662645 
4084.000000	1.667038 
4082.000000	1.664726 
4080.000000	1.658758 
4078.000000	1.656124 
4076.000000	1.649847 
4074.000000	1.648882 
4072.000000	1.655121 
4070.000000	1.663794 
4068.000000	1.660840 
4066.000000	1.654602 
4064.000000	1.651264 
4062.000000	1.650958 
4060.000000	1.653468 
4058.000000	1.659698 
4056.000000	1.665425 
4054.000000	1.660238 
4052.000000	1.652937 
4050.000000	1.656903 
4048.000000	1.658136 
4046.000000	1.658023 
4044.000000	1.662131 
4042.000000	1.658876 
4040.000000	1.652909 
4038.000000	1.655150 
4036.000000	1.657802 
4034.000000	1.657562 
4032.000000	1.653627 
4030.000000	1.654397 
4028.000000	1.657853 
4026.000000	1.657891 
4024.000000	1.657590 
4022.000000	1.653748 
4020.000000	1.650537 
4018.000000	1.652272 
4016.000000	1.657293 
4014.000000	1.659561 
4012.000000	1.658273 
4010.000000	1.651403 
4008.000000	1.648077 
4006.000000	1.655754 
4004.000000	1.664104 
4002.000000	1.661300 
4000.000000	1.648730 
3998.000000	1.654738 
3996.000000	1.665281 
3994.000000	1.658009 
3992.000000	1.651942 
3990.000000	1.650838 
3988.000000	1.654023 
3986.000000	1.659490 
3984.000000	1.666360 
3982.000000	1.666874 
3980.000000	1.659264 
3978.000000	1.658098 
3976.000000	1.659448 
3974.000000	1.656758 
3972.000000	1.648873 
3970.000000	1.645310 
3968.000000	1.648174 
3966.000000	1.653058 
3964.000000	1.657924 
3962.000000	1.650838 
3960.000000	1.649330 
3958.000000	1.652960 
3956.000000	1.647061 
3954.000000	1.641316 
3952.000000	1.644501 
3950.000000	1.649773 
3948.000000	1.651301 
3946.000000	1.653776 
3944.000000	1.655983 
3942.000000	1.661096 
3940.000000	1.661290 
3938.000000	1.658791 
3936.000000	1.656828 
3934.000000	1.652472 
3932.000000	1.656678 
3930.000000	1.655384 
3928.000000	1.650671 
3926.000000	1.652914 
3924.000000	1.660617 
3922.000000	1.662231 
3920.000000	1.660096 
3918.000000	1.655880 
3916.000000	1.658664 
3914.000000	1.664697 
3912.000000	1.666269 
3910.000000	1.663479 
3908.000000	1.661827 
3906.000000	1.657110 
3904.000000	1.651524 
3902.000000	1.652807 
3900.000000	1.657383 
3898.000000	1.666370 
3896.000000	1.667975 
3894.000000	1.662893 
3892.000000	1.663326 
3890.000000	1.661551 
3888.000000	1.654948 
3886.000000	1.656438 
3884.000000	1.655740 
3882.000000	1.648451 
3880.000000	1.653179 
3878.000000	1.664664 
3876.000000	1.664468 
3874.000000	1.657830 
3872.000000	1.645022 
3870.000000	1.647594 
3868.000000	1.665693 
3866.000000	1.664496 
3864.000000	1.663422 
3862.000000	1.671255 
3860.000000	1.669564 
3858.000000	1.661010 
3856.000000	1.643393 
3854.000000	1.648054 
3852.000000	1.682755 
3850.000000	1.689959 
3848.000000	1.676571 
3846.000000	1.656898 
3844.000000	1.649376 
3842.000000	1.651468 
3840.000000	1.648776 
3838.000000	1.654630 
3836.000000	1.667394 
3834.000000	1.665444 
3832.000000	1.669772 
3830.000000	1.671294 
3828.000000	1.657096 
3826.000000	1.653147 
3824.000000	1.655622 
3822.000000	1.662488 
3820.000000	1.682247 
3818.000000	1.683050 
3816.000000	1.668974 
3814.000000	1.664606 
3812.000000	1.662397 
3810.000000	1.662835 
3808.000000	1.655777 
3806.000000	1.661091 
3804.000000	1.662540 
3802.000000	1.657787 
3800.000000	1.669588 
3798.000000	1.666913 
3796.000000	1.670130 
3794.000000	1.676719 
3792.000000	1.665142 
3790.000000	1.658315 
3788.000000	1.659538 
3786.000000	1.660006 
3784.000000	1.660205 
3782.000000	1.656396 
3780.000000	1.652714 
3778.000000	1.656593 
3776.000000	1.661993 
3774.000000	1.659684 
3772.000000	1.653240 
3770.000000	1.662650 
3768.000000	1.669699 
3766.000000	1.669525 
3764.000000	1.673105 
3762.000000	1.670848 
3760.000000	1.667172 
3758.000000	1.667043 
3756.000000	1.673436 
3754.000000	1.668375 
3752.000000	1.667798 
3750.000000	1.689280 
3748.000000	1.708315 
3746.000000	1.704151 
3744.000000	1.715292 
3742.000000	1.728109 
3740.000000	1.716218 
3738.000000	1.705184 
3736.000000	1.711355 
3734.000000	1.729623 
3732.000000	1.728519 
3730.000000	1.717647 
3728.000000	1.707179 
3726.000000	1.707559 
3724.000000	1.719125 
3722.000000	1.724213 
3720.000000	1.728320 
3718.000000	1.734005 
3716.000000	1.729112 
3714.000000	1.723791 
3712.000000	1.731320 
3710.000000	1.743604 
3708.000000	1.748989 
3706.000000	1.747481 
3704.000000	1.737741 
3702.000000	1.740147 
3700.000000	1.755614 
3698.000000	1.752839 
3696.000000	1.757440 
3694.000000	1.771266 
3692.000000	1.765008 
3690.000000	1.759553 
3688.000000	1.785200 
3686.000000	1.801216 
3684.000000	1.796234 
3682.000000	1.792706 
3680.000000	1.792861 
3678.000000	1.788845 
3676.000000	1.794418 
3674.000000	1.827795 
3672.000000	1.834116 
3670.000000	1.830639 
3668.000000	1.845102 
3666.000000	1.841249 
3664.000000	1.827976 
3662.000000	1.829141 
3660.000000	1.835349 
3658.000000	1.832219 
3656.000000	1.834464 
3654.000000	1.843417 
3652.000000	1.837508 
3650.000000	1.842076 
3648.000000	1.863535 
3646.000000	1.861092 
3644.000000	1.858311 
3642.000000	1.850082 
3640.000000	1.854170 
3638.000000	1.860453 
3636.000000	1.840876 
3634.000000	1.830555 
3632.000000	1.830499 
3630.000000	1.827733 
3628.000000	1.852147 
3626.000000	1.868694 
3624.000000	1.862206 
3622.000000	1.844016 
3620.000000	1.837636 
3618.000000	1.861280 
3616.000000	1.873433 
3614.000000	1.866321 
3612.000000	1.866633 
3610.000000	1.868205 
3608.000000	1.873929 
3606.000000	1.867624 
3604.000000	1.855289 
3602.000000	1.858730 
3600.000000	1.869039 
3598.000000	1.880171 
3596.000000	1.877085 
3594.000000	1.866047 
3592.000000	1.865872 
3590.000000	1.853423 
3588.000000	1.856976 
3586.000000	1.879149 
3584.000000	1.885738 
3582.000000	1.881564 
3580.000000	1.872776 
3578.000000	1.864148 
3576.000000	1.871981 
3574.000000	1.888492 
3572.000000	1.878616 
3570.000000	1.852301 
3568.000000	1.857759 
3566.000000	1.893559 
3564.000000	1.900512 
3562.000000	1.884260 
3560.000000	1.875488 
3558.000000	1.881588 
3556.000000	1.885746 
3554.000000	1.877756 
3552.000000	1.879235 
3550.000000	1.885539 
3548.000000	1.877873 
3546.000000	1.879133 
3544.000000	1.888933 
3542.000000	1.894524 
3540.000000	1.900775 
3538.000000	1.894305 
3536.000000	1.884093 
3534.000000	1.887252 
3532.000000	1.890845 
3530.000000	1.894516 
3528.000000	1.894240 
3526.000000	1.899821 
3524.000000	1.896643 
3522.000000	1.895345 
3520.000000	1.899303 
3518.000000	1.890499 
3516.000000	1.887013 
3514.000000	1.891393 
3512.000000	1.893381 
3510.000000	1.900800 
3508.000000	1.908614 
3506.000000	1.905672 
3504.000000	1.909463 
3502.000000	1.915491 
3500.000000	1.903743 
3498.000000	1.899804 
3496.000000	1.908908 
3494.000000	1.920798 
3492.000000	1.933290 
3490.000000	1.919171 
3488.000000	1.912507 
3486.000000	1.930182 
3484.000000	1.930737 
3482.000000	1.916369 
3480.000000	1.911763 
3478.000000	1.914282 
3476.000000	1.912651 
3474.000000	1.908640 
3472.000000	1.906514 
3470.000000	1.907760 
3468.000000	1.911882 
3466.000000	1.918630 
3464.000000	1.918535 
3462.000000	1.914963 
3460.000000	1.913747 
3458.000000	1.909883 
3456.000000	1.912795 
3454.000000	1.920221 
3452.000000	1.918698 
3450.000000	1.908271 
3448.000000	1.912211 
3446.000000	1.925945 
3444.000000	1.922848 
3442.000000	1.912465 
3440.000000	1.908271 
3438.000000	1.913425 
3436.000000	1.919240 
3434.000000	1.911544 
3432.000000	1.909555 
3430.000000	1.919627 
3428.000000	1.924228 
3426.000000	1.919928 
3424.000000	1.909833 
3422.000000	1.908313 
3420.000000	1.909076 
3418.000000	1.902525 
3416.000000	1.902302 
3414.000000	1.899813 
3412.000000	1.904648 
3410.000000	1.925360 
3408.000000	1.925569 
3406.000000	1.908103 
3404.000000	1.903552 
3402.000000	1.914316 
3400.000000	1.913654 
3398.000000	1.897811 
3396.000000	1.894825 
3394.000000	1.905330 
3392.000000	1.911375 
3390.000000	1.915917 
3388.000000	1.917113 
3386.000000	1.915363 
3384.000000	1.908422 
3382.000000	1.903735 
3380.000000	1.901088 
3378.000000	1.902658 
3376.000000	1.902889 
3374.000000	1.899443 
3372.000000	1.906355 
3370.000000	1.911037 
3368.000000	1.907224 
3366.000000	1.893332 
3364.000000	1.891869 
3362.000000	1.899451 
3360.000000	1.893583 
3358.000000	1.894402 
3356.000000	1.894175 
3354.000000	1.892984 
3352.000000	1.902112 
3350.000000	1.899911 
3348.000000	1.895207 
3346.000000	1.889173 
3344.000000	1.879063 
3342.000000	1.874782 
3340.000000	1.869644 
3338.000000	1.871473 
3336.000000	1.878389 
3334.000000	1.879353 
3332.000000	1.874727 
3330.000000	1.877490 
3328.000000	1.886933 
3326.000000	1.886973 
3324.000000	1.871997 
3322.000000	1.867349 
3320.000000	1.879016 
3318.000000	1.888404 
3316.000000	1.882708 
3314.000000	1.866405 
3312.000000	1.864559 
3310.000000	1.876531 
3308.000000	1.884832 
3306.000000	1.878006 
3304.000000	1.855014 
3302.000000	1.844168 
3300.000000	1.853334 
3298.000000	1.857759 
3296.000000	1.860206 
3294.000000	1.865766 
3292.000000	1.861777 
3290.000000	1.857237 
3288.000000	1.851396 
3286.000000	1.850801 
3284.000000	1.857625 
3282.000000	1.859404 
3280.000000	1.852419 
3278.000000	1.847034 
3276.000000	1.849357 
3274.000000	1.851470 
3272.000000	1.855430 
3270.000000	1.858752 
3268.000000	1.853297 
3266.000000	1.847996 
3264.000000	1.846343 
3262.000000	1.847799 
3260.000000	1.843951 
3258.000000	1.842141 
3256.000000	1.838378 
3254.000000	1.839013 
3252.000000	1.841393 
3250.000000	1.838856 
3248.000000	1.840696 
3246.000000	1.839707 
3244.000000	1.836129 
3242.000000	1.837636 
3240.000000	1.842609 
3238.000000	1.834895 
3236.000000	1.829778 
3234.000000	1.832832 
3232.000000	1.832888 
3230.000000	1.831924 
3228.000000	1.825094 
3226.000000	1.817600 
3224.000000	1.817845 
3222.000000	1.823588 
3220.000000	1.827886 
3218.000000	1.821325 
3216.000000	1.818963 
3214.000000	1.822225 
3212.000000	1.820564 
3210.000000	1.822376 
3208.000000	1.815530 
3206.000000	1.811621 
3204.000000	1.814050 
3202.000000	1.814077 
3200.000000	1.810435 
3198.000000	1.810676 
3196.000000	1.815260 
3194.000000	1.815822 
3192.000000	1.806638 
3190.000000	1.801248 
3188.000000	1.800012 
3186.000000	1.795445 
3184.000000	1.799223 
3182.000000	1.805712 
3180.000000	1.806399 
3178.000000	1.805712 
3176.000000	1.806770 
3174.000000	1.799503 
3172.000000	1.787573 
3170.000000	1.793317 
3168.000000	1.803975 
3166.000000	1.804114 
3164.000000	1.796823 
3162.000000	1.791533 
3160.000000	1.793362 
3158.000000	1.792867 
3156.000000	1.785743 
3154.000000	1.783241 
3152.000000	1.785775 
3150.000000	1.783832 
3148.000000	1.778614 
3146.000000	1.778030 
3144.000000	1.785598 
3142.000000	1.790880 
3140.000000	1.791206 
3138.000000	1.784626 
3136.000000	1.785572 
3134.000000	1.789080 
3132.000000	1.783046 
3130.000000	1.773976 
3128.000000	1.772619 
3126.000000	1.772729 
3124.000000	1.768153 
3122.000000	1.766644 
3120.000000	1.770893 
3118.000000	1.769582 
3116.000000	1.767595 
3114.000000	1.768858 
3112.000000	1.763348 
3110.000000	1.760303 
3108.000000	1.761157 
3106.000000	1.753690 
3104.000000	1.748246 
3102.000000	1.749861 
3100.000000	1.753032 
3098.000000	1.758572 
3096.000000	1.763799 
3094.000000	1.760298 
3092.000000	1.754924 
3090.000000	1.751955 
3088.000000	1.748606 
3086.000000	1.749384 
3084.000000	1.756671 
3082.000000	1.755661 
3080.000000	1.754024 
3078.000000	1.754536 
3076.000000	1.745933 
3074.000000	1.741875 
3072.000000	1.739118 
3070.000000	1.738489 
3068.000000	1.739965 
3066.000000	1.740962 
3064.000000	1.736757 
3062.000000	1.732292 
3060.000000	1.737905 
3058.000000	1.742670 
3056.000000	1.736904 
3054.000000	1.725515 
3052.000000	1.724087 
3050.000000	1.728264 
3048.000000	1.726667 
3046.000000	1.722685 
3044.000000	1.722970 
3042.000000	1.725642 
3040.000000	1.725059 
3038.000000	1.719738 
3036.000000	1.719087 
3034.000000	1.726617 
3032.000000	1.725449 
3030.000000	1.716848 
3028.000000	1.712763 
3026.000000	1.717669 
3024.000000	1.720042 
3022.000000	1.714079 
3020.000000	1.712667 
3018.000000	1.710881 
3016.000000	1.709399 
3014.000000	1.708045 
3012.000000	1.710876 
3010.000000	1.717075 
3008.000000	1.714669 
3006.000000	1.714037 
3004.000000	1.710275 
3002.000000	1.701884 
3000.000000	1.703748 
2998.000000	1.704654 
2996.000000	1.700921 
2994.000000	1.699804 
2992.000000	1.704403 
2990.000000	1.707084 
2988.000000	1.703120 
2986.000000	1.697807 
2984.000000	1.701535 
2982.000000	1.704230 
2980.000000	1.705352 
2978.000000	1.703973 
2976.000000	1.704308 
2974.000000	1.707717 
2972.000000	1.713876 
2970.000000	1.717275 
2968.000000	1.715255 
2966.000000	1.713094 
2964.000000	1.711440 
2962.000000	1.713849 
2960.000000	1.714128 
2958.000000	1.710493 
2956.000000	1.714750 
2954.000000	1.715765 
2952.000000	1.707992 
2950.000000	1.705531 
2948.000000	1.708611 
2946.000000	1.706336 
2944.000000	1.703832 
2942.000000	1.704764 
2940.000000	1.712069 
2938.000000	1.715228 
2936.000000	1.710009 
2934.000000	1.714042 
2932.000000	1.713004 
2930.000000	1.707427 
2928.000000	1.705137 
2926.000000	1.699804 
2924.000000	1.697972 
2922.000000	1.698303 
2920.000000	1.698716 
2918.000000	1.704261 
2916.000000	1.706225 
2914.000000	1.700344 
2912.000000	1.690847 
2910.000000	1.684850 
2908.000000	1.682103 
2906.000000	1.679561 
2904.000000	1.676911 
2902.000000	1.673583 
2900.000000	1.671838 
2898.000000	1.677294 
2896.000000	1.683369 
2894.000000	1.680170 
2892.000000	1.677492 
2890.000000	1.676896 
2888.000000	1.673173 
2886.000000	1.669917 
2884.000000	1.669220 
2882.000000	1.670072 
2880.000000	1.666615 
2878.000000	1.663002 
2876.000000	1.662022 
2874.000000	1.667615 
2872.000000	1.674379 
2870.000000	1.675869 
2868.000000	1.672749 
2866.000000	1.668197 
2864.000000	1.664616 
2862.000000	1.667172 
2860.000000	1.670881 
2858.000000	1.669946 
2856.000000	1.663889 
2854.000000	1.664601 
2852.000000	1.668298 
2850.000000	1.663613 
2848.000000	1.657378 
2846.000000	1.652035 
2844.000000	1.646258 
2842.000000	1.643338 
2840.000000	1.646951 
2838.000000	1.649824 
2836.000000	1.649408 
2834.000000	1.646717 
2832.000000	1.644355 
2830.000000	1.642860 
2828.000000	1.637935 
2826.000000	1.637193 
2824.000000	1.638673 
2822.000000	1.636560 
2820.000000	1.633790 
2818.000000	1.637818 
2816.000000	1.644031 
2814.000000	1.640506 
2812.000000	1.637674 
2810.000000	1.637615 
2808.000000	1.637651 
2806.000000	1.638425 
2804.000000	1.639078 
2802.000000	1.636856 
2800.000000	1.632868 
2798.000000	1.629496 
2796.000000	1.630267 
2794.000000	1.632855 
2792.000000	1.631554 
2790.000000	1.625920 
2788.000000	1.626305 
2786.000000	1.635938 
2784.000000	1.636054 
2782.000000	1.631306 
2780.000000	1.630443 
2778.000000	1.628672 
2776.000000	1.627563 
2774.000000	1.626178 
2772.000000	1.623651 
2770.000000	1.626476 
2768.000000	1.629205 
2766.000000	1.627884 
2764.000000	1.624134 
2762.000000	1.620796 
2760.000000	1.621099 
2758.000000	1.622820 
2756.000000	1.624827 
2754.000000	1.623855 
2752.000000	1.622438 
2750.000000	1.624234 
2748.000000	1.622968 
2746.000000	1.618846 
2744.000000	1.616884 
2742.000000	1.615818 
2740.000000	1.615844 
2738.000000	1.621389 
2736.000000	1.625273 
2734.000000	1.622403 
2732.000000	1.623424 
2730.000000	1.618937 
2728.000000	1.616314 
2726.000000	1.620519 
2724.000000	1.622095 
2722.000000	1.622048 
2720.000000	1.625369 
2718.000000	1.626971 
2716.000000	1.623263 
2714.000000	1.617038 
2712.000000	1.617016 
2710.000000	1.616344 
2708.000000	1.610615 
2706.000000	1.613835 
2704.000000	1.620926 
2702.000000	1.618588 
2700.000000	1.614917 
2698.000000	1.613359 
2696.000000	1.612696 
2694.000000	1.611702 
2692.000000	1.610526 
2690.000000	1.612883 
2688.000000	1.616079 
2686.000000	1.619354 
2684.000000	1.613401 
2682.000000	1.606625 
2680.000000	1.607178 
2678.000000	1.611270 
2676.000000	1.612921 
2674.000000	1.610733 
2672.000000	1.610543 
2670.000000	1.615745 
2668.000000	1.615596 
2666.000000	1.610480 
2664.000000	1.613601 
2662.000000	1.615237 
2660.000000	1.608689 
2658.000000	1.609548 
2656.000000	1.612079 
2654.000000	1.612193 
2652.000000	1.613456 
2650.000000	1.614861 
2648.000000	1.614785 
2646.000000	1.609345 
2644.000000	1.602933 
2642.000000	1.602095 
2640.000000	1.607366 
2638.000000	1.607526 
2636.000000	1.603477 
2634.000000	1.604005 
2632.000000	1.604675 
2630.000000	1.604633 
2628.000000	1.606165 
2626.000000	1.605839 
2624.000000	1.608748 
2622.000000	1.610585 
2620.000000	1.606822 
2618.000000	1.605868 
2616.000000	1.608042 
2614.000000	1.607484 
2612.000000	1.608769 
2610.000000	1.610151 
2608.000000	1.610231 
2606.000000	1.607123 
2604.000000	1.605872 
2602.000000	1.604863 
2600.000000	1.597818 
2598.000000	1.600260 
2596.000000	1.607169 
2594.000000	1.607203 
2592.000000	1.605380 
2590.000000	1.607908 
2588.000000	1.606859 
2586.000000	1.599927 
2584.000000	1.595252 
2582.000000	1.596103 
2580.000000	1.600942 
2578.000000	1.601280 
2576.000000	1.601959 
2574.000000	1.603045 
2572.000000	1.600545 
2570.000000	1.600034 
2568.000000	1.601107 
2566.000000	1.600405 
2564.000000	1.599964 
2562.000000	1.600293 
2560.000000	1.598290 
2558.000000	1.593823 
2556.000000	1.590730 
2554.000000	1.591461 
2552.000000	1.595425 
2550.000000	1.602344 
2548.000000	1.605188 
2546.000000	1.604017 
2544.000000	1.598766 
2542.000000	1.595170 
2540.000000	1.594914 
2538.000000	1.597965 
2536.000000	1.600652 
2534.000000	1.595511 
2532.000000	1.588011 
2530.000000	1.585787 
2528.000000	1.587895 
2526.000000	1.590008 
2524.000000	1.590839 
2522.000000	1.592638 
2520.000000	1.593770 
2518.000000	1.592173 
2516.000000	1.591198 
2514.000000	1.594519 
2512.000000	1.600376 
2510.000000	1.601074 
2508.000000	1.596422 
2506.000000	1.593157 
2504.000000	1.594502 
2502.000000	1.595507 
2500.000000	1.592780 
2498.000000	1.593966 
2496.000000	1.598643 
2494.000000	1.597924 
2492.000000	1.594681 
2490.000000	1.594604 
2488.000000	1.598606 
2486.000000	1.598224 
2484.000000	1.593750 
2482.000000	1.591905 
2480.000000	1.592164 
2478.000000	1.592537 
2476.000000	1.593125 
2474.000000	1.594600 
2472.000000	1.598249 
2470.000000	1.600752 
2468.000000	1.596871 
2466.000000	1.592476 
2464.000000	1.593848 
2462.000000	1.592679 
2460.000000	1.590081 
2458.000000	1.590601 
2456.000000	1.592290 
2454.000000	1.591461 
2452.000000	1.590185 
2450.000000	1.590065 
2448.000000	1.590714 
2446.000000	1.589912 
2444.000000	1.591133 
2442.000000	1.590512 
2440.000000	1.590536 
2438.000000	1.589445 
2436.000000	1.585716 
2434.000000	1.584298 
2432.000000	1.583468 
2430.000000	1.584219 
2428.000000	1.584596 
2426.000000	1.585791 
2424.000000	1.587374 
2422.000000	1.586214 
2420.000000	1.580329 
2418.000000	1.574668 
2416.000000	1.577136 
2414.000000	1.580632 
2412.000000	1.580719 
2410.000000	1.583230 
2408.000000	1.583718 
2406.000000	1.582810 
2404.000000	1.583480 
2402.000000	1.582402 
2400.000000	1.583178 
2398.000000	1.585572 
2396.000000	1.583048 
2394.000000	1.581987 
2392.000000	1.581074 
2390.000000	1.583988 
2388.000000	1.586230 
2386.000000	1.584211 
2384.000000	1.581003 
2382.000000	1.578880 
2380.000000	1.578996 
2378.000000	1.581449 
2376.000000	1.585229 
2374.000000	1.588272 
2372.000000	1.589083 
2370.000000	1.589328 
2368.000000	1.591473 
2366.000000	1.600026 
2364.000000	1.607283 
2362.000000	1.608710 
2360.000000	1.609636 
2358.000000	1.621125 
2356.000000	1.618532 
2354.000000	1.609240 
2352.000000	1.614495 
2350.000000	1.607014 
2348.000000	1.589843 
2346.000000	1.593596 
2344.000000	1.605446 
2342.000000	1.609527 
2340.000000	1.617664 
2338.000000	1.618416 
2336.000000	1.608054 
2334.000000	1.605125 
2332.000000	1.610890 
2330.000000	1.620809 
2328.000000	1.628064 
2326.000000	1.628086 
2324.000000	1.626572 
2322.000000	1.627752 
2320.000000	1.630012 
2318.000000	1.629933 
2316.000000	1.628232 
2314.000000	1.631244 
2312.000000	1.632393 
2310.000000	1.634619 
2308.000000	1.642474 
2306.000000	1.646758 
2304.000000	1.648561 
2302.000000	1.650500 
2300.000000	1.652760 
2298.000000	1.657148 
2296.000000	1.662445 
2294.000000	1.672198 
2292.000000	1.681396 
2290.000000	1.691778 
2288.000000	1.701535 
2286.000000	1.708092 
2284.000000	1.719966 
2282.000000	1.738149 
2280.000000	1.752769 
2278.000000	1.764815 
2276.000000	1.783562 
2274.000000	1.800555 
2272.000000	1.812488 
2270.000000	1.826780 
2268.000000	1.843958 
2266.000000	1.856872 
2264.000000	1.867189 
2262.000000	1.872823 
2260.000000	1.878476 
2258.000000	1.889550 
2256.000000	1.884427 
2254.000000	1.872699 
2252.000000	1.870411 
2250.000000	1.870857 
2248.000000	1.861777 
2246.000000	1.856195 
2244.000000	1.854703 
2242.000000	1.839972 
2240.000000	1.822514 
2238.000000	1.810107 
2236.000000	1.805289 
2234.000000	1.796901 
2232.000000	1.782369 
2230.000000	1.774555 
2228.000000	1.766414 
2226.000000	1.755084 
2224.000000	1.751867 
2222.000000	1.749506 
2220.000000	1.742824 
2218.000000	1.741395 
2216.000000	1.743764 
2214.000000	1.743409 
2212.000000	1.741943 
2210.000000	1.744436 
2208.000000	1.747048 
2206.000000	1.748327 
2204.000000	1.745737 
2202.000000	1.738557 
2200.000000	1.736041 
2198.000000	1.736656 
2196.000000	1.729756 
2194.000000	1.720956 
2192.000000	1.717907 
2190.000000	1.711669 
2188.000000	1.699986 
2186.000000	1.695121 
2184.000000	1.691188 
2182.000000	1.684679 
2180.000000	1.685406 
2178.000000	1.683114 
2176.000000	1.676729 
2174.000000	1.675898 
2172.000000	1.677378 
2170.000000	1.669293 
2168.000000	1.663322 
2166.000000	1.668129 
2164.000000	1.663264 
2162.000000	1.655571 
2160.000000	1.656626 
2158.000000	1.660082 
2156.000000	1.659798 
2154.000000	1.657816 
2152.000000	1.657745 
2150.000000	1.653496 
2148.000000	1.649025 
2146.000000	1.648381 
2144.000000	1.645402 
2142.000000	1.642251 
2140.000000	1.635754 
2138.000000	1.628980 
2136.000000	1.627889 
2134.000000	1.625889 
2132.000000	1.624910 
2130.000000	1.623781 
2128.000000	1.620101 
2126.000000	1.617209 
2124.000000	1.615955 
2122.000000	1.613427 
2120.000000	1.611676 
2118.000000	1.612096 
2116.000000	1.609691 
2114.000000	1.604617 
2112.000000	1.602029 
2110.000000	1.601843 
2108.000000	1.596544 
2106.000000	1.588978 
2104.000000	1.589650 
2102.000000	1.591659 
2100.000000	1.589344 
2098.000000	1.587698 
2096.000000	1.587686 
2094.000000	1.587943 
2092.000000	1.585712 
2090.000000	1.582141 
2088.000000	1.577727 
2086.000000	1.570243 
2084.000000	1.565572 
2082.000000	1.564496 
2080.000000	1.559885 
2078.000000	1.552966 
2076.000000	1.552914 
2074.000000	1.556535 
2072.000000	1.556475 
2070.000000	1.552622 
2068.000000	1.545633 
2066.000000	1.546689 
2064.000000	1.548609 
2062.000000	1.544638 
2060.000000	1.542542 
2058.000000	1.539465 
2056.000000	1.534382 
2054.000000	1.530535 
2052.000000	1.528325 
2050.000000	1.527002 
2048.000000	1.526706 
2046.000000	1.525284 
2044.000000	1.525666 
2042.000000	1.528461 
2040.000000	1.528290 
2038.000000	1.525909 
2036.000000	1.527058 
2034.000000	1.526873 
2032.000000	1.524719 
2030.000000	1.523643 
2028.000000	1.523401 
2026.000000	1.521164 
2024.000000	1.522255 
2022.000000	1.522976 
2020.000000	1.519932 
2018.000000	1.520985 
2016.000000	1.523999 
2014.000000	1.519908 
2012.000000	1.521294 
2010.000000	1.524106 
2008.000000	1.521147 
2006.000000	1.517609 
2004.000000	1.516880 
2002.000000	1.519294 
2000.000000	1.519096 
1998.000000	1.518182 
1996.000000	1.520004 
1994.000000	1.519534 
1992.000000	1.516604 
1990.000000	1.517367 
1988.000000	1.517711 
1986.000000	1.515158 
1984.000000	1.515398 
1982.000000	1.516723 
1980.000000	1.514632 
1978.000000	1.513861 
1976.000000	1.515053 
1974.000000	1.514602 
1972.000000	1.512552 
1970.000000	1.510413 
1968.000000	1.508890 
1966.000000	1.511885 
1964.000000	1.513091 
1962.000000	1.511283 
1960.000000	1.511834 
1958.000000	1.511636 
1956.000000	1.511976 
1954.000000	1.514331 
1952.000000	1.512825 
1950.000000	1.507396 
1948.000000	1.506185 
1946.000000	1.507552 
1944.000000	1.508924 
1942.000000	1.513121 
1940.000000	1.512117 
1938.000000	1.507745 
1936.000000	1.509790 
1934.000000	1.512339 
1932.000000	1.512825 
1930.000000	1.512467 
1928.000000	1.510652 
1926.000000	1.507099 
1924.000000	1.503750 
1922.000000	1.504497 
1920.000000	1.505016 
1918.000000	1.510015 
1916.000000	1.514927 
1914.000000	1.510937 
1912.000000	1.507739 
1910.000000	1.506630 
1908.000000	1.504140 
1906.000000	1.502194 
1904.000000	1.505332 
1902.000000	1.507755 
1900.000000	1.505969 
1898.000000	1.502273 
1896.000000	1.503436 
1894.000000	1.502836 
1892.000000	1.499665 
1890.000000	1.500307 
1888.000000	1.500785 
1886.000000	1.497762 
1884.000000	1.500654 
1882.000000	1.500251 
1880.000000	1.496553 
1878.000000	1.496754 
1876.000000	1.496829 
1874.000000	1.496342 
1872.000000	1.494285 
1870.000000	1.493630 
1868.000000	1.503631 
1866.000000	1.504335 
1864.000000	1.497775 
1862.000000	1.493101 
1860.000000	1.491458 
1858.000000	1.492088 
1856.000000	1.492380 
1854.000000	1.490186 
1852.000000	1.488445 
1850.000000	1.486918 
1848.000000	1.485957 
1846.000000	1.482683 
1844.000000	1.492831 
1842.000000	1.502698 
1840.000000	1.497203 
1838.000000	1.493956 
1836.000000	1.491590 
1834.000000	1.487856 
1832.000000	1.481169 
1830.000000	1.486765 
1828.000000	1.492747 
1826.000000	1.487420 
1824.000000	1.490346 
1822.000000	1.490016 
1820.000000	1.484416 
1818.000000	1.482478 
1816.000000	1.482752 
1814.000000	1.479333 
1812.000000	1.477081 
1810.000000	1.478993 
1808.000000	1.478543 
1806.000000	1.474243 
1804.000000	1.471733 
1802.000000	1.472679 
1800.000000	1.479240 
1798.000000	1.478636 
1796.000000	1.470352 
1794.000000	1.461401 
1792.000000	1.474447 
1790.000000	1.485833 
1788.000000	1.472430 
1786.000000	1.461856 
1784.000000	1.465502 
1782.000000	1.463445 
1780.000000	1.463144 
1778.000000	1.466422 
1776.000000	1.460318 
1774.000000	1.454115 
1772.000000	1.466932 
1770.000000	1.475139 
1768.000000	1.469872 
1766.000000	1.464243 
1764.000000	1.451689 
1762.000000	1.452389 
1760.000000	1.457403 
1758.000000	1.451039 
1756.000000	1.457174 
1754.000000	1.452715 
1752.000000	1.443128 
1750.000000	1.452874 
1748.000000	1.459619 
1746.000000	1.457637 
1744.000000	1.452930 
1742.000000	1.450323 
1740.000000	1.451929 
1738.000000	1.457029 
1736.000000	1.436663 
1734.000000	1.447567 
1732.000000	1.467502 
1730.000000	1.457068 
1728.000000	1.454714 
1726.000000	1.449792 
1724.000000	1.447080 
1722.000000	1.443518 
1720.000000	1.430226 
1718.000000	1.441514 
1716.000000	1.468375 
1714.000000	1.466289 
1712.000000	1.457623 
1710.000000	1.445928 
1708.000000	1.432339 
1706.000000	1.433261 
1704.000000	1.439268 
1702.000000	1.420643 
1700.000000	1.439712 
1698.000000	1.445197 
1696.000000	1.439316 
1694.000000	1.450136 
1692.000000	1.434358 
1690.000000	1.428649 
1688.000000	1.421683 
1686.000000	1.402561 
1684.000000	1.426603 
1682.000000	1.445099 
1680.000000	1.428646 
1678.000000	1.416228 
1676.000000	1.409497 
1674.000000	1.424681 
1672.000000	1.415233 
1670.000000	1.411875 
1668.000000	1.426241 
1666.000000	1.415656 
1664.000000	1.402430 
1662.000000	1.412447 
1660.000000	1.415603 
1658.000000	1.406376 
1656.000000	1.387318 
1654.000000	1.386352 
1652.000000	1.443981 
1650.000000	1.427869 
1648.000000	1.405029 
1646.000000	1.423680 
1644.000000	1.425116 
1642.000000	1.409777 
1640.000000	1.404709 
1638.000000	1.398984 
1636.000000	1.411114 
1634.000000	1.434065 
1632.000000	1.420305 
1630.000000	1.407263 
1628.000000	1.408730 
1626.000000	1.409848 
1624.000000	1.407922 
1622.000000	1.413521 
1620.000000	1.403074 
1618.000000	1.390705 
1616.000000	1.405232 
1614.000000	1.404766 
1612.000000	1.389299 
1610.000000	1.384291 
1608.000000	1.384103 
1606.000000	1.380286 
1604.000000	1.374091 
1602.000000	1.370577 
1600.000000	1.367030 
1598.000000	1.360870 
1596.000000	1.357419 
1594.000000	1.357304 
1592.000000	1.356743 
1590.000000	1.352552 
1588.000000	1.350443 
1586.000000	1.348947 
1584.000000	1.346024 
1582.000000	1.342686 
1580.000000	1.339390 
1578.000000	1.330274 
1576.000000	1.343818 
1574.000000	1.352368 
1572.000000	1.334818 
1570.000000	1.336862 
1568.000000	1.348101 
1566.000000	1.336403 
1564.000000	1.329449 
1562.000000	1.313959 
1560.000000	1.310164 
1558.000000	1.363072 
1556.000000	1.352660 
1554.000000	1.335438 
1552.000000	1.326757 
1550.000000	1.322594 
1548.000000	1.320155 
1546.000000	1.314344 
1544.000000	1.317212 
1542.000000	1.312913 
1540.000000	1.327459 
1538.000000	1.338107 
1536.000000	1.313719 
1534.000000	1.307264 
1532.000000	1.317790 
1530.000000	1.308916 
1528.000000	1.304139 
1526.000000	1.306951 
1524.000000	1.302341 
1522.000000	1.302003 
1520.000000	1.318462 
1518.000000	1.307852 
1516.000000	1.303678 
1514.000000	1.296337 
1512.000000	1.288751 
1510.000000	1.284261 
1508.000000	1.287938 
1506.000000	1.320630 
1504.000000	1.310968 
1502.000000	1.287376 
1500.000000	1.277444 
1498.000000	1.279478 
1496.000000	1.289351 
1494.000000	1.288600 
1492.000000	1.279873 
1490.000000	1.286815 
1488.000000	1.296204 
1486.000000	1.290778 
1484.000000	1.282613 
1482.000000	1.279463 
1480.000000	1.279262 
1478.000000	1.277605 
1476.000000	1.278697 
1474.000000	1.276819 
1472.000000	1.291025 
1470.000000	1.289113 
1468.000000	1.273234 
1466.000000	1.268409 
1464.000000	1.277295 
1462.000000	1.274128 
1460.000000	1.260222 
1458.000000	1.263013 
1456.000000	1.291331 
1454.000000	1.284375 
1452.000000	1.267153 
1450.000000	1.262230 
1448.000000	1.264234 
1446.000000	1.263943 
1444.000000	1.254373 
1442.000000	1.246453 
1440.000000	1.241264 
1438.000000	1.240942 
1436.000000	1.254131 
1434.000000	1.250275 
1432.000000	1.239602 
1430.000000	1.237794 
1428.000000	1.235860 
1426.000000	1.228449 
1424.000000	1.229477 
1422.000000	1.225873 
1420.000000	1.220987 
1418.000000	1.233290 
1416.000000	1.228826 
1414.000000	1.219433 
1412.000000	1.215981 
1410.000000	1.215869 
1408.000000	1.213318 
1406.000000	1.210771 
1404.000000	1.212731 
1402.000000	1.209333 
1400.000000	1.204883 
1398.000000	1.207189 
1396.000000	1.206161 
1394.000000	1.207925 
1392.000000	1.204669 
1390.000000	1.195999 
1388.000000	1.196462 
1386.000000	1.199749 
1384.000000	1.194159 
1382.000000	1.189460 
1380.000000	1.187705 
1378.000000	1.185591 
1376.000000	1.182908 
1374.000000	1.185480 
1372.000000	1.183945 
1370.000000	1.178768 
1368.000000	1.176152 
1366.000000	1.171303 
1364.000000	1.168836 
1362.000000	1.171530 
1360.000000	1.169031 
1358.000000	1.164147 
1356.000000	1.160266 
1354.000000	1.158573 
1352.000000	1.158054 
1350.000000	1.157212 
1348.000000	1.154435 
1346.000000	1.151522 
1344.000000	1.149425 
1342.000000	1.146589 
1340.000000	1.146952 
1338.000000	1.147042 
1336.000000	1.142069 
1334.000000	1.139962 
1332.000000	1.139966 
1330.000000	1.137973 
1328.000000	1.136671 
1326.000000	1.136029 
1324.000000	1.134070 
1322.000000	1.132184 
1320.000000	1.131359 
1318.000000	1.129097 
1316.000000	1.127983 
1314.000000	1.127560 
1312.000000	1.127047 
1310.000000	1.124065 
1308.000000	1.121022 
1306.000000	1.120502 
1304.000000	1.120490 
1302.000000	1.120490 
1300.000000	1.119040 
1298.000000	1.115979 
1296.000000	1.114869 
1294.000000	1.115101 
1292.000000	1.114474 
1290.000000	1.113700 
1288.000000	1.112656 
1286.000000	1.111797 
1284.000000	1.111464 
1282.000000	1.111587 
1280.000000	1.111460 
1278.000000	1.110711 
1276.000000	1.110356 
1274.000000	1.111948 
1272.000000	1.114164 
1270.000000	1.115197 
1268.000000	1.115525 
1266.000000	1.116125 
1264.000000	1.116497 
1262.000000	1.115820 
1260.000000	1.114563 
1258.000000	1.116664 
1256.000000	1.119903 
1254.000000	1.123106 
1252.000000	1.126251 
1250.000000	1.130704 
1248.000000	1.135892 
1246.000000	1.139986 
1244.000000	1.146929 
1242.000000	1.154289 
1240.000000	1.161321 
1238.000000	1.172721 
1236.000000	1.187170 
1234.000000	1.201268 
1232.000000	1.217115 
1230.000000	1.235587 
1228.000000	1.253845 
1226.000000	1.270712 
1224.000000	1.289936 
1222.000000	1.311855 
1220.000000	1.334438 
1218.000000	1.356381 
1216.000000	1.375937 
1214.000000	1.396454 
1212.000000	1.421532 
1210.000000	1.449087 
1208.000000	1.471408 
1206.000000	1.490064 
1204.000000	1.509747 
1202.000000	1.532098 
1200.000000	1.550293 
1198.000000	1.566434 
1196.000000	1.586278 
1194.000000	1.610319 
1192.000000	1.630061 
1190.000000	1.645672 
1188.000000	1.660930 
1186.000000	1.676026 
1184.000000	1.691717 
1182.000000	1.711424 
1180.000000	1.727396 
1178.000000	1.739482 
1176.000000	1.749809 
1174.000000	1.758970 
1172.000000	1.771363 
1170.000000	1.787783 
1168.000000	1.797667 
1166.000000	1.803093 
1164.000000	1.817723 
1162.000000	1.828011 
1160.000000	1.830408 
1158.000000	1.832360 
1156.000000	1.835923 
1154.000000	1.842097 
1152.000000	1.852781 
1150.000000	1.871642 
1148.000000	1.878781 
1146.000000	1.873055 
1144.000000	1.892248 
1142.000000	1.912457 
1140.000000	1.914486 
1138.000000	1.909168 
1136.000000	1.900487 
1134.000000	1.901707 
1132.000000	1.918613 
1130.000000	1.936909 
1128.000000	1.943713 
1126.000000	1.941672 
1124.000000	1.939703 
1122.000000	1.944432 
1120.000000	1.956020 
1118.000000	1.953585 
1116.000000	1.941681 
1114.000000	1.942922 
1112.000000	1.960412 
1110.000000	1.988685 
1108.000000	2.007687 
1106.000000	2.012300 
1104.000000	2.028708 
1102.000000	2.043414 
1100.000000	2.054502 
1098.000000	2.065201 
1096.000000	2.053881 
1094.000000	2.072467 
1092.000000	2.109003 
1090.000000	2.118052 
1088.000000	2.137649 
1086.000000	2.163704 
1084.000000	2.171073 
1082.000000	2.170061 
1080.000000	2.209561 
1078.000000	2.247947 
1076.000000	2.229698 
1074.000000	2.240175 
1072.000000	2.269897 
1070.000000	2.282394 
1068.000000	2.287281 
1066.000000	2.276425 
1064.000000	2.276640 
1062.000000	2.292471 
1060.000000	2.288506 
1058.000000	2.268435 
1056.000000	2.238253 
1054.000000	2.210871 
1052.000000	2.204574 
1050.000000	2.211814 
1048.000000	2.183754 
1046.000000	2.136698 
1044.000000	2.105315 
1042.000000	2.089626 
1040.000000	2.050170 
1038.000000	2.016043 
1036.000000	1.992579 
1034.000000	1.956676 
1032.000000	1.919008 
1030.000000	1.878319 
1028.000000	1.833819 
1026.000000	1.782720 
1024.000000	1.735663 
1022.000000	1.687231 
1020.000000	1.636605 
1018.000000	1.580810 
1016.000000	1.527434 
1014.000000	1.474326 
1012.000000	1.423466 
1010.000000	1.372465 
1008.000000	1.319969 
1006.000000	1.271927 
1004.000000	1.228460 
1002.000000	1.187197 
1000.000000	1.149620 
998.000000	 1.115409 
996.000000	 1.085133 
994.000000	 1.061089 
992.000000	 1.041328 
990.000000	 1.026776 
988.000000	 1.020598 
986.000000	 1.018186 
984.000000	 1.012786 
982.000000	 1.002909 
980.000000	 0.988534 
978.000000	 0.971750 
976.000000	 0.953139 
974.000000	 0.932239 
972.000000	 0.911379 
970.000000	 0.892829 
968.000000	 0.876478 
966.000000	 0.864393 
964.000000	 0.857217 
962.000000	 0.851315 
960.000000	 0.846043 
958.000000	 0.843529 
956.000000	 0.844089 
954.000000	 0.847398 
952.000000	 0.853231 
950.000000	 0.861634 
948.000000	 0.871786 
946.000000	 0.882572 
944.000000	 0.890775 
942.000000	 0.894113 
940.000000	 0.892807 
938.000000	 0.888493 
936.000000	 0.883673 
934.000000	 0.879809 
932.000000	 0.874461 
930.000000	 0.865919 
928.000000	 0.857398 
926.000000	 0.848441 
924.000000	 0.837910 
922.000000	 0.827681 
920.000000	 0.820661 
918.000000	 0.815805 
916.000000	 0.813518 
914.000000	 0.816568 
912.000000	 0.822138 
910.000000	 0.829074 
908.000000	 0.838408 
906.000000	 0.849079 
904.000000	 0.861126 
902.000000	 0.875755 
900.000000	 0.894144 
898.000000	 0.919329 
896.000000	 0.954647 
894.000000	 0.996931 
892.000000	 1.042663 
890.000000	 1.091395 
888.000000	 1.140913 
886.000000	 1.187801 
884.000000	 1.225967 
882.000000	 1.254402 
880.000000	 1.273570 
878.000000	 1.278545 
876.000000	 1.272101 
874.000000	 1.256644 
872.000000	 1.235865 
870.000000	 1.214365 
868.000000	 1.189857 
866.000000	 1.168139 
864.000000	 1.152188 
862.000000	 1.141026 
860.000000	 1.129159 
858.000000	 1.116127 
856.000000	 1.106245 
854.000000	 1.098377 
852.000000	 1.092103 
850.000000	 1.086680 
848.000000	 1.081320 
846.000000	 1.075619 
844.000000	 1.067959 
842.000000	 1.057527 
840.000000	 1.042228 
838.000000	 1.021754 
836.000000	 0.997709 
834.000000	 0.967769 
832.000000	 0.931209 
830.000000	 0.886439 
828.000000	 0.836388 
826.000000	 0.789554 
824.000000	 0.749905 
822.000000	 0.717170 
820.000000	 0.691719 
818.000000	 0.673051 
816.000000	 0.657691 
814.000000	 0.645347 
812.000000	 0.637449 
810.000000	 0.631860 
808.000000	 0.627303 
806.000000	 0.623167 
804.000000	 0.618565 
802.000000	 0.613335 
800.000000	 0.608627 
798.000000	 0.603383 
796.000000	 0.597557 
794.000000	 0.592765 
792.000000	 0.588039 
790.000000	 0.582631 
788.000000	 0.577870 
786.000000	 0.574193 
784.000000	 0.570586 
782.000000	 0.566954 
780.000000	 0.563897 
778.000000	 0.561013 
776.000000	 0.558092 
774.000000	 0.555964 
772.000000	 0.553584 
770.000000	 0.551768 
768.000000	 0.551372 
766.000000	 0.550813 
764.000000	 0.549852 
762.000000	 0.549297 
760.000000	 0.548936 
758.000000	 0.548559 
756.000000	 0.547216 
754.000000	 0.545415 
752.000000	 0.543968 
750.000000	 0.542080 
748.000000	 0.540362 
746.000000	 0.538224 
744.000000	 0.534742 
742.000000	 0.531403 
740.000000	 0.528250 
738.000000	 0.524652 
736.000000	 0.520445 
734.000000	 0.515266 
732.000000	 0.510027 
730.000000	 0.505206 
728.000000	 0.500171 
726.000000	 0.494521 
724.000000	 0.490033 
722.000000	 0.487060 
720.000000	 0.484239 
718.000000	 0.481405 
716.000000	 0.479809 
714.000000	 0.477855 
712.000000	 0.475440 
710.000000	 0.472634 
708.000000	 0.467683 
706.000000	 0.460392 
704.000000	 0.451813 
702.000000	 0.442730 
700.000000	 0.432898 
698.000000	 0.423889 
696.000000	 0.416387 
694.000000	 0.409648 
692.000000	 0.403863 
690.000000	 0.399001 
688.000000	 0.395034 
686.000000	 0.391044 
684.000000	 0.386883 
682.000000	 0.383922 
680.000000	 0.381296 
678.000000	 0.378025 
676.000000	 0.374742 
674.000000	 0.371433 
672.000000	 0.369364 
670.000000	 0.370999 
668.000000	 0.373492 
666.000000	 0.365983 
664.000000	 0.359613 
662.000000	 0.357539 
660.000000	 0.355818 
658.000000	 0.353519 
656.000000	 0.351242 
654.000000	 0.349273 
652.000000	 0.347276 
650.000000	 0.345122 
648.000000	 0.342456 
646.000000	 0.339453 
644.000000	 0.337181 
642.000000	 0.335413 
640.000000	 0.332635 
638.000000	 0.329893 
636.000000	 0.327220 
634.000000	 0.324576 
632.000000	 0.321412 
630.000000	 0.317143 
628.000000	 0.312227 
626.000000	 0.307302 
624.000000	 0.301749 
622.000000	 0.296666 
620.000000	 0.292671 
618.000000	 0.287954 
616.000000	 0.283037 
614.000000	 0.278761 
612.000000	 0.275084 
610.000000	 0.271236 
608.000000	 0.266985 
606.000000	 0.262502 
604.000000	 0.258681 
602.000000	 0.256348 
600.000000	 0.253313 
598.000000	 0.249311 
596.000000	 0.245507 
594.000000	 0.241672 
592.000000	 0.237699 
590.000000	 0.234045 
588.000000	 0.230954 
586.000000	 0.227277 
584.000000	 0.223213 
582.000000	 0.220292 
580.000000	 0.217331 
578.000000	 0.214271 
576.000000	 0.212665 
574.000000	 0.209811 
572.000000	 0.206074 
570.000000	 0.203586 
568.000000	 0.201189 
566.000000	 0.198483 
564.000000	 0.196635 
562.000000	 0.195263 
560.000000	 0.193039 
558.000000	 0.190967 
556.000000	 0.190350 
554.000000	 0.189639 
552.000000	 0.188660 
550.000000	 0.188391 
548.000000	 0.187350 
546.000000	 0.186182 
544.000000	 0.185545 
542.000000	 0.185649 
540.000000	 0.186464 
538.000000	 0.187898 
536.000000	 0.188822 
534.000000	 0.189342 
532.000000	 0.189748 
530.000000	 0.190109 
528.000000	 0.191930 
526.000000	 0.193874 
524.000000	 0.193081 
522.000000	 0.192730 
520.000000	 0.195384 
518.000000	 0.198026 
516.000000	 0.198500 
514.000000	 0.199350 
512.000000	 0.201997 
510.000000	 0.205697 
508.000000	 0.210028 
506.000000	 0.215361 
504.000000	 0.221488 
502.000000	 0.229379 
500.000000	 0.237661 
498.000000	 0.245105 
496.000000	 0.255681 
494.000000	 0.269387 
492.000000	 0.283661 
490.000000	 0.297120 
488.000000	 0.310092 
486.000000	 0.326464 
484.000000	 0.344118 
482.000000	 0.360580 
480.000000	 0.375719 
478.000000	 0.388948 
476.000000	 0.402435 
474.000000	 0.416672 
472.000000	 0.429378 
470.000000	 0.439979 
468.000000	 0.447618 
466.000000	 0.454524 
464.000000	 0.461467 
462.000000	 0.466873 
460.000000	 0.470416 
458.000000	 0.473613 
456.000000	 0.475924 
454.000000	 0.474091 
452.000000	 0.472090 
450.000000	 0.472804 

