4400.000000	1.675383 
4398.000000	1.674981 
4396.000000	1.674130 
4394.000000	1.669593 
4392.000000	1.675079 
4390.000000	1.674247 
4388.000000	1.664817 
4386.000000	1.665593 
4384.000000	1.671542 
4382.000000	1.673807 
4380.000000	1.668414 
4378.000000	1.673031 
4376.000000	1.677772 
4374.000000	1.678928 
4372.000000	1.687438 
4370.000000	1.688204 
4368.000000	1.679407 
4366.000000	1.673876 
4364.000000	1.673168 
4362.000000	1.670241 
4360.000000	1.671425 
4358.000000	1.674923 
4356.000000	1.679323 
4354.000000	1.679323 
4352.000000	1.671440 
4350.000000	1.663422 
4348.000000	1.665890 
4346.000000	1.674208 
4344.000000	1.670639 
4342.000000	1.671673 
4340.000000	1.680765 
4338.000000	1.678957 
4336.000000	1.673431 
4334.000000	1.676748 
4332.000000	1.677590 
4330.000000	1.671897 
4328.000000	1.671153 
4326.000000	1.675344 
4324.000000	1.674472 
4322.000000	1.667076 
4320.000000	1.660531 
4318.000000	1.666523 
4316.000000	1.673236 
4314.000000	1.667278 
4312.000000	1.669917 
4310.000000	1.679086 
4308.000000	1.669665 
4306.000000	1.663861 
4304.000000	1.672949 
4302.000000	1.679061 
4300.000000	1.671717 
4298.000000	1.665291 
4296.000000	1.669278 
4294.000000	1.669762 
4292.000000	1.669423 
4290.000000	1.666005 
4288.000000	1.661271 
4286.000000	1.659434 
4284.000000	1.665066 
4282.000000	1.675663 
4280.000000	1.672398 
4278.000000	1.664267 
4276.000000	1.673368 
4274.000000	1.681038 
4272.000000	1.672043 
4270.000000	1.666552 
4268.000000	1.671173 
4266.000000	1.672208 
4264.000000	1.673690 
4262.000000	1.679348 
4260.000000	1.678093 
4258.000000	1.674957 
4256.000000	1.664606 
4254.000000	1.663703 
4252.000000	1.670561 
4250.000000	1.662974 
4248.000000	1.659566 
4246.000000	1.663303 
4244.000000	1.665147 
4242.000000	1.669941 
4240.000000	1.673441 
4238.000000	1.667803 
4236.000000	1.657260 
4234.000000	1.654953 
4232.000000	1.664420 
4230.000000	1.676281 
4228.000000	1.681083 
4226.000000	1.670222 
4224.000000	1.662350 
4222.000000	1.660996 
4220.000000	1.662536 
4218.000000	1.663641 
4216.000000	1.661480 
4214.000000	1.665458 
4212.000000	1.672466 
4210.000000	1.674653 
4208.000000	1.672529 
4206.000000	1.676448 
4204.000000	1.676016 
4202.000000	1.665262 
4200.000000	1.662017 
4198.000000	1.668733 
4196.000000	1.676733 
4194.000000	1.676689 
4192.000000	1.676217 
4190.000000	1.671144 
4188.000000	1.669269 
4186.000000	1.667846 
4184.000000	1.668549 
4182.000000	1.664994 
4180.000000	1.660181 
4178.000000	1.657016 
4176.000000	1.658508 
4174.000000	1.664405 
4172.000000	1.669636 
4170.000000	1.678591 
4168.000000	1.681237 
4166.000000	1.670164 
4164.000000	1.668728 
4162.000000	1.677984 
4160.000000	1.678839 
4158.000000	1.672062 
4156.000000	1.666490 
4154.000000	1.670290 
4152.000000	1.674326 
4150.000000	1.668467 
4148.000000	1.661471 
4146.000000	1.665966 
4144.000000	1.673358 
4142.000000	1.673261 
4140.000000	1.670595 
4138.000000	1.672408 
4136.000000	1.674678 
4134.000000	1.666490 
4132.000000	1.660176 
4130.000000	1.660612 
4128.000000	1.663665 
4126.000000	1.668824 
4124.000000	1.673070 
4122.000000	1.665851 
4120.000000	1.661200 
4118.000000	1.661461 
4116.000000	1.660347 
4114.000000	1.665051 
4112.000000	1.663928 
4110.000000	1.657632 
4108.000000	1.663947 
4106.000000	1.674751 
4104.000000	1.670954 
4102.000000	1.668588 
4100.000000	1.672116 
4098.000000	1.675011 
4096.000000	1.671654 
4094.000000	1.658645 
4092.000000	1.653431 
4090.000000	1.656758 
4088.000000	1.662250 
4086.000000	1.666869 
4084.000000	1.663675 
4082.000000	1.660631 
4080.000000	1.665410 
4078.000000	1.664955 
4076.000000	1.656129 
4074.000000	1.659921 
4072.000000	1.666855 
4070.000000	1.666860 
4068.000000	1.663398 
4066.000000	1.662060 
4064.000000	1.662426 
4062.000000	1.664334 
4060.000000	1.659925 
4058.000000	1.658707 
4056.000000	1.663846 
4054.000000	1.660735 
4052.000000	1.659443 
4050.000000	1.663369 
4048.000000	1.665799 
4046.000000	1.664836 
4044.000000	1.665123 
4042.000000	1.668622 
4040.000000	1.674619 
4038.000000	1.680423 
4036.000000	1.678863 
4034.000000	1.676502 
4032.000000	1.674159 
4030.000000	1.672710 
4028.000000	1.673778 
4026.000000	1.673861 
4024.000000	1.663407 
4022.000000	1.651445 
4020.000000	1.660517 
4018.000000	1.675202 
4016.000000	1.678443 
4014.000000	1.683414 
4012.000000	1.677398 
4010.000000	1.668713 
4008.000000	1.663417 
4006.000000	1.662845 
4004.000000	1.664362 
4002.000000	1.663746 
4000.000000	1.669728 
3998.000000	1.675280 
3996.000000	1.673475 
3994.000000	1.668617 
3992.000000	1.670334 
3990.000000	1.675457 
3988.000000	1.673861 
3986.000000	1.670130 
3984.000000	1.672983 
3982.000000	1.666437 
3980.000000	1.659651 
3978.000000	1.658494 
3976.000000	1.658145 
3974.000000	1.664037 
3972.000000	1.669685 
3970.000000	1.671916 
3968.000000	1.670741 
3966.000000	1.668125 
3964.000000	1.663264 
3962.000000	1.656133 
3960.000000	1.654560 
3958.000000	1.662274 
3956.000000	1.664272 
3954.000000	1.666259 
3952.000000	1.669641 
3950.000000	1.667004 
3948.000000	1.662288 
3946.000000	1.655815 
3944.000000	1.651093 
3942.000000	1.656504 
3940.000000	1.666725 
3938.000000	1.667288 
3936.000000	1.657467 
3934.000000	1.647548 
3932.000000	1.652160 
3930.000000	1.663660 
3928.000000	1.668742 
3926.000000	1.666240 
3924.000000	1.663026 
3922.000000	1.663536 
3920.000000	1.661077 
3918.000000	1.661409 
3916.000000	1.670610 
3914.000000	1.672734 
3912.000000	1.671343 
3910.000000	1.669264 
3908.000000	1.664219 
3906.000000	1.653272 
3904.000000	1.653785 
3902.000000	1.665046 
3900.000000	1.672077 
3898.000000	1.675104 
3896.000000	1.672281 
3894.000000	1.660683 
3892.000000	1.656584 
3890.000000	1.668023 
3888.000000	1.667206 
3886.000000	1.662597 
3884.000000	1.667254 
3882.000000	1.662783 
3880.000000	1.671527 
3878.000000	1.673905 
3876.000000	1.659713 
3874.000000	1.657576 
3872.000000	1.654243 
3870.000000	1.654682 
3868.000000	1.667678 
3866.000000	1.665808 
3864.000000	1.667601 
3862.000000	1.674918 
3860.000000	1.672096 
3858.000000	1.659339 
3856.000000	1.645717 
3854.000000	1.649395 
3852.000000	1.675001 
3850.000000	1.683055 
3848.000000	1.676827 
3846.000000	1.668786 
3844.000000	1.664071 
3842.000000	1.653599 
3840.000000	1.640216 
3838.000000	1.652458 
3836.000000	1.669569 
3834.000000	1.668607 
3832.000000	1.665923 
3830.000000	1.668718 
3828.000000	1.672929 
3826.000000	1.672544 
3824.000000	1.662635 
3822.000000	1.660934 
3820.000000	1.676394 
3818.000000	1.668737 
3816.000000	1.665089 
3814.000000	1.678567 
3812.000000	1.678626 
3810.000000	1.666423 
3808.000000	1.656884 
3806.000000	1.666293 
3804.000000	1.665118 
3802.000000	1.658579 
3800.000000	1.668549 
3798.000000	1.665981 
3796.000000	1.666615 
3794.000000	1.673139 
3792.000000	1.669786 
3790.000000	1.665281 
3788.000000	1.665827 
3786.000000	1.667818 
3784.000000	1.669888 
3782.000000	1.668221 
3780.000000	1.663727 
3778.000000	1.670193 
3776.000000	1.678438 
3774.000000	1.678671 
3772.000000	1.670678 
3770.000000	1.670295 
3768.000000	1.674370 
3766.000000	1.669370 
3764.000000	1.670135 
3762.000000	1.665137 
3760.000000	1.665880 
3758.000000	1.683294 
3756.000000	1.683634 
3754.000000	1.666274 
3752.000000	1.669631 
3750.000000	1.701097 
3748.000000	1.721588 
3746.000000	1.715981 
3744.000000	1.727191 
3742.000000	1.750525 
3740.000000	1.741019 
3738.000000	1.711765 
3736.000000	1.700469 
3734.000000	1.715335 
3732.000000	1.733568 
3730.000000	1.736498 
3728.000000	1.716336 
3726.000000	1.711110 
3724.000000	1.727523 
3722.000000	1.736148 
3720.000000	1.740381 
3718.000000	1.744040 
3716.000000	1.742670 
3714.000000	1.721850 
3712.000000	1.713308 
3710.000000	1.746868 
3708.000000	1.763126 
3706.000000	1.757629 
3704.000000	1.750414 
3702.000000	1.751949 
3700.000000	1.759113 
3698.000000	1.760978 
3696.000000	1.761324 
3694.000000	1.761336 
3692.000000	1.760107 
3690.000000	1.764593 
3688.000000	1.785023 
3686.000000	1.798415 
3684.000000	1.792706 
3682.000000	1.789265 
3680.000000	1.790650 
3678.000000	1.780622 
3676.000000	1.798493 
3674.000000	1.836989 
3672.000000	1.828381 
3670.000000	1.814793 
3668.000000	1.824479 
3666.000000	1.827412 
3664.000000	1.823464 
3662.000000	1.832839 
3660.000000	1.852449 
3658.000000	1.857856 
3656.000000	1.857871 
3654.000000	1.844675 
3652.000000	1.815165 
3650.000000	1.815212 
3648.000000	1.850243 
3646.000000	1.869560 
3644.000000	1.869583 
3642.000000	1.862961 
3640.000000	1.858364 
3638.000000	1.853231 
3636.000000	1.855890 
3634.000000	1.859426 
3632.000000	1.849686 
3630.000000	1.843915 
3628.000000	1.871504 
3626.000000	1.880509 
3624.000000	1.865826 
3622.000000	1.852324 
3620.000000	1.850412 
3618.000000	1.860761 
3616.000000	1.865986 
3614.000000	1.868044 
3612.000000	1.866961 
3610.000000	1.850522 
3608.000000	1.849921 
3606.000000	1.871281 
3604.000000	1.884157 
3602.000000	1.883666 
3600.000000	1.872352 
3598.000000	1.866458 
3596.000000	1.869767 
3594.000000	1.885809 
3592.000000	1.886829 
3590.000000	1.879627 
3588.000000	1.882305 
3586.000000	1.894135 
3584.000000	1.892467 
3582.000000	1.876258 
3580.000000	1.872205 
3578.000000	1.874464 
3576.000000	1.881556 
3574.000000	1.890386 
3572.000000	1.882700 
3570.000000	1.871211 
3568.000000	1.867296 
3566.000000	1.886343 
3564.000000	1.897092 
3562.000000	1.888044 
3560.000000	1.880556 
3558.000000	1.883143 
3556.000000	1.885801 
3554.000000	1.890499 
3552.000000	1.899952 
3550.000000	1.894541 
3548.000000	1.883880 
3546.000000	1.882653 
3544.000000	1.890298 
3542.000000	1.900668 
3540.000000	1.893964 
3538.000000	1.892677 
3536.000000	1.905905 
3534.000000	1.908212 
3532.000000	1.901939 
3530.000000	1.897018 
3528.000000	1.909320 
3526.000000	1.921161 
3524.000000	1.913866 
3522.000000	1.907207 
3520.000000	1.894817 
3518.000000	1.885682 
3516.000000	1.902352 
3514.000000	1.909068 
3512.000000	1.902691 
3510.000000	1.901872 
3508.000000	1.906214 
3506.000000	1.913518 
3504.000000	1.909723 
3502.000000	1.907894 
3500.000000	1.913959 
3498.000000	1.922337 
3496.000000	1.927116 
3494.000000	1.927011 
3492.000000	1.925316 
3490.000000	1.913985 
3488.000000	1.904806 
3486.000000	1.907793 
3484.000000	1.912753 
3482.000000	1.915823 
3480.000000	1.915926 
3478.000000	1.921368 
3476.000000	1.924750 
3474.000000	1.923646 
3472.000000	1.923030 
3470.000000	1.924916 
3468.000000	1.929433 
3466.000000	1.934196 
3464.000000	1.926521 
3462.000000	1.917806 
3460.000000	1.923707 
3458.000000	1.924907 
3456.000000	1.922553 
3454.000000	1.929521 
3452.000000	1.924489 
3450.000000	1.905031 
3448.000000	1.908573 
3446.000000	1.929160 
3444.000000	1.930693 
3442.000000	1.921601 
3440.000000	1.917627 
3438.000000	1.922363 
3436.000000	1.920238 
3434.000000	1.911586 
3432.000000	1.915653 
3430.000000	1.917027 
3428.000000	1.912558 
3426.000000	1.921576 
3424.000000	1.930173 
3422.000000	1.925822 
3420.000000	1.915610 
3418.000000	1.907517 
3416.000000	1.911113 
3414.000000	1.917284 
3412.000000	1.923004 
3410.000000	1.923186 
3408.000000	1.922622 
3406.000000	1.925090 
3404.000000	1.929442 
3402.000000	1.920384 
3400.000000	1.907919 
3398.000000	1.905997 
3396.000000	1.901526 
3394.000000	1.894549 
3392.000000	1.904640 
3390.000000	1.921239 
3388.000000	1.923724 
3386.000000	1.918226 
3384.000000	1.918295 
3382.000000	1.923559 
3380.000000	1.915866 
3378.000000	1.903975 
3376.000000	1.895980 
3374.000000	1.898016 
3372.000000	1.903975 
3370.000000	1.907040 
3368.000000	1.905239 
3366.000000	1.908128 
3364.000000	1.915678 
3362.000000	1.909782 
3360.000000	1.898663 
3358.000000	1.903635 
3356.000000	1.907174 
3354.000000	1.896773 
3352.000000	1.890684 
3350.000000	1.891651 
3348.000000	1.895777 
3346.000000	1.904266 
3344.000000	1.907341 
3342.000000	1.905081 
3340.000000	1.904100 
3338.000000	1.895923 
3336.000000	1.890563 
3334.000000	1.891030 
3332.000000	1.889229 
3330.000000	1.892337 
3328.000000	1.901138 
3326.000000	1.901509 
3324.000000	1.890901 
3322.000000	1.889045 
3320.000000	1.890426 
3318.000000	1.881272 
3316.000000	1.877779 
3314.000000	1.884411 
3312.000000	1.881753 
3310.000000	1.881162 
3308.000000	1.883349 
3306.000000	1.879525 
3304.000000	1.883555 
3302.000000	1.886566 
3300.000000	1.879722 
3298.000000	1.870650 
3296.000000	1.868067 
3294.000000	1.868335 
3292.000000	1.867159 
3290.000000	1.868121 
3288.000000	1.867327 
3286.000000	1.863792 
3284.000000	1.861589 
3282.000000	1.866336 
3280.000000	1.873418 
3278.000000	1.868059 
3276.000000	1.857125 
3274.000000	1.863444 
3272.000000	1.866017 
3270.000000	1.864536 
3268.000000	1.857856 
3266.000000	1.847806 
3264.000000	1.848303 
3262.000000	1.854340 
3260.000000	1.858394 
3258.000000	1.849921 
3256.000000	1.841479 
3254.000000	1.853290 
3252.000000	1.859127 
3250.000000	1.844450 
3248.000000	1.837558 
3246.000000	1.845414 
3244.000000	1.848969 
3242.000000	1.846932 
3240.000000	1.845864 
3238.000000	1.844486 
3236.000000	1.847187 
3234.000000	1.853977 
3232.000000	1.849027 
3230.000000	1.837629 
3228.000000	1.838821 
3226.000000	1.840438 
3224.000000	1.837110 
3222.000000	1.833495 
3220.000000	1.836789 
3218.000000	1.838863 
3216.000000	1.835178 
3214.000000	1.833114 
3212.000000	1.824894 
3210.000000	1.818002 
3208.000000	1.826363 
3206.000000	1.834584 
3204.000000	1.828471 
3202.000000	1.822417 
3200.000000	1.823816 
3198.000000	1.825025 
3196.000000	1.821847 
3194.000000	1.822404 
3192.000000	1.824410 
3190.000000	1.817492 
3188.000000	1.811762 
3186.000000	1.812098 
3184.000000	1.815808 
3182.000000	1.821469 
3180.000000	1.823140 
3178.000000	1.819257 
3176.000000	1.816792 
3174.000000	1.811125 
3172.000000	1.804193 
3170.000000	1.806326 
3168.000000	1.808946 
3166.000000	1.805977 
3164.000000	1.804219 
3162.000000	1.807960 
3160.000000	1.811313 
3158.000000	1.804694 
3156.000000	1.798317 
3154.000000	1.799138 
3152.000000	1.803284 
3150.000000	1.801700 
3148.000000	1.797927 
3146.000000	1.792854 
3144.000000	1.790694 
3142.000000	1.793484 
3140.000000	1.791719 
3138.000000	1.783744 
3136.000000	1.780610 
3134.000000	1.782657 
3132.000000	1.785225 
3130.000000	1.785048 
3128.000000	1.781210 
3126.000000	1.781279 
3124.000000	1.782714 
3122.000000	1.779106 
3120.000000	1.778876 
3118.000000	1.778037 
3116.000000	1.776834 
3114.000000	1.780479 
3112.000000	1.779100 
3110.000000	1.774493 
3108.000000	1.768274 
3106.000000	1.764412 
3104.000000	1.766511 
3102.000000	1.771253 
3100.000000	1.777391 
3098.000000	1.770313 
3096.000000	1.760858 
3094.000000	1.764237 
3092.000000	1.769314 
3090.000000	1.771608 
3088.000000	1.767728 
3086.000000	1.767565 
3084.000000	1.770276 
3082.000000	1.763336 
3080.000000	1.757724 
3078.000000	1.757778 
3076.000000	1.753343 
3074.000000	1.745737 
3072.000000	1.747516 
3070.000000	1.749878 
3068.000000	1.744373 
3066.000000	1.743122 
3064.000000	1.747898 
3062.000000	1.749931 
3060.000000	1.748582 
3058.000000	1.747997 
3056.000000	1.744609 
3054.000000	1.737034 
3052.000000	1.735393 
3050.000000	1.740865 
3048.000000	1.744339 
3046.000000	1.737159 
3044.000000	1.733848 
3042.000000	1.736424 
3040.000000	1.732035 
3038.000000	1.729734 
3036.000000	1.735179 
3034.000000	1.732733 
3032.000000	1.723961 
3030.000000	1.725323 
3028.000000	1.723254 
3026.000000	1.716142 
3024.000000	1.715110 
3022.000000	1.715212 
3020.000000	1.718096 
3018.000000	1.717858 
3016.000000	1.714465 
3014.000000	1.719711 
3012.000000	1.728901 
3010.000000	1.725026 
3008.000000	1.716363 
3006.000000	1.712752 
3004.000000	1.712688 
3002.000000	1.711344 
3000.000000	1.712736 
2998.000000	1.713854 
2996.000000	1.715905 
2994.000000	1.720010 
2992.000000	1.719993 
2990.000000	1.718995 
2988.000000	1.716395 
2986.000000	1.711802 
2984.000000	1.714160 
2982.000000	1.721779 
2980.000000	1.718859 
2978.000000	1.715674 
2976.000000	1.718529 
2974.000000	1.717669 
2972.000000	1.715572 
2970.000000	1.717815 
2968.000000	1.721621 
2966.000000	1.725592 
2964.000000	1.727539 
2962.000000	1.727495 
2960.000000	1.727733 
2958.000000	1.725097 
2956.000000	1.720461 
2954.000000	1.716848 
2952.000000	1.720782 
2950.000000	1.725361 
2948.000000	1.720319 
2946.000000	1.711067 
2944.000000	1.708568 
2942.000000	1.717658 
2940.000000	1.726540 
2938.000000	1.720814 
2936.000000	1.712330 
2934.000000	1.720357 
2932.000000	1.725901 
2930.000000	1.721752 
2928.000000	1.720722 
2926.000000	1.716649 
2924.000000	1.711616 
2922.000000	1.710631 
2920.000000	1.708082 
2918.000000	1.706151 
2916.000000	1.704749 
2914.000000	1.695994 
2912.000000	1.690051 
2910.000000	1.693073 
2908.000000	1.696735 
2906.000000	1.698292 
2904.000000	1.697337 
2902.000000	1.691488 
2900.000000	1.686617 
2898.000000	1.687045 
2896.000000	1.687261 
2894.000000	1.685080 
2892.000000	1.682675 
2890.000000	1.682207 
2888.000000	1.683634 
2886.000000	1.684009 
2884.000000	1.678710 
2882.000000	1.678567 
2880.000000	1.679026 
2878.000000	1.677989 
2876.000000	1.677763 
2874.000000	1.672666 
2872.000000	1.670353 
2870.000000	1.670159 
2868.000000	1.673363 
2866.000000	1.677334 
2864.000000	1.679130 
2862.000000	1.678671 
2860.000000	1.675766 
2858.000000	1.673720 
2856.000000	1.672802 
2854.000000	1.670547 
2852.000000	1.666523 
2850.000000	1.662869 
2848.000000	1.661399 
2846.000000	1.662831 
2844.000000	1.661115 
2842.000000	1.655651 
2840.000000	1.655215 
2838.000000	1.654546 
2836.000000	1.653697 
2834.000000	1.654528 
2832.000000	1.649847 
2830.000000	1.646579 
2828.000000	1.646680 
2826.000000	1.644305 
2824.000000	1.642288 
2822.000000	1.644131 
2820.000000	1.648289 
2818.000000	1.648776 
2816.000000	1.644099 
2814.000000	1.639182 
2812.000000	1.639313 
2810.000000	1.645928 
2808.000000	1.648119 
2806.000000	1.642942 
2804.000000	1.643179 
2802.000000	1.646754 
2800.000000	1.646249 
2798.000000	1.644784 
2796.000000	1.644953 
2794.000000	1.642606 
2792.000000	1.642101 
2790.000000	1.640895 
2788.000000	1.638727 
2786.000000	1.641271 
2784.000000	1.643707 
2782.000000	1.640922 
2780.000000	1.636372 
2778.000000	1.632055 
2776.000000	1.632380 
2774.000000	1.633843 
2772.000000	1.635302 
2770.000000	1.633981 
2768.000000	1.632597 
2766.000000	1.636193 
2764.000000	1.633536 
2762.000000	1.631874 
2760.000000	1.636659 
2758.000000	1.636829 
2756.000000	1.630939 
2754.000000	1.625111 
2752.000000	1.624967 
2750.000000	1.628500 
2748.000000	1.632300 
2746.000000	1.634293 
2744.000000	1.632851 
2742.000000	1.630921 
2740.000000	1.630903 
2738.000000	1.629782 
2736.000000	1.628658 
2734.000000	1.629478 
2732.000000	1.627335 
2730.000000	1.622898 
2728.000000	1.620386 
2726.000000	1.622299 
2724.000000	1.627700 
2722.000000	1.629712 
2720.000000	1.626651 
2718.000000	1.624867 
2716.000000	1.626677 
2714.000000	1.630069 
2712.000000	1.626117 
2710.000000	1.619152 
2708.000000	1.621428 
2706.000000	1.626318 
2704.000000	1.625850 
2702.000000	1.626554 
2700.000000	1.624008 
2698.000000	1.617175 
2696.000000	1.616644 
2694.000000	1.618756 
2692.000000	1.615002 
2690.000000	1.615459 
2688.000000	1.619928 
2686.000000	1.620762 
2684.000000	1.621831 
2682.000000	1.621649 
2680.000000	1.617990 
2678.000000	1.615848 
2676.000000	1.619264 
2674.000000	1.617175 
2672.000000	1.612236 
2670.000000	1.615732 
2668.000000	1.618803 
2666.000000	1.616241 
2664.000000	1.615767 
2662.000000	1.621909 
2660.000000	1.622225 
2658.000000	1.618309 
2656.000000	1.618046 
2654.000000	1.615169 
2652.000000	1.608992 
2650.000000	1.609923 
2648.000000	1.614239 
2646.000000	1.616083 
2644.000000	1.617132 
2642.000000	1.615801 
2640.000000	1.611499 
2638.000000	1.610759 
2636.000000	1.615211 
2634.000000	1.617896 
2632.000000	1.611782 
2630.000000	1.606956 
2628.000000	1.612547 
2626.000000	1.618532 
2624.000000	1.619066 
2622.000000	1.616862 
2620.000000	1.614474 
2618.000000	1.614960 
2616.000000	1.616468 
2614.000000	1.617724 
2612.000000	1.618296 
2610.000000	1.614273 
2608.000000	1.611808 
2606.000000	1.613006 
2604.000000	1.612815 
2602.000000	1.611659 
2600.000000	1.607866 
2598.000000	1.606663 
2596.000000	1.607014 
2594.000000	1.609779 
2592.000000	1.614354 
2590.000000	1.616378 
2588.000000	1.614874 
2586.000000	1.612891 
2584.000000	1.606939 
2582.000000	1.602539 
2580.000000	1.604800 
2578.000000	1.604688 
2576.000000	1.602377 
2574.000000	1.602464 
2572.000000	1.602945 
2570.000000	1.606516 
2568.000000	1.608130 
2566.000000	1.605484 
2564.000000	1.607027 
2562.000000	1.610176 
2560.000000	1.609299 
2558.000000	1.605814 
2556.000000	1.606186 
2554.000000	1.603307 
2552.000000	1.602240 
2550.000000	1.601830 
2548.000000	1.600232 
2546.000000	1.601922 
2544.000000	1.601806 
2542.000000	1.602381 
2540.000000	1.602058 
2538.000000	1.599877 
2536.000000	1.600851 
2534.000000	1.600970 
2532.000000	1.600277 
2530.000000	1.600574 
2528.000000	1.599461 
2526.000000	1.599116 
2524.000000	1.597404 
2522.000000	1.597941 
2520.000000	1.600347 
2518.000000	1.598980 
2516.000000	1.597838 
2514.000000	1.598499 
2512.000000	1.597904 
2510.000000	1.597916 
2508.000000	1.596499 
2506.000000	1.594869 
2504.000000	1.596843 
2502.000000	1.599609 
2500.000000	1.602597 
2498.000000	1.600450 
2496.000000	1.597113 
2494.000000	1.597363 
2492.000000	1.599749 
2490.000000	1.605476 
2488.000000	1.607492 
2486.000000	1.602054 
2484.000000	1.598207 
2482.000000	1.598696 
2480.000000	1.594201 
2478.000000	1.592825 
2476.000000	1.594954 
2474.000000	1.592055 
2472.000000	1.591768 
2470.000000	1.593194 
2468.000000	1.594010 
2466.000000	1.595397 
2464.000000	1.595515 
2462.000000	1.596409 
2460.000000	1.598117 
2458.000000	1.595032 
2456.000000	1.592464 
2454.000000	1.590270 
2452.000000	1.591113 
2450.000000	1.592792 
2448.000000	1.589706 
2446.000000	1.589497 
2444.000000	1.593263 
2442.000000	1.595240 
2440.000000	1.593559 
2438.000000	1.592764 
2436.000000	1.591457 
2434.000000	1.590355 
2432.000000	1.591582 
2430.000000	1.587835 
2428.000000	1.584477 
2426.000000	1.589807 
2424.000000	1.594905 
2422.000000	1.594319 
2420.000000	1.591303 
2418.000000	1.587650 
2416.000000	1.584008 
2414.000000	1.584012 
2412.000000	1.586374 
2410.000000	1.587234 
2408.000000	1.585341 
2406.000000	1.585584 
2404.000000	1.589714 
2402.000000	1.591307 
2400.000000	1.589461 
2398.000000	1.586850 
2396.000000	1.586334 
2394.000000	1.588071 
2392.000000	1.589722 
2390.000000	1.590706 
2388.000000	1.587386 
2386.000000	1.583790 
2384.000000	1.581505 
2382.000000	1.580321 
2380.000000	1.579550 
2378.000000	1.578892 
2376.000000	1.578911 
2374.000000	1.578750 
2372.000000	1.576605 
2370.000000	1.570817 
2368.000000	1.573003 
2366.000000	1.586998 
2364.000000	1.593255 
2362.000000	1.590621 
2360.000000	1.595028 
2358.000000	1.598947 
2356.000000	1.598191 
2354.000000	1.600793 
2352.000000	1.607706 
2350.000000	1.605768 
2348.000000	1.593251 
2346.000000	1.588729 
2344.000000	1.588597 
2342.000000	1.589079 
2340.000000	1.599992 
2338.000000	1.607123 
2336.000000	1.608592 
2334.000000	1.612070 
2332.000000	1.613835 
2330.000000	1.616417 
2328.000000	1.617591 
2326.000000	1.611156 
2324.000000	1.610113 
2322.000000	1.617218 
2320.000000	1.620632 
2318.000000	1.623638 
2316.000000	1.626082 
2314.000000	1.623995 
2312.000000	1.626033 
2310.000000	1.631692 
2308.000000	1.637768 
2306.000000	1.645374 
2304.000000	1.651510 
2302.000000	1.657580 
2300.000000	1.663031 
2298.000000	1.668597 
2296.000000	1.671464 
2294.000000	1.676080 
2292.000000	1.687841 
2290.000000	1.699156 
2288.000000	1.711019 
2286.000000	1.722740 
2284.000000	1.729506 
2282.000000	1.737413 
2280.000000	1.750851 
2278.000000	1.767044 
2276.000000	1.783845 
2274.000000	1.804668 
2272.000000	1.824030 
2270.000000	1.841055 
2268.000000	1.856864 
2266.000000	1.865788 
2264.000000	1.871411 
2262.000000	1.876375 
2260.000000	1.885618 
2258.000000	1.888949 
2256.000000	1.887788 
2254.000000	1.888893 
2252.000000	1.886479 
2250.000000	1.877795 
2248.000000	1.868312 
2246.000000	1.863792 
2244.000000	1.856544 
2242.000000	1.848098 
2240.000000	1.835448 
2238.000000	1.817947 
2236.000000	1.807036 
2234.000000	1.802199 
2232.000000	1.792501 
2230.000000	1.780466 
2228.000000	1.773054 
2226.000000	1.765207 
2224.000000	1.762694 
2222.000000	1.760524 
2220.000000	1.756688 
2218.000000	1.754236 
2216.000000	1.753484 
2214.000000	1.756346 
2212.000000	1.759904 
2210.000000	1.758768 
2208.000000	1.757144 
2206.000000	1.756234 
2204.000000	1.756623 
2202.000000	1.755484 
2200.000000	1.751324 
2198.000000	1.750344 
2196.000000	1.743942 
2194.000000	1.736007 
2192.000000	1.729673 
2190.000000	1.719912 
2188.000000	1.716951 
2186.000000	1.713239 
2184.000000	1.703664 
2182.000000	1.697993 
2180.000000	1.691285 
2178.000000	1.685446 
2176.000000	1.683084 
2174.000000	1.680190 
2172.000000	1.680611 
2170.000000	1.677792 
2168.000000	1.672252 
2166.000000	1.667259 
2164.000000	1.663255 
2162.000000	1.663217 
2160.000000	1.664157 
2158.000000	1.659817 
2156.000000	1.656621 
2154.000000	1.660219 
2152.000000	1.661580 
2150.000000	1.659207 
2148.000000	1.657642 
2146.000000	1.655674 
2144.000000	1.649700 
2142.000000	1.643461 
2140.000000	1.643648 
2138.000000	1.643334 
2136.000000	1.638484 
2134.000000	1.633968 
2132.000000	1.630793 
2130.000000	1.628786 
2128.000000	1.626576 
2126.000000	1.624391 
2124.000000	1.621831 
2122.000000	1.617475 
2120.000000	1.615549 
2118.000000	1.617763 
2116.000000	1.616010 
2114.000000	1.610092 
2112.000000	1.605088 
2110.000000	1.603311 
2108.000000	1.603606 
2106.000000	1.602410 
2104.000000	1.598253 
2102.000000	1.596761 
2100.000000	1.598191 
2098.000000	1.593157 
2096.000000	1.585891 
2094.000000	1.585604 
2092.000000	1.588480 
2090.000000	1.589658 
2088.000000	1.585604 
2086.000000	1.579463 
2084.000000	1.574140 
2082.000000	1.570512 
2080.000000	1.566693 
2078.000000	1.566072 
2076.000000	1.566842 
2074.000000	1.565188 
2072.000000	1.562910 
2070.000000	1.558789 
2068.000000	1.556084 
2066.000000	1.553610 
2064.000000	1.551006 
2062.000000	1.547612 
2060.000000	1.545837 
2058.000000	1.547678 
2056.000000	1.547565 
2054.000000	1.541806 
2052.000000	1.536706 
2050.000000	1.535991 
2048.000000	1.537048 
2046.000000	1.538312 
2044.000000	1.535951 
2042.000000	1.534666 
2040.000000	1.537166 
2038.000000	1.537894 
2036.000000	1.535021 
2034.000000	1.533051 
2032.000000	1.531812 
2030.000000	1.528650 
2028.000000	1.526751 
2026.000000	1.525059 
2024.000000	1.525274 
2022.000000	1.525715 
2020.000000	1.523587 
2018.000000	1.521866 
2016.000000	1.523732 
2014.000000	1.527215 
2012.000000	1.527372 
2010.000000	1.525461 
2008.000000	1.522972 
2006.000000	1.521800 
2004.000000	1.521872 
2002.000000	1.520793 
2000.000000	1.520244 
1998.000000	1.521126 
1996.000000	1.521632 
1994.000000	1.522631 
1992.000000	1.523577 
1990.000000	1.522710 
1988.000000	1.523985 
1986.000000	1.525239 
1984.000000	1.521404 
1982.000000	1.516713 
1980.000000	1.515765 
1978.000000	1.516227 
1976.000000	1.515694 
1974.000000	1.517043 
1972.000000	1.519421 
1970.000000	1.518209 
1968.000000	1.515568 
1966.000000	1.518736 
1964.000000	1.518664 
1962.000000	1.516247 
1960.000000	1.512386 
1958.000000	1.510984 
1956.000000	1.515015 
1954.000000	1.519051 
1952.000000	1.518695 
1950.000000	1.518927 
1948.000000	1.519034 
1946.000000	1.515792 
1944.000000	1.512413 
1942.000000	1.517156 
1940.000000	1.520752 
1938.000000	1.518766 
1936.000000	1.517115 
1934.000000	1.515337 
1932.000000	1.514568 
1930.000000	1.513638 
1928.000000	1.514771 
1926.000000	1.514666 
1924.000000	1.511185 
1922.000000	1.513712 
1920.000000	1.511011 
1918.000000	1.512508 
1916.000000	1.517769 
1914.000000	1.514345 
1912.000000	1.512225 
1910.000000	1.508800 
1908.000000	1.507872 
1906.000000	1.508600 
1904.000000	1.508192 
1902.000000	1.507755 
1900.000000	1.510652 
1898.000000	1.508907 
1896.000000	1.505986 
1894.000000	1.508720 
1892.000000	1.505379 
1890.000000	1.499580 
1888.000000	1.503136 
1886.000000	1.504113 
1884.000000	1.503866 
1882.000000	1.506295 
1880.000000	1.509285 
1878.000000	1.508813 
1876.000000	1.505046 
1874.000000	1.501186 
1872.000000	1.494156 
1870.000000	1.489668 
1868.000000	1.502356 
1866.000000	1.509586 
1864.000000	1.503605 
1862.000000	1.500464 
1860.000000	1.499561 
1858.000000	1.497795 
1856.000000	1.497613 
1854.000000	1.496975 
1852.000000	1.495764 
1850.000000	1.495667 
1848.000000	1.495722 
1846.000000	1.489224 
1844.000000	1.499194 
1842.000000	1.512852 
1840.000000	1.500713 
1838.000000	1.491259 
1836.000000	1.490551 
1834.000000	1.489355 
1832.000000	1.485162 
1830.000000	1.489821 
1828.000000	1.493446 
1826.000000	1.487480 
1824.000000	1.494803 
1822.000000	1.496936 
1820.000000	1.490826 
1818.000000	1.488598 
1816.000000	1.487563 
1814.000000	1.483583 
1812.000000	1.481041 
1810.000000	1.486064 
1808.000000	1.489476 
1806.000000	1.486378 
1804.000000	1.480368 
1802.000000	1.475423 
1800.000000	1.477734 
1798.000000	1.477532 
1796.000000	1.472221 
1794.000000	1.462090 
1792.000000	1.468256 
1790.000000	1.479371 
1788.000000	1.472156 
1786.000000	1.468046 
1784.000000	1.473328 
1782.000000	1.472537 
1780.000000	1.473140 
1778.000000	1.473312 
1776.000000	1.463569 
1774.000000	1.454221 
1772.000000	1.469036 
1770.000000	1.478079 
1768.000000	1.471095 
1766.000000	1.470288 
1764.000000	1.459005 
1762.000000	1.458312 
1760.000000	1.463544 
1758.000000	1.455939 
1756.000000	1.461089 
1754.000000	1.454684 
1752.000000	1.440320 
1750.000000	1.448150 
1748.000000	1.458535 
1746.000000	1.458464 
1744.000000	1.452941 
1742.000000	1.450785 
1740.000000	1.450411 
1738.000000	1.457210 
1736.000000	1.435880 
1734.000000	1.444281 
1732.000000	1.471408 
1730.000000	1.462099 
1728.000000	1.459247 
1726.000000	1.456475 
1724.000000	1.454274 
1722.000000	1.449038 
1720.000000	1.427242 
1718.000000	1.425987 
1716.000000	1.453074 
1714.000000	1.456484 
1712.000000	1.451016 
1710.000000	1.445160 
1708.000000	1.435696 
1706.000000	1.431921 
1704.000000	1.433750 
1702.000000	1.407390 
1700.000000	1.422542 
1698.000000	1.434208 
1696.000000	1.430993 
1694.000000	1.447544 
1692.000000	1.433390 
1690.000000	1.426642 
1688.000000	1.423631 
1686.000000	1.396919 
1684.000000	1.411722 
1682.000000	1.439547 
1680.000000	1.426485 
1678.000000	1.414967 
1676.000000	1.404207 
1674.000000	1.417940 
1672.000000	1.408966 
1670.000000	1.404709 
1668.000000	1.426982 
1666.000000	1.419798 
1664.000000	1.400406 
1662.000000	1.409697 
1660.000000	1.416393 
1658.000000	1.404977 
1656.000000	1.380321 
1654.000000	1.369924 
1652.000000	1.434000 
1650.000000	1.421390 
1648.000000	1.393706 
1646.000000	1.414948 
1644.000000	1.425044 
1642.000000	1.415150 
1640.000000	1.408316 
1638.000000	1.393460 
1636.000000	1.398160 
1634.000000	1.430148 
1632.000000	1.425405 
1630.000000	1.410719 
1628.000000	1.408238 
1626.000000	1.407607 
1624.000000	1.403630 
1622.000000	1.415349 
1620.000000	1.404751 
1618.000000	1.384577 
1616.000000	1.399813 
1614.000000	1.405630 
1612.000000	1.390488 
1610.000000	1.383895 
1608.000000	1.384715 
1606.000000	1.382174 
1604.000000	1.377932 
1602.000000	1.375647 
1600.000000	1.372418 
1598.000000	1.367722 
1596.000000	1.363359 
1594.000000	1.362468 
1592.000000	1.362337 
1590.000000	1.359563 
1588.000000	1.358007 
1586.000000	1.356216 
1584.000000	1.351644 
1582.000000	1.345903 
1580.000000	1.342896 
1578.000000	1.329623 
1576.000000	1.338542 
1574.000000	1.350309 
1572.000000	1.331696 
1570.000000	1.327404 
1568.000000	1.343195 
1566.000000	1.336774 
1564.000000	1.331287 
1562.000000	1.314314 
1560.000000	1.294556 
1558.000000	1.350039 
1556.000000	1.353257 
1554.000000	1.336495 
1552.000000	1.327560 
1550.000000	1.322999 
1548.000000	1.320803 
1546.000000	1.309365 
1544.000000	1.304026 
1542.000000	1.297342 
1540.000000	1.311768 
1538.000000	1.332857 
1536.000000	1.311498 
1534.000000	1.300122 
1532.000000	1.313955 
1530.000000	1.305354 
1528.000000	1.297471 
1526.000000	1.300298 
1524.000000	1.294883 
1522.000000	1.288143 
1520.000000	1.306854 
1518.000000	1.298925 
1516.000000	1.300081 
1514.000000	1.298777 
1512.000000	1.288690 
1510.000000	1.278429 
1508.000000	1.266579 
1506.000000	1.303158 
1504.000000	1.312858 
1502.000000	1.292016 
1500.000000	1.278064 
1498.000000	1.279100 
1496.000000	1.293853 
1494.000000	1.295813 
1492.000000	1.282345 
1490.000000	1.283652 
1488.000000	1.295169 
1486.000000	1.294463 
1484.000000	1.285378 
1482.000000	1.279498 
1480.000000	1.281182 
1478.000000	1.275680 
1476.000000	1.272094 
1474.000000	1.273545 
1472.000000	1.288545 
1470.000000	1.291056 
1468.000000	1.276764 
1466.000000	1.269869 
1464.000000	1.281115 
1462.000000	1.280001 
1460.000000	1.263350 
1458.000000	1.262200 
1456.000000	1.290128 
1454.000000	1.286943 
1452.000000	1.274678 
1450.000000	1.269823 
1448.000000	1.267540 
1446.000000	1.266818 
1444.000000	1.263053 
1442.000000	1.261653 
1440.000000	1.254114 
1438.000000	1.245438 
1436.000000	1.258206 
1434.000000	1.257699 
1432.000000	1.245176 
1430.000000	1.245916 
1428.000000	1.248042 
1426.000000	1.237223 
1424.000000	1.232782 
1422.000000	1.229340 
1420.000000	1.224313 
1418.000000	1.238066 
1416.000000	1.237400 
1414.000000	1.228791 
1412.000000	1.225354 
1410.000000	1.224904 
1408.000000	1.221266 
1406.000000	1.217553 
1404.000000	1.220552 
1402.000000	1.217878 
1400.000000	1.211682 
1398.000000	1.212107 
1396.000000	1.208773 
1394.000000	1.209971 
1392.000000	1.209326 
1390.000000	1.202068 
1388.000000	1.200696 
1386.000000	1.204360 
1384.000000	1.200571 
1382.000000	1.195820 
1380.000000	1.192598 
1378.000000	1.189681 
1376.000000	1.184824 
1374.000000	1.186028 
1372.000000	1.187716 
1370.000000	1.183462 
1368.000000	1.182059 
1366.000000	1.178994 
1364.000000	1.174008 
1362.000000	1.176328 
1360.000000	1.175773 
1358.000000	1.171830 
1356.000000	1.167822 
1354.000000	1.166034 
1352.000000	1.164181 
1350.000000	1.162161 
1348.000000	1.160290 
1346.000000	1.158074 
1344.000000	1.155367 
1342.000000	1.151282 
1340.000000	1.148428 
1338.000000	1.147426 
1336.000000	1.145848 
1334.000000	1.145683 
1332.000000	1.144424 
1330.000000	1.143275 
1328.000000	1.142971 
1326.000000	1.142024 
1324.000000	1.139449 
1322.000000	1.137300 
1320.000000	1.136225 
1318.000000	1.135359 
1316.000000	1.134177 
1314.000000	1.132210 
1312.000000	1.130848 
1310.000000	1.128006 
1308.000000	1.126351 
1306.000000	1.125843 
1304.000000	1.124630 
1302.000000	1.124399 
1300.000000	1.124506 
1298.000000	1.123542 
1296.000000	1.122227 
1294.000000	1.120863 
1292.000000	1.120449 
1290.000000	1.118592 
1288.000000	1.117652 
1286.000000	1.118363 
1284.000000	1.117905 
1282.000000	1.117003 
1280.000000	1.115663 
1278.000000	1.115215 
1276.000000	1.116418 
1274.000000	1.117454 
1272.000000	1.119020 
1270.000000	1.120567 
1268.000000	1.120830 
1266.000000	1.121838 
1264.000000	1.123378 
1262.000000	1.123816 
1260.000000	1.122908 
1258.000000	1.124728 
1256.000000	1.126665 
1254.000000	1.127317 
1252.000000	1.129581 
1250.000000	1.133031 
1248.000000	1.136729 
1246.000000	1.142665 
1244.000000	1.149429 
1242.000000	1.156232 
1240.000000	1.165315 
1238.000000	1.178367 
1236.000000	1.192461 
1234.000000	1.207760 
1232.000000	1.223021 
1230.000000	1.237789 
1228.000000	1.254588 
1226.000000	1.275626 
1224.000000	1.295923 
1222.000000	1.313782 
1220.000000	1.334939 
1218.000000	1.359300 
1216.000000	1.383895 
1214.000000	1.405972 
1212.000000	1.426789 
1210.000000	1.449142 
1208.000000	1.472362 
1206.000000	1.492747 
1204.000000	1.512585 
1202.000000	1.534740 
1200.000000	1.556289 
1198.000000	1.575965 
1196.000000	1.592578 
1194.000000	1.613159 
1192.000000	1.636484 
1190.000000	1.650102 
1188.000000	1.662859 
1186.000000	1.682865 
1184.000000	1.696503 
1182.000000	1.707892 
1180.000000	1.728065 
1178.000000	1.750402 
1176.000000	1.760608 
1174.000000	1.771785 
1172.000000	1.784827 
1170.000000	1.788895 
1168.000000	1.792732 
1166.000000	1.803646 
1164.000000	1.817886 
1162.000000	1.825406 
1160.000000	1.833163 
1158.000000	1.845247 
1156.000000	1.855578 
1154.000000	1.862199 
1152.000000	1.863830 
1150.000000	1.867418 
1148.000000	1.870527 
1146.000000	1.873681 
1144.000000	1.879455 
1142.000000	1.884070 
1140.000000	1.896005 
1138.000000	1.915849 
1136.000000	1.923038 
1134.000000	1.917498 
1132.000000	1.911012 
1130.000000	1.907107 
1128.000000	1.915337 
1126.000000	1.934303 
1124.000000	1.950369 
1122.000000	1.953744 
1120.000000	1.960629 
1118.000000	1.976766 
1116.000000	1.975767 
1114.000000	1.962278 
1112.000000	1.968876 
1110.000000	1.987546 
1108.000000	1.992081 
1106.000000	1.990103 
1104.000000	2.006088 
1102.000000	2.036930 
1100.000000	2.049647 
1098.000000	2.061083 
1096.000000	2.069991 
1094.000000	2.084152 
1092.000000	2.126921 
1090.000000	2.154372 
1088.000000	2.163583 
1086.000000	2.156371 
1084.000000	2.155629 
1082.000000	2.177787 
1080.000000	2.213300 
1078.000000	2.240661 
1076.000000	2.259349 
1074.000000	2.266824 
1072.000000	2.261820 
1070.000000	2.250781 
1068.000000	2.277208 
1066.000000	2.293365 
1064.000000	2.280553 
1062.000000	2.275213 
1060.000000	2.259669 
1058.000000	2.226791 
1056.000000	2.218152 
1054.000000	2.226268 
1052.000000	2.191585 
1050.000000	2.177522 
1048.000000	2.187883 
1046.000000	2.151838 
1044.000000	2.108750 
1042.000000	2.078514 
1040.000000	2.055231 
1038.000000	2.025710 
1036.000000	1.986662 
1034.000000	1.942959 
1032.000000	1.901897 
1030.000000	1.864619 
1028.000000	1.822947 
1026.000000	1.777391 
1024.000000	1.733450 
1022.000000	1.688492 
1020.000000	1.638799 
1018.000000	1.587514 
1016.000000	1.526208 
1014.000000	1.468046 
1012.000000	1.421172 
1010.000000	1.372843 
1008.000000	1.324752 
1006.000000	1.278347 
1004.000000	1.231223 
1002.000000	1.187270 
1000.000000	1.149617 
998.000000	 1.114562 
996.000000	 1.084742 
994.000000	 1.061891 
992.000000	 1.042471 
990.000000	 1.029817 
988.000000	 1.025557 
986.000000	 1.023644 
984.000000	 1.016837 
982.000000	 1.005447 
980.000000	 0.991478 
978.000000	 0.974068 
976.000000	 0.954435 
974.000000	 0.933541 
972.000000	 0.912788 
970.000000	 0.894980 
968.000000	 0.879729 
966.000000	 0.868569 
964.000000	 0.860825 
962.000000	 0.854204 
960.000000	 0.849019 
958.000000	 0.846084 
956.000000	 0.846893 
954.000000	 0.850871 
952.000000	 0.857330 
950.000000	 0.866059 
948.000000	 0.875748 
946.000000	 0.885658 
944.000000	 0.893413 
942.000000	 0.896408 
940.000000	 0.896650 
938.000000	 0.894166 
936.000000	 0.888774 
934.000000	 0.883087 
932.000000	 0.877235 
930.000000	 0.870664 
928.000000	 0.862667 
926.000000	 0.852291 
924.000000	 0.841665 
922.000000	 0.832205 
920.000000	 0.824282 
918.000000	 0.819972 
916.000000	 0.819135 
914.000000	 0.820870 
912.000000	 0.826216 
910.000000	 0.834137 
908.000000	 0.843063 
906.000000	 0.853040 
904.000000	 0.863963 
902.000000	 0.879080 
900.000000	 0.898162 
898.000000	 0.922594 
896.000000	 0.956881 
894.000000	 0.998506 
892.000000	 1.043408 
890.000000	 1.092794 
888.000000	 1.144162 
886.000000	 1.188892 
884.000000	 1.227132 
882.000000	 1.259538 
880.000000	 1.278133 
878.000000	 1.281623 
876.000000	 1.276594 
874.000000	 1.263223 
872.000000	 1.240174 
870.000000	 1.214648 
868.000000	 1.193375 
866.000000	 1.176292 
864.000000	 1.159222 
862.000000	 1.143258 
860.000000	 1.129593 
858.000000	 1.117632 
856.000000	 1.108184 
854.000000	 1.103692 
852.000000	 1.098158 
850.000000	 1.092404 
848.000000	 1.088613 
846.000000	 1.080911 
844.000000	 1.070884 
842.000000	 1.060786 
840.000000	 1.046556 
838.000000	 1.026356 
836.000000	 1.000202 
834.000000	 0.970532 
832.000000	 0.933806 
830.000000	 0.888302 
828.000000	 0.841228 
826.000000	 0.796739 
824.000000	 0.755122 
822.000000	 0.719825 
820.000000	 0.693659 
818.000000	 0.674557 
816.000000	 0.660344 
814.000000	 0.649248 
812.000000	 0.640969 
810.000000	 0.635221 
808.000000	 0.630468 
806.000000	 0.626997 
804.000000	 0.622782 
802.000000	 0.617080 
800.000000	 0.611270 
798.000000	 0.605998 
796.000000	 0.600185 
794.000000	 0.594689 
792.000000	 0.590555 
790.000000	 0.586025 
788.000000	 0.580886 
786.000000	 0.577110 
784.000000	 0.573351 
782.000000	 0.569025 
780.000000	 0.565791 
778.000000	 0.563966 
776.000000	 0.561321 
774.000000	 0.558521 
772.000000	 0.556332 
770.000000	 0.554597 
768.000000	 0.553746 
766.000000	 0.552681 
764.000000	 0.551819 
762.000000	 0.551183 
760.000000	 0.550919 
758.000000	 0.550730 
756.000000	 0.550086 
754.000000	 0.549101 
752.000000	 0.547193 
750.000000	 0.545262 
748.000000	 0.543826 
746.000000	 0.541735 
744.000000	 0.538773 
742.000000	 0.534920 
740.000000	 0.530959 
738.000000	 0.526975 
736.000000	 0.522726 
734.000000	 0.517649 
732.000000	 0.512566 
730.000000	 0.507205 
728.000000	 0.501738 
726.000000	 0.497187 
724.000000	 0.493072 
722.000000	 0.488744 
720.000000	 0.484789 
718.000000	 0.482441 
716.000000	 0.481469 
714.000000	 0.479982 
712.000000	 0.477712 
710.000000	 0.474575 
708.000000	 0.469242 
706.000000	 0.462004 
704.000000	 0.453661 
702.000000	 0.444215 
700.000000	 0.434109 
698.000000	 0.425403 
696.000000	 0.418199 
694.000000	 0.410995 
692.000000	 0.404681 
690.000000	 0.399901 
688.000000	 0.395222 
686.000000	 0.390597 
684.000000	 0.386508 
682.000000	 0.383018 
680.000000	 0.379733 
678.000000	 0.376860 
676.000000	 0.374147 
674.000000	 0.371399 
672.000000	 0.368708 
670.000000	 0.364928 
668.000000	 0.363036 
666.000000	 0.362586 
664.000000	 0.359295 
662.000000	 0.356312 
660.000000	 0.353773 
658.000000	 0.352086 
656.000000	 0.350260 
654.000000	 0.348085 
652.000000	 0.345984 
650.000000	 0.343936 
648.000000	 0.341784 
646.000000	 0.339836 
644.000000	 0.337495 
642.000000	 0.335244 
640.000000	 0.332870 
638.000000	 0.330281 
636.000000	 0.328000 
634.000000	 0.325296 
632.000000	 0.321871 
630.000000	 0.317844 
628.000000	 0.313222 
626.000000	 0.309212 
624.000000	 0.304434 
622.000000	 0.298651 
620.000000	 0.293508 
618.000000	 0.288886 
616.000000	 0.284712 
614.000000	 0.280169 
612.000000	 0.275678 
610.000000	 0.271351 
608.000000	 0.266919 
606.000000	 0.263489 
604.000000	 0.260409 
602.000000	 0.256825 
600.000000	 0.253113 
598.000000	 0.249188 
596.000000	 0.245755 
594.000000	 0.241925 
592.000000	 0.238022 
590.000000	 0.234649 
588.000000	 0.230858 
586.000000	 0.226605 
584.000000	 0.223525 
582.000000	 0.221045 
580.000000	 0.217618 
578.000000	 0.213889 
576.000000	 0.210588 
574.000000	 0.207438 
572.000000	 0.204484 
570.000000	 0.202094 
568.000000	 0.199376 
566.000000	 0.197238 
564.000000	 0.196019 
562.000000	 0.194344 
560.000000	 0.192159 
558.000000	 0.190504 
556.000000	 0.188918 
554.000000	 0.187232 
552.000000	 0.186224 
550.000000	 0.185682 
548.000000	 0.184992 
546.000000	 0.184870 
544.000000	 0.185273 
542.000000	 0.184763 
540.000000	 0.184354 
538.000000	 0.185267 
536.000000	 0.186267 
534.000000	 0.186254 
532.000000	 0.186463 
530.000000	 0.186778 
528.000000	 0.187227 
526.000000	 0.188056 
524.000000	 0.188310 
522.000000	 0.189098 
520.000000	 0.190930 
518.000000	 0.192081 
516.000000	 0.193148 
514.000000	 0.194997 
512.000000	 0.197597 
510.000000	 0.200939 
508.000000	 0.205593 
506.000000	 0.211129 
504.000000	 0.216323 
502.000000	 0.223918 
500.000000	 0.232569 
498.000000	 0.241044 
496.000000	 0.251836 
494.000000	 0.263942 
492.000000	 0.277309 
490.000000	 0.292565 
488.000000	 0.306097 
486.000000	 0.320394 
484.000000	 0.338407 
482.000000	 0.355086 
480.000000	 0.369748 
478.000000	 0.383940 
476.000000	 0.397724 
474.000000	 0.409445 
472.000000	 0.421042 
470.000000	 0.433054 
468.000000	 0.442318 
466.000000	 0.450044 
464.000000	 0.456989 
462.000000	 0.461806 
460.000000	 0.464516 
458.000000	 0.468360 
456.000000	 0.472503 
454.000000	 0.474209 
452.000000	 0.473744 
450.000000	 0.471570 

