4400.000000	1.651209 
4398.000000	1.657176 
4396.000000	1.665262 
4394.000000	1.672281 
4392.000000	1.680661 
4390.000000	1.676267 
4388.000000	1.670663 
4386.000000	1.665573 
4384.000000	1.662521 
4382.000000	1.660086 
4380.000000	1.651552 
4378.000000	1.656776 
4376.000000	1.670232 
4374.000000	1.674688 
4372.000000	1.670518 
4370.000000	1.662755 
4368.000000	1.665751 
4366.000000	1.676129 
4364.000000	1.678774 
4362.000000	1.677191 
4360.000000	1.677713 
4358.000000	1.667124 
4356.000000	1.664425 
4354.000000	1.668858 
4352.000000	1.674057 
4350.000000	1.681008 
4348.000000	1.676822 
4346.000000	1.666937 
4344.000000	1.661124 
4342.000000	1.662793 
4340.000000	1.668829 
4338.000000	1.668269 
4336.000000	1.668573 
4334.000000	1.676620 
4332.000000	1.677373 
4330.000000	1.667856 
4328.000000	1.656551 
4326.000000	1.659954 
4324.000000	1.670998 
4322.000000	1.662769 
4320.000000	1.657514 
4318.000000	1.660588 
4316.000000	1.669627 
4314.000000	1.670372 
4312.000000	1.666010 
4310.000000	1.659396 
4308.000000	1.654504 
4306.000000	1.656068 
4304.000000	1.658848 
4302.000000	1.666658 
4300.000000	1.668385 
4298.000000	1.661504 
4296.000000	1.668250 
4294.000000	1.678537 
4292.000000	1.678680 
4290.000000	1.676232 
4288.000000	1.672067 
4286.000000	1.666274 
4284.000000	1.665037 
4282.000000	1.664932 
4280.000000	1.659859 
4278.000000	1.651482 
4276.000000	1.645658 
4274.000000	1.649750 
4272.000000	1.660105 
4270.000000	1.662845 
4268.000000	1.658749 
4266.000000	1.660063 
4264.000000	1.667509 
4262.000000	1.666451 
4260.000000	1.664329 
4258.000000	1.669646 
4256.000000	1.679180 
4254.000000	1.671085 
4252.000000	1.665152 
4250.000000	1.670227 
4248.000000	1.663269 
4246.000000	1.656448 
4244.000000	1.664300 
4242.000000	1.672296 
4240.000000	1.666898 
4238.000000	1.671056 
4236.000000	1.683144 
4234.000000	1.682471 
4232.000000	1.670915 
4230.000000	1.661148 
4228.000000	1.664860 
4226.000000	1.667023 
4224.000000	1.668052 
4222.000000	1.678730 
4220.000000	1.682103 
4218.000000	1.672778 
4216.000000	1.672793 
4214.000000	1.679125 
4212.000000	1.677290 
4210.000000	1.673168 
4208.000000	1.672130 
4206.000000	1.673983 
4204.000000	1.675776 
4202.000000	1.676041 
4200.000000	1.679774 
4198.000000	1.670964 
4196.000000	1.667423 
4194.000000	1.672422 
4192.000000	1.668988 
4190.000000	1.659892 
4188.000000	1.665075 
4186.000000	1.668144 
4184.000000	1.672091 
4182.000000	1.678039 
4180.000000	1.676090 
4178.000000	1.669501 
4176.000000	1.665679 
4174.000000	1.665224 
4172.000000	1.665569 
4170.000000	1.671702 
4168.000000	1.674815 
4166.000000	1.674159 
4164.000000	1.669578 
4162.000000	1.664750 
4160.000000	1.666687 
4158.000000	1.670343 
4156.000000	1.669869 
4154.000000	1.669380 
4152.000000	1.672101 
4150.000000	1.666610 
4148.000000	1.658424 
4146.000000	1.656255 
4144.000000	1.657021 
4142.000000	1.656063 
4140.000000	1.663169 
4138.000000	1.674683 
4136.000000	1.673651 
4134.000000	1.672340 
4132.000000	1.675717 
4130.000000	1.671722 
4128.000000	1.668887 
4126.000000	1.674683 
4124.000000	1.667956 
4122.000000	1.660030 
4120.000000	1.663012 
4118.000000	1.660280 
4116.000000	1.662445 
4114.000000	1.671615 
4112.000000	1.670552 
4110.000000	1.673431 
4108.000000	1.679902 
4106.000000	1.676527 
4104.000000	1.663493 
4102.000000	1.658697 
4100.000000	1.667418 
4098.000000	1.673710 
4096.000000	1.674590 
4094.000000	1.664510 
4092.000000	1.649427 
4090.000000	1.647898 
4088.000000	1.663450 
4086.000000	1.669540 
4084.000000	1.670319 
4082.000000	1.665549 
4080.000000	1.658419 
4078.000000	1.662493 
4076.000000	1.672880 
4074.000000	1.672905 
4072.000000	1.668655 
4070.000000	1.666865 
4068.000000	1.662907 
4066.000000	1.661466 
4064.000000	1.659462 
4062.000000	1.664190 
4060.000000	1.672106 
4058.000000	1.675236 
4056.000000	1.674066 
4054.000000	1.672286 
4052.000000	1.672490 
4050.000000	1.667668 
4048.000000	1.667999 
4046.000000	1.666970 
4044.000000	1.660011 
4042.000000	1.661077 
4040.000000	1.658768 
4038.000000	1.653809 
4036.000000	1.658499 
4034.000000	1.661589 
4032.000000	1.664520 
4030.000000	1.667688 
4028.000000	1.664539 
4026.000000	1.661452 
4024.000000	1.654191 
4022.000000	1.651649 
4020.000000	1.660205 
4018.000000	1.658485 
4016.000000	1.655084 
4014.000000	1.656218 
4012.000000	1.661509 
4010.000000	1.663069 
4008.000000	1.656058 
4006.000000	1.651951 
4004.000000	1.653907 
4002.000000	1.652849 
4000.000000	1.658631 
3998.000000	1.663097 
3996.000000	1.658004 
3994.000000	1.659642 
3992.000000	1.660323 
3990.000000	1.657406 
3988.000000	1.661010 
3986.000000	1.660773 
3984.000000	1.655960 
3982.000000	1.654112 
3980.000000	1.662088 
3978.000000	1.666331 
3976.000000	1.660195 
3974.000000	1.654033 
3972.000000	1.650264 
3970.000000	1.651858 
3968.000000	1.652858 
3966.000000	1.652253 
3964.000000	1.653142 
3962.000000	1.656631 
3960.000000	1.654696 
3958.000000	1.653431 
3956.000000	1.656974 
3954.000000	1.658725 
3952.000000	1.658782 
3950.000000	1.656326 
3948.000000	1.655444 
3946.000000	1.650241 
3944.000000	1.651817 
3942.000000	1.662531 
3940.000000	1.662369 
3938.000000	1.657830 
3936.000000	1.660219 
3934.000000	1.661138 
3932.000000	1.655932 
3930.000000	1.657571 
3928.000000	1.665099 
3926.000000	1.663412 
3924.000000	1.650690 
3922.000000	1.656842 
3920.000000	1.659471 
3918.000000	1.656786 
3916.000000	1.663436 
3914.000000	1.663179 
3912.000000	1.660475 
3910.000000	1.663417 
3908.000000	1.660309 
3906.000000	1.664028 
3904.000000	1.673900 
3902.000000	1.677644 
3900.000000	1.675481 
3898.000000	1.660650 
3896.000000	1.653692 
3894.000000	1.651770 
3892.000000	1.654668 
3890.000000	1.663484 
3888.000000	1.669443 
3886.000000	1.673412 
3884.000000	1.664735 
3882.000000	1.651005 
3880.000000	1.658037 
3878.000000	1.662355 
3876.000000	1.651974 
3874.000000	1.649760 
3872.000000	1.652221 
3870.000000	1.663474 
3868.000000	1.670969 
3866.000000	1.667707 
3864.000000	1.667615 
3862.000000	1.664984 
3860.000000	1.668182 
3858.000000	1.663050 
3856.000000	1.644889 
3854.000000	1.658820 
3852.000000	1.691641 
3850.000000	1.679115 
3848.000000	1.663393 
3846.000000	1.657307 
3844.000000	1.652988 
3842.000000	1.654855 
3840.000000	1.655847 
3838.000000	1.660830 
3836.000000	1.676355 
3834.000000	1.679511 
3832.000000	1.668602 
3830.000000	1.654958 
3828.000000	1.651487 
3826.000000	1.665401 
3824.000000	1.663870 
3822.000000	1.653012 
3820.000000	1.659571 
3818.000000	1.664209 
3816.000000	1.659888 
3814.000000	1.657383 
3812.000000	1.663980 
3810.000000	1.664577 
3808.000000	1.660603 
3806.000000	1.666466 
3804.000000	1.663541 
3802.000000	1.662788 
3800.000000	1.678147 
3798.000000	1.679689 
3796.000000	1.676901 
3794.000000	1.671785 
3792.000000	1.664080 
3790.000000	1.661333 
3788.000000	1.658291 
3786.000000	1.659632 
3784.000000	1.662988 
3782.000000	1.664750 
3780.000000	1.664348 
3778.000000	1.663145 
3776.000000	1.664372 
3774.000000	1.663531 
3772.000000	1.662269 
3770.000000	1.670823 
3768.000000	1.676424 
3766.000000	1.673090 
3764.000000	1.672641 
3762.000000	1.673173 
3760.000000	1.666509 
3758.000000	1.663722 
3756.000000	1.667533 
3754.000000	1.669438 
3752.000000	1.674257 
3750.000000	1.690380 
3748.000000	1.691534 
3746.000000	1.671042 
3744.000000	1.688345 
3742.000000	1.702661 
3740.000000	1.681421 
3738.000000	1.663517 
3736.000000	1.671202 
3734.000000	1.680765 
3732.000000	1.685261 
3730.000000	1.686245 
3728.000000	1.679462 
3726.000000	1.672719 
3724.000000	1.674032 
3722.000000	1.677748 
3720.000000	1.674683 
3718.000000	1.668390 
3716.000000	1.665976 
3714.000000	1.668496 
3712.000000	1.679996 
3710.000000	1.695737 
3708.000000	1.699566 
3706.000000	1.694239 
3704.000000	1.685742 
3702.000000	1.689975 
3700.000000	1.689463 
3698.000000	1.683074 
3696.000000	1.680755 
3694.000000	1.680101 
3692.000000	1.684689 
3690.000000	1.690441 
3688.000000	1.703549 
3686.000000	1.708907 
3684.000000	1.699908 
3682.000000	1.697209 
3680.000000	1.698623 
3678.000000	1.698427 
3676.000000	1.705957 
3674.000000	1.717572 
3672.000000	1.713945 
3670.000000	1.711882 
3668.000000	1.715018 
3666.000000	1.703068 
3664.000000	1.699960 
3662.000000	1.709156 
3660.000000	1.714358 
3658.000000	1.708082 
3656.000000	1.707459 
3654.000000	1.716757 
3652.000000	1.712549 
3650.000000	1.707754 
3648.000000	1.720145 
3646.000000	1.726490 
3644.000000	1.713041 
3642.000000	1.705442 
3640.000000	1.704125 
3638.000000	1.700796 
3636.000000	1.703696 
3634.000000	1.706331 
3632.000000	1.701941 
3630.000000	1.708876 
3628.000000	1.735067 
3626.000000	1.736735 
3624.000000	1.719700 
3622.000000	1.703032 
3620.000000	1.698892 
3618.000000	1.702520 
3616.000000	1.704576 
3614.000000	1.710658 
3612.000000	1.713266 
3610.000000	1.709436 
3608.000000	1.709183 
3606.000000	1.709151 
3604.000000	1.705358 
3602.000000	1.711461 
3600.000000	1.713330 
3598.000000	1.703716 
3596.000000	1.704838 
3594.000000	1.704041 
3592.000000	1.699250 
3590.000000	1.704235 
3588.000000	1.708404 
3586.000000	1.714653 
3584.000000	1.710705 
3582.000000	1.703350 
3580.000000	1.704203 
3578.000000	1.701878 
3576.000000	1.695988 
3574.000000	1.694290 
3572.000000	1.692976 
3570.000000	1.690675 
3568.000000	1.700090 
3566.000000	1.720053 
3564.000000	1.723451 
3562.000000	1.711073 
3560.000000	1.702614 
3558.000000	1.698132 
3556.000000	1.696415 
3554.000000	1.697482 
3552.000000	1.693349 
3550.000000	1.693415 
3548.000000	1.698422 
3546.000000	1.702838 
3544.000000	1.705121 
3542.000000	1.698292 
3540.000000	1.698830 
3538.000000	1.703021 
3536.000000	1.698546 
3534.000000	1.685426 
3532.000000	1.680220 
3530.000000	1.686919 
3528.000000	1.687932 
3526.000000	1.686667 
3524.000000	1.687171 
3522.000000	1.691066 
3520.000000	1.694403 
3518.000000	1.690913 
3516.000000	1.689367 
3514.000000	1.693768 
3512.000000	1.696292 
3510.000000	1.687564 
3508.000000	1.681088 
3506.000000	1.687771 
3504.000000	1.689134 
3502.000000	1.689068 
3500.000000	1.689285 
3498.000000	1.687256 
3496.000000	1.685622 
3494.000000	1.686572 
3492.000000	1.696513 
3490.000000	1.698411 
3488.000000	1.690766 
3486.000000	1.686230 
3484.000000	1.683394 
3482.000000	1.685301 
3480.000000	1.684905 
3478.000000	1.684219 
3476.000000	1.680725 
3474.000000	1.672924 
3472.000000	1.678508 
3470.000000	1.685979 
3468.000000	1.684444 
3466.000000	1.685682 
3464.000000	1.691569 
3462.000000	1.692318 
3460.000000	1.688896 
3458.000000	1.691417 
3456.000000	1.697384 
3454.000000	1.697606 
3452.000000	1.694900 
3450.000000	1.694562 
3448.000000	1.692956 
3446.000000	1.686607 
3444.000000	1.684364 
3442.000000	1.688891 
3440.000000	1.688028 
3438.000000	1.688289 
3436.000000	1.687372 
3434.000000	1.684329 
3432.000000	1.691630 
3430.000000	1.700141 
3428.000000	1.694341 
3426.000000	1.683589 
3424.000000	1.682621 
3422.000000	1.683129 
3420.000000	1.680507 
3418.000000	1.680403 
3416.000000	1.685537 
3414.000000	1.691819 
3412.000000	1.691010 
3410.000000	1.683354 
3408.000000	1.674555 
3406.000000	1.677516 
3404.000000	1.689017 
3402.000000	1.685316 
3400.000000	1.675869 
3398.000000	1.684124 
3396.000000	1.685918 
3394.000000	1.674277 
3392.000000	1.675555 
3390.000000	1.683269 
3388.000000	1.683274 
3386.000000	1.679462 
3384.000000	1.678246 
3382.000000	1.671328 
3380.000000	1.663150 
3378.000000	1.667784 
3376.000000	1.675359 
3374.000000	1.677393 
3372.000000	1.678804 
3370.000000	1.675359 
3368.000000	1.670314 
3366.000000	1.672456 
3364.000000	1.677428 
3362.000000	1.681078 
3360.000000	1.680884 
3358.000000	1.677945 
3356.000000	1.673939 
3354.000000	1.675535 
3352.000000	1.679991 
3350.000000	1.676124 
3348.000000	1.671916 
3346.000000	1.676227 
3344.000000	1.674908 
3342.000000	1.671989 
3340.000000	1.680071 
3338.000000	1.684169 
3336.000000	1.676429 
3334.000000	1.667898 
3332.000000	1.663684 
3330.000000	1.660285 
3328.000000	1.663355 
3326.000000	1.669965 
3324.000000	1.673148 
3322.000000	1.671406 
3320.000000	1.662969 
3318.000000	1.661936 
3316.000000	1.668684 
3314.000000	1.664109 
3312.000000	1.659136 
3310.000000	1.659902 
3308.000000	1.663360 
3306.000000	1.663512 
3304.000000	1.664410 
3302.000000	1.664697 
3300.000000	1.660678 
3298.000000	1.661499 
3296.000000	1.666000 
3294.000000	1.664798 
3292.000000	1.660475 
3290.000000	1.661309 
3288.000000	1.664999 
3286.000000	1.658551 
3284.000000	1.655557 
3282.000000	1.661580 
3280.000000	1.663212 
3278.000000	1.660394 
3276.000000	1.661718 
3274.000000	1.654434 
3272.000000	1.649991 
3270.000000	1.654089 
3268.000000	1.656875 
3266.000000	1.655791 
3264.000000	1.652844 
3262.000000	1.651747 
3260.000000	1.654509 
3258.000000	1.661039 
3256.000000	1.662079 
3254.000000	1.658711 
3252.000000	1.653972 
3250.000000	1.650014 
3248.000000	1.647921 
3246.000000	1.653366 
3244.000000	1.656513 
3242.000000	1.652849 
3240.000000	1.649510 
3238.000000	1.648354 
3236.000000	1.643311 
3234.000000	1.635969 
3232.000000	1.639638 
3230.000000	1.642406 
3228.000000	1.642247 
3226.000000	1.648543 
3224.000000	1.653967 
3222.000000	1.657882 
3220.000000	1.657618 
3218.000000	1.651343 
3216.000000	1.651589 
3214.000000	1.654201 
3212.000000	1.652937 
3210.000000	1.651473 
3208.000000	1.651501 
3206.000000	1.654719 
3204.000000	1.652421 
3202.000000	1.647378 
3200.000000	1.644487 
3198.000000	1.647001 
3196.000000	1.649843 
3194.000000	1.650444 
3192.000000	1.647829 
3190.000000	1.646878 
3188.000000	1.652472 
3186.000000	1.654682 
3184.000000	1.654845 
3182.000000	1.650620 
3180.000000	1.644118 
3178.000000	1.646937 
3176.000000	1.655051 
3174.000000	1.651246 
3172.000000	1.639002 
3170.000000	1.636946 
3168.000000	1.645736 
3166.000000	1.652146 
3164.000000	1.648988 
3162.000000	1.643748 
3160.000000	1.643115 
3158.000000	1.641852 
3156.000000	1.642683 
3154.000000	1.649986 
3152.000000	1.656570 
3150.000000	1.653380 
3148.000000	1.642033 
3146.000000	1.634208 
3144.000000	1.640366 
3142.000000	1.646038 
3140.000000	1.642956 
3138.000000	1.639972 
3136.000000	1.642628 
3134.000000	1.645324 
3132.000000	1.646533 
3130.000000	1.649778 
3128.000000	1.647535 
3126.000000	1.641212 
3124.000000	1.638357 
3122.000000	1.638632 
3120.000000	1.639254 
3118.000000	1.646176 
3116.000000	1.651529 
3114.000000	1.644944 
3112.000000	1.641629 
3110.000000	1.643493 
3108.000000	1.643908 
3106.000000	1.643015 
3104.000000	1.641253 
3102.000000	1.641344 
3100.000000	1.641117 
3098.000000	1.637917 
3096.000000	1.637494 
3094.000000	1.642637 
3092.000000	1.641634 
3090.000000	1.638623 
3088.000000	1.634994 
3086.000000	1.631696 
3084.000000	1.633839 
3082.000000	1.641779 
3080.000000	1.647282 
3078.000000	1.646432 
3076.000000	1.645264 
3074.000000	1.642101 
3072.000000	1.638371 
3070.000000	1.637777 
3068.000000	1.638844 
3066.000000	1.642424 
3064.000000	1.642397 
3062.000000	1.637332 
3060.000000	1.637678 
3058.000000	1.640338 
3056.000000	1.638547 
3054.000000	1.642120 
3052.000000	1.642769 
3050.000000	1.631621 
3048.000000	1.627511 
3046.000000	1.633344 
3044.000000	1.635405 
3042.000000	1.640126 
3040.000000	1.644191 
3038.000000	1.642860 
3036.000000	1.640008 
3034.000000	1.641031 
3032.000000	1.644287 
3030.000000	1.643106 
3028.000000	1.638403 
3026.000000	1.638466 
3024.000000	1.641117 
3022.000000	1.640262 
3020.000000	1.641902 
3018.000000	1.644533 
3016.000000	1.644099 
3014.000000	1.644862 
3012.000000	1.645878 
3010.000000	1.637611 
3008.000000	1.634222 
3006.000000	1.641924 
3004.000000	1.641675 
3002.000000	1.638074 
3000.000000	1.637588 
2998.000000	1.640755 
2996.000000	1.648041 
2994.000000	1.646492 
2992.000000	1.644912 
2990.000000	1.646864 
2988.000000	1.646332 
2986.000000	1.647466 
2984.000000	1.649981 
2982.000000	1.645333 
2980.000000	1.640750 
2978.000000	1.639047 
2976.000000	1.635857 
2974.000000	1.634240 
2972.000000	1.639286 
2970.000000	1.643753 
2968.000000	1.644862 
2966.000000	1.647337 
2964.000000	1.642797 
2962.000000	1.635602 
2960.000000	1.638371 
2958.000000	1.639494 
2956.000000	1.643197 
2954.000000	1.650708 
2952.000000	1.651886 
2950.000000	1.645059 
2948.000000	1.639290 
2946.000000	1.640723 
2944.000000	1.643252 
2942.000000	1.643648 
2940.000000	1.640795 
2938.000000	1.638213 
2936.000000	1.637602 
2934.000000	1.647631 
2932.000000	1.656692 
2930.000000	1.656960 
2928.000000	1.654682 
2926.000000	1.654672 
2924.000000	1.660735 
2922.000000	1.660034 
2920.000000	1.661599 
2918.000000	1.659987 
2916.000000	1.653170 
2914.000000	1.650194 
2912.000000	1.647300 
2910.000000	1.643174 
2908.000000	1.639498 
2906.000000	1.640424 
2904.000000	1.640977 
2902.000000	1.639087 
2900.000000	1.638308 
2898.000000	1.634824 
2896.000000	1.631160 
2894.000000	1.631891 
2892.000000	1.633460 
2890.000000	1.633932 
2888.000000	1.633171 
2886.000000	1.632962 
2884.000000	1.630908 
2882.000000	1.630527 
2880.000000	1.634293 
2878.000000	1.632317 
2876.000000	1.632873 
2874.000000	1.636601 
2872.000000	1.635441 
2870.000000	1.630501 
2868.000000	1.629002 
2866.000000	1.633709 
2864.000000	1.638812 
2862.000000	1.640180 
2860.000000	1.636825 
2858.000000	1.629134 
2856.000000	1.629403 
2854.000000	1.634360 
2852.000000	1.633776 
2850.000000	1.635021 
2848.000000	1.639250 
2846.000000	1.637004 
2844.000000	1.635768 
2842.000000	1.632828 
2840.000000	1.627471 
2838.000000	1.625150 
2836.000000	1.621034 
2834.000000	1.619768 
2832.000000	1.619092 
2830.000000	1.621108 
2828.000000	1.621870 
2826.000000	1.620986 
2824.000000	1.623107 
2822.000000	1.621307 
2820.000000	1.616794 
2818.000000	1.613762 
2816.000000	1.616759 
2814.000000	1.618214 
2812.000000	1.616995 
2810.000000	1.618661 
2808.000000	1.618313 
2806.000000	1.614243 
2804.000000	1.615361 
2802.000000	1.619729 
2800.000000	1.616438 
2798.000000	1.612433 
2796.000000	1.615587 
2794.000000	1.617995 
2792.000000	1.615327 
2790.000000	1.612142 
2788.000000	1.612794 
2786.000000	1.615839 
2784.000000	1.618420 
2782.000000	1.618321 
2780.000000	1.616815 
2778.000000	1.616027 
2776.000000	1.618162 
2774.000000	1.617355 
2772.000000	1.609990 
2770.000000	1.607945 
2768.000000	1.612760 
2766.000000	1.616284 
2764.000000	1.612573 
2762.000000	1.611257 
2760.000000	1.614887 
2758.000000	1.617892 
2756.000000	1.617600 
2754.000000	1.616601 
2752.000000	1.617184 
2750.000000	1.618820 
2748.000000	1.618932 
2746.000000	1.614904 
2744.000000	1.611228 
2742.000000	1.611228 
2740.000000	1.616323 
2738.000000	1.616669 
2736.000000	1.610226 
2734.000000	1.608533 
2732.000000	1.610336 
2730.000000	1.609535 
2728.000000	1.607358 
2726.000000	1.611901 
2724.000000	1.612214 
2722.000000	1.610564 
2720.000000	1.612070 
2718.000000	1.615596 
2716.000000	1.613333 
2714.000000	1.612253 
2712.000000	1.610953 
2710.000000	1.605255 
2708.000000	1.610695 
2706.000000	1.619591 
2704.000000	1.615092 
2702.000000	1.611740 
2700.000000	1.615301 
2698.000000	1.610999 
2696.000000	1.606629 
2694.000000	1.613388 
2692.000000	1.617935 
2690.000000	1.614717 
2688.000000	1.611884 
2686.000000	1.610649 
2684.000000	1.607438 
2682.000000	1.603556 
2680.000000	1.602908 
2678.000000	1.601454 
2676.000000	1.601951 
2674.000000	1.602754 
2672.000000	1.604421 
2670.000000	1.607861 
2668.000000	1.611342 
2666.000000	1.611224 
2664.000000	1.606274 
2662.000000	1.601342 
2660.000000	1.602133 
2658.000000	1.602742 
2656.000000	1.600157 
2654.000000	1.599408 
2652.000000	1.599708 
2650.000000	1.599836 
2648.000000	1.598746 
2646.000000	1.600376 
2644.000000	1.603385 
2642.000000	1.601913 
2640.000000	1.597978 
2638.000000	1.599840 
2636.000000	1.602274 
2634.000000	1.599523 
2632.000000	1.600904 
2630.000000	1.604783 
2628.000000	1.604658 
2626.000000	1.600215 
2624.000000	1.604230 
2622.000000	1.608395 
2620.000000	1.600933 
2618.000000	1.595952 
2616.000000	1.595825 
2614.000000	1.595976 
2612.000000	1.597064 
2610.000000	1.600574 
2608.000000	1.603286 
2606.000000	1.604942 
2604.000000	1.602414 
2602.000000	1.600937 
2600.000000	1.601897 
2598.000000	1.600776 
2596.000000	1.600991 
2594.000000	1.603938 
2592.000000	1.600104 
2590.000000	1.593645 
2588.000000	1.596082 
2586.000000	1.603843 
2584.000000	1.605284 
2582.000000	1.599589 
2580.000000	1.599173 
2578.000000	1.603315 
2576.000000	1.601053 
2574.000000	1.600880 
2572.000000	1.602979 
2570.000000	1.600116 
2568.000000	1.595321 
2566.000000	1.592027 
2564.000000	1.593815 
2562.000000	1.594161 
2560.000000	1.592476 
2558.000000	1.596929 
2556.000000	1.595130 
2554.000000	1.592181 
2552.000000	1.596790 
2550.000000	1.598388 
2548.000000	1.601442 
2546.000000	1.599885 
2544.000000	1.595289 
2542.000000	1.590403 
2540.000000	1.589928 
2538.000000	1.588577 
2536.000000	1.589195 
2534.000000	1.593506 
2532.000000	1.594869 
2530.000000	1.595744 
2528.000000	1.593401 
2526.000000	1.590391 
2524.000000	1.589738 
2522.000000	1.588789 
2520.000000	1.590996 
2518.000000	1.595662 
2516.000000	1.597289 
2514.000000	1.596671 
2512.000000	1.588541 
2510.000000	1.581761 
2508.000000	1.585604 
2506.000000	1.588464 
2504.000000	1.588368 
2502.000000	1.585437 
2500.000000	1.580707 
2498.000000	1.580743 
2496.000000	1.585377 
2494.000000	1.585991 
2492.000000	1.585883 
2490.000000	1.587282 
2488.000000	1.587927 
2486.000000	1.588862 
2484.000000	1.587678 
2482.000000	1.589151 
2480.000000	1.590839 
2478.000000	1.587486 
2476.000000	1.585468 
2474.000000	1.590169 
2472.000000	1.591922 
2470.000000	1.589517 
2468.000000	1.586766 
2466.000000	1.583579 
2464.000000	1.584493 
2462.000000	1.583008 
2460.000000	1.580455 
2458.000000	1.585417 
2456.000000	1.584545 
2454.000000	1.577763 
2452.000000	1.575279 
2450.000000	1.578146 
2448.000000	1.578984 
2446.000000	1.578350 
2444.000000	1.581829 
2442.000000	1.581955 
2440.000000	1.576390 
2438.000000	1.577281 
2436.000000	1.583036 
2434.000000	1.583230 
2432.000000	1.579566 
2430.000000	1.575809 
2428.000000	1.574462 
2426.000000	1.575723 
2424.000000	1.577074 
2422.000000	1.576609 
2420.000000	1.577888 
2418.000000	1.579743 
2416.000000	1.577003 
2414.000000	1.577504 
2412.000000	1.576855 
2410.000000	1.575283 
2408.000000	1.576035 
2406.000000	1.574151 
2404.000000	1.572713 
2402.000000	1.573849 
2400.000000	1.575151 
2398.000000	1.574377 
2396.000000	1.572021 
2394.000000	1.570435 
2392.000000	1.570994 
2390.000000	1.570508 
2388.000000	1.568204 
2386.000000	1.567561 
2384.000000	1.563446 
2382.000000	1.558928 
2380.000000	1.555235 
2378.000000	1.552367 
2376.000000	1.547968 
2374.000000	1.541593 
2372.000000	1.531594 
2370.000000	1.528856 
2368.000000	1.533741 
2366.000000	1.538280 
2364.000000	1.547707 
2362.000000	1.543460 
2360.000000	1.528993 
2358.000000	1.534801 
2356.000000	1.549239 
2354.000000	1.559675 
2352.000000	1.569604 
2350.000000	1.566007 
2348.000000	1.545698 
2346.000000	1.530588 
2344.000000	1.532803 
2342.000000	1.541125 
2340.000000	1.543529 
2338.000000	1.541698 
2336.000000	1.546212 
2334.000000	1.546485 
2332.000000	1.550697 
2330.000000	1.561852 
2328.000000	1.566514 
2326.000000	1.562339 
2324.000000	1.560946 
2322.000000	1.561501 
2320.000000	1.563023 
2318.000000	1.565420 
2316.000000	1.565169 
2314.000000	1.567557 
2312.000000	1.568652 
2310.000000	1.570120 
2308.000000	1.574423 
2306.000000	1.575338 
2304.000000	1.578699 
2302.000000	1.584139 
2300.000000	1.583925 
2298.000000	1.583929 
2296.000000	1.591089 
2294.000000	1.593949 
2292.000000	1.595199 
2290.000000	1.596577 
2288.000000	1.595154 
2286.000000	1.601107 
2284.000000	1.606759 
2282.000000	1.607526 
2280.000000	1.613541 
2278.000000	1.616438 
2276.000000	1.617578 
2274.000000	1.623137 
2272.000000	1.628707 
2270.000000	1.635759 
2268.000000	1.642947 
2266.000000	1.651274 
2264.000000	1.658315 
2262.000000	1.664286 
2260.000000	1.668057 
2258.000000	1.668076 
2256.000000	1.670663 
2254.000000	1.679744 
2252.000000	1.680170 
2250.000000	1.674497 
2248.000000	1.674942 
2246.000000	1.678493 
2244.000000	1.682292 
2242.000000	1.681784 
2240.000000	1.680418 
2238.000000	1.676797 
2236.000000	1.671484 
2234.000000	1.669095 
2232.000000	1.670780 
2230.000000	1.670557 
2228.000000	1.670692 
2226.000000	1.668467 
2224.000000	1.666149 
2222.000000	1.666408 
2220.000000	1.667495 
2218.000000	1.672812 
2216.000000	1.677832 
2214.000000	1.680969 
2212.000000	1.683844 
2210.000000	1.686818 
2208.000000	1.689807 
2206.000000	1.694347 
2204.000000	1.701254 
2202.000000	1.709183 
2200.000000	1.712710 
2198.000000	1.713148 
2196.000000	1.716746 
2194.000000	1.720706 
2192.000000	1.720689 
2190.000000	1.714042 
2188.000000	1.709383 
2186.000000	1.707279 
2184.000000	1.703329 
2182.000000	1.697389 
2180.000000	1.697760 
2178.000000	1.700962 
2176.000000	1.697807 
2174.000000	1.689103 
2172.000000	1.688078 
2170.000000	1.691585 
2168.000000	1.689139 
2166.000000	1.689579 
2164.000000	1.695644 
2162.000000	1.699949 
2160.000000	1.698949 
2158.000000	1.701826 
2156.000000	1.709500 
2154.000000	1.715862 
2152.000000	1.730863 
2150.000000	1.755272 
2148.000000	1.776339 
2146.000000	1.784664 
2144.000000	1.789526 
2142.000000	1.796765 
2140.000000	1.793066 
2138.000000	1.791315 
2136.000000	1.795386 
2134.000000	1.786971 
2132.000000	1.782519 
2130.000000	1.786211 
2128.000000	1.797615 
2126.000000	1.807109 
2124.000000	1.819134 
2122.000000	1.835349 
2120.000000	1.852648 
2118.000000	1.878632 
2116.000000	1.895940 
2114.000000	1.904283 
2112.000000	1.905047 
2110.000000	1.892580 
2108.000000	1.877280 
2106.000000	1.866740 
2104.000000	1.858558 
2102.000000	1.844016 
2100.000000	1.821840 
2098.000000	1.802974 
2096.000000	1.795380 
2094.000000	1.808346 
2092.000000	1.833008 
2090.000000	1.847588 
2088.000000	1.849899 
2086.000000	1.839772 
2084.000000	1.826523 
2082.000000	1.814219 
2080.000000	1.806943 
2078.000000	1.791712 
2076.000000	1.767486 
2074.000000	1.746666 
2072.000000	1.722554 
2070.000000	1.692344 
2068.000000	1.661115 
2066.000000	1.632016 
2064.000000	1.604438 
2062.000000	1.585923 
2060.000000	1.578644 
2058.000000	1.569954 
2056.000000	1.557057 
2054.000000	1.548323 
2052.000000	1.541579 
2050.000000	1.535955 
2048.000000	1.531749 
2046.000000	1.529546 
2044.000000	1.529143 
2042.000000	1.530398 
2040.000000	1.530072 
2038.000000	1.526462 
2036.000000	1.524006 
2034.000000	1.523314 
2032.000000	1.521983 
2030.000000	1.520202 
2028.000000	1.516945 
2026.000000	1.514186 
2024.000000	1.512980 
2022.000000	1.513753 
2020.000000	1.516009 
2018.000000	1.515877 
2016.000000	1.515442 
2014.000000	1.513314 
2012.000000	1.509516 
2010.000000	1.510984 
2008.000000	1.511434 
2006.000000	1.509884 
2004.000000	1.509532 
2002.000000	1.510491 
2000.000000	1.510960 
1998.000000	1.510038 
1996.000000	1.509844 
1994.000000	1.508840 
1992.000000	1.509619 
1990.000000	1.513932 
1988.000000	1.515429 
1986.000000	1.510554 
1984.000000	1.507266 
1982.000000	1.507522 
1980.000000	1.504987 
1978.000000	1.503146 
1976.000000	1.504993 
1974.000000	1.506727 
1972.000000	1.504424 
1970.000000	1.498917 
1968.000000	1.497496 
1966.000000	1.500192 
1964.000000	1.497616 
1962.000000	1.493591 
1960.000000	1.490138 
1958.000000	1.492805 
1956.000000	1.494066 
1954.000000	1.492158 
1952.000000	1.492744 
1950.000000	1.491189 
1948.000000	1.489074 
1946.000000	1.488111 
1944.000000	1.488876 
1942.000000	1.494356 
1940.000000	1.496358 
1938.000000	1.491173 
1936.000000	1.488984 
1934.000000	1.487124 
1932.000000	1.485339 
1930.000000	1.486033 
1928.000000	1.486893 
1926.000000	1.485602 
1924.000000	1.484400 
1922.000000	1.486312 
1920.000000	1.486258 
1918.000000	1.489962 
1916.000000	1.492149 
1914.000000	1.487156 
1912.000000	1.484088 
1910.000000	1.484277 
1908.000000	1.487866 
1906.000000	1.485187 
1904.000000	1.479414 
1902.000000	1.479031 
1900.000000	1.480502 
1898.000000	1.479062 
1896.000000	1.477525 
1894.000000	1.477774 
1892.000000	1.475816 
1890.000000	1.474762 
1888.000000	1.479065 
1886.000000	1.478509 
1884.000000	1.475442 
1882.000000	1.473094 
1880.000000	1.471491 
1878.000000	1.471123 
1876.000000	1.471095 
1874.000000	1.470700 
1872.000000	1.468457 
1870.000000	1.472384 
1868.000000	1.485086 
1866.000000	1.479264 
1864.000000	1.467320 
1862.000000	1.465242 
1860.000000	1.468542 
1858.000000	1.469204 
1856.000000	1.469445 
1854.000000	1.468275 
1852.000000	1.463704 
1850.000000	1.465137 
1848.000000	1.470685 
1846.000000	1.471270 
1844.000000	1.481232 
1842.000000	1.481938 
1840.000000	1.463559 
1838.000000	1.459318 
1836.000000	1.464810 
1834.000000	1.463463 
1832.000000	1.456573 
1830.000000	1.462120 
1828.000000	1.467457 
1826.000000	1.460976 
1824.000000	1.462387 
1822.000000	1.459595 
1820.000000	1.453512 
1818.000000	1.452871 
1816.000000	1.454466 
1814.000000	1.451522 
1812.000000	1.450785 
1810.000000	1.455582 
1808.000000	1.454714 
1806.000000	1.449402 
1804.000000	1.446550 
1802.000000	1.447445 
1800.000000	1.452516 
1798.000000	1.450612 
1796.000000	1.444935 
1794.000000	1.441205 
1792.000000	1.452501 
1790.000000	1.457887 
1788.000000	1.445581 
1786.000000	1.437427 
1784.000000	1.436094 
1782.000000	1.433815 
1780.000000	1.438049 
1778.000000	1.440662 
1776.000000	1.435019 
1774.000000	1.432000 
1772.000000	1.442964 
1770.000000	1.443185 
1768.000000	1.437170 
1766.000000	1.434284 
1764.000000	1.423202 
1762.000000	1.428379 
1760.000000	1.435127 
1758.000000	1.426841 
1756.000000	1.427625 
1754.000000	1.422635 
1752.000000	1.416733 
1750.000000	1.427060 
1748.000000	1.434701 
1746.000000	1.431035 
1744.000000	1.422961 
1742.000000	1.419686 
1740.000000	1.421560 
1738.000000	1.424953 
1736.000000	1.405909 
1734.000000	1.426863 
1732.000000	1.448659 
1730.000000	1.429135 
1728.000000	1.419518 
1726.000000	1.415061 
1724.000000	1.414069 
1722.000000	1.411426 
1720.000000	1.406086 
1718.000000	1.420970 
1716.000000	1.438659 
1714.000000	1.431608 
1712.000000	1.417856 
1710.000000	1.407052 
1708.000000	1.403430 
1706.000000	1.408211 
1704.000000	1.408457 
1702.000000	1.393834 
1700.000000	1.423282 
1698.000000	1.429104 
1696.000000	1.418521 
1694.000000	1.420454 
1692.000000	1.400343 
1690.000000	1.392738 
1688.000000	1.388443 
1686.000000	1.377566 
1684.000000	1.408855 
1682.000000	1.420653 
1680.000000	1.393352 
1678.000000	1.377685 
1676.000000	1.375969 
1674.000000	1.390947 
1672.000000	1.383154 
1670.000000	1.384685 
1668.000000	1.393030 
1666.000000	1.376521 
1664.000000	1.366251 
1662.000000	1.377475 
1660.000000	1.373550 
1658.000000	1.360213 
1656.000000	1.346649 
1654.000000	1.356360 
1652.000000	1.407877 
1650.000000	1.386254 
1648.000000	1.362752 
1646.000000	1.373790 
1644.000000	1.370901 
1642.000000	1.357212 
1640.000000	1.349792 
1638.000000	1.344051 
1636.000000	1.359871 
1634.000000	1.375536 
1632.000000	1.356155 
1630.000000	1.343074 
1628.000000	1.347312 
1626.000000	1.346061 
1624.000000	1.344175 
1622.000000	1.353381 
1620.000000	1.344163 
1618.000000	1.336181 
1616.000000	1.352382 
1614.000000	1.348501 
1612.000000	1.333868 
1610.000000	1.330739 
1608.000000	1.331123 
1606.000000	1.331432 
1604.000000	1.329148 
1602.000000	1.326182 
1600.000000	1.324409 
1598.000000	1.320918 
1596.000000	1.318275 
1594.000000	1.320333 
1592.000000	1.319150 
1590.000000	1.314540 
1588.000000	1.311848 
1586.000000	1.309500 
1584.000000	1.309914 
1582.000000	1.310680 
1580.000000	1.306701 
1578.000000	1.300511 
1576.000000	1.316538 
1574.000000	1.320883 
1572.000000	1.302634 
1570.000000	1.306320 
1568.000000	1.316171 
1566.000000	1.305576 
1564.000000	1.302463 
1562.000000	1.292121 
1560.000000	1.297804 
1558.000000	1.346169 
1556.000000	1.329661 
1554.000000	1.310449 
1552.000000	1.301639 
1550.000000	1.295841 
1548.000000	1.291278 
1546.000000	1.285964 
1544.000000	1.294565 
1542.000000	1.308176 
1540.000000	1.329738 
1538.000000	1.321725 
1536.000000	1.288449 
1534.000000	1.281679 
1532.000000	1.292121 
1530.000000	1.281909 
1528.000000	1.276110 
1526.000000	1.281412 
1524.000000	1.280585 
1522.000000	1.283087 
1520.000000	1.291635 
1518.000000	1.282063 
1516.000000	1.284385 
1514.000000	1.276343 
1512.000000	1.265532 
1510.000000	1.261929 
1508.000000	1.269679 
1506.000000	1.296204 
1504.000000	1.282055 
1502.000000	1.258020 
1500.000000	1.250319 
1498.000000	1.256225 
1496.000000	1.265703 
1494.000000	1.259468 
1492.000000	1.250516 
1490.000000	1.261602 
1488.000000	1.268213 
1486.000000	1.258626 
1484.000000	1.247511 
1482.000000	1.242750 
1480.000000	1.241692 
1478.000000	1.239787 
1476.000000	1.242222 
1474.000000	1.246139 
1472.000000	1.259783 
1470.000000	1.254326 
1468.000000	1.237180 
1466.000000	1.233459 
1464.000000	1.242548 
1462.000000	1.236293 
1460.000000	1.227382 
1458.000000	1.241102 
1456.000000	1.260978 
1454.000000	1.244414 
1452.000000	1.226237 
1450.000000	1.221884 
1448.000000	1.224371 
1446.000000	1.224466 
1444.000000	1.217950 
1442.000000	1.214228 
1440.000000	1.209358 
1438.000000	1.207251 
1436.000000	1.217965 
1434.000000	1.212579 
1432.000000	1.201965 
1430.000000	1.201214 
1428.000000	1.199524 
1426.000000	1.192939 
1424.000000	1.191313 
1422.000000	1.187316 
1420.000000	1.188050 
1418.000000	1.198524 
1416.000000	1.187363 
1414.000000	1.175235 
1412.000000	1.174452 
1410.000000	1.174689 
1408.000000	1.171119 
1406.000000	1.168770 
1404.000000	1.169993 
1402.000000	1.166491 
1400.000000	1.163933 
1398.000000	1.166270 
1396.000000	1.165253 
1394.000000	1.162858 
1392.000000	1.154512 
1390.000000	1.146623 
1388.000000	1.148074 
1386.000000	1.151132 
1384.000000	1.147548 
1382.000000	1.142570 
1380.000000	1.136921 
1378.000000	1.133574 
1376.000000	1.133615 
1374.000000	1.134861 
1372.000000	1.129397 
1370.000000	1.123378 
1368.000000	1.122066 
1366.000000	1.117386 
1364.000000	1.115159 
1362.000000	1.120246 
1360.000000	1.115570 
1358.000000	1.107817 
1356.000000	1.104685 
1354.000000	1.103577 
1352.000000	1.098885 
1350.000000	1.095393 
1348.000000	1.094309 
1346.000000	1.090547 
1344.000000	1.087229 
1342.000000	1.086236 
1340.000000	1.086205 
1338.000000	1.085131 
1336.000000	1.081475 
1334.000000	1.077152 
1332.000000	1.073772 
1330.000000	1.072217 
1328.000000	1.069951 
1326.000000	1.066237 
1324.000000	1.063567 
1322.000000	1.061644 
1320.000000	1.061345 
1318.000000	1.061450 
1316.000000	1.058431 
1314.000000	1.053919 
1312.000000	1.051926 
1310.000000	1.049412 
1308.000000	1.047033 
1306.000000	1.045630 
1304.000000	1.043675 
1302.000000	1.039868 
1300.000000	1.036808 
1298.000000	1.035078 
1296.000000	1.032989 
1294.000000	1.030343 
1292.000000	1.028302 
1290.000000	1.025918 
1288.000000	1.023644 
1286.000000	1.021063 
1284.000000	1.018146 
1282.000000	1.015722 
1280.000000	1.013197 
1278.000000	1.009793 
1276.000000	1.005608 
1274.000000	1.002581 
1272.000000	1.000680 
1270.000000	0.998458 
1268.000000	0.995491 
1266.000000	0.992486 
1264.000000	0.990733 
1262.000000	0.987556 
1260.000000	0.984407 
1258.000000	0.982866 
1256.000000	0.980522 
1254.000000	0.979194 
1252.000000	0.976844 
1250.000000	0.973100 
1248.000000	0.970897 
1246.000000	0.968735 
1244.000000	0.965869 
1242.000000	0.963128 
1240.000000	0.961344 
1238.000000	0.960114 
1236.000000	0.958343 
1234.000000	0.957162 
1232.000000	0.956127 
1230.000000	0.954882 
1228.000000	0.953918 
1226.000000	0.953584 
1224.000000	0.953505 
1222.000000	0.952699 
1220.000000	0.951345 
1218.000000	0.951350 
1216.000000	0.952195 
1214.000000	0.952995 
1212.000000	0.954230 
1210.000000	0.956555 
1208.000000	0.959641 
1206.000000	0.961065 
1204.000000	0.964382 
1202.000000	0.969617 
1200.000000	0.975172 
1198.000000	0.980552 
1196.000000	0.986782 
1194.000000	0.992644 
1192.000000	0.998547 
1190.000000	1.006696 
1188.000000	1.014394 
1186.000000	1.020773 
1184.000000	1.028710 
1182.000000	1.037738 
1180.000000	1.047445 
1178.000000	1.055567 
1176.000000	1.062491 
1174.000000	1.071901 
1172.000000	1.080891 
1170.000000	1.088202 
1168.000000	1.097410 
1166.000000	1.107224 
1164.000000	1.115864 
1162.000000	1.124673 
1160.000000	1.132869 
1158.000000	1.140315 
1156.000000	1.147976 
1154.000000	1.155981 
1152.000000	1.164460 
1150.000000	1.171833 
1148.000000	1.178467 
1146.000000	1.186077 
1144.000000	1.192321 
1142.000000	1.197265 
1140.000000	1.202963 
1138.000000	1.209967 
1136.000000	1.214597 
1134.000000	1.218886 
1132.000000	1.226303 
1130.000000	1.232328 
1128.000000	1.234186 
1126.000000	1.236823 
1124.000000	1.240556 
1122.000000	1.244308 
1120.000000	1.249033 
1118.000000	1.255164 
1116.000000	1.256638 
1114.000000	1.259506 
1112.000000	1.266824 
1110.000000	1.272466 
1108.000000	1.277218 
1106.000000	1.283022 
1104.000000	1.287703 
1102.000000	1.289611 
1100.000000	1.291888 
1098.000000	1.295619 
1096.000000	1.299973 
1094.000000	1.306624 
1092.000000	1.311305 
1090.000000	1.311577 
1088.000000	1.310792 
1086.000000	1.312046 
1084.000000	1.313878 
1082.000000	1.316516 
1080.000000	1.319338 
1078.000000	1.323422 
1076.000000	1.327972 
1074.000000	1.330017 
1072.000000	1.331259 
1070.000000	1.331852 
1068.000000	1.335158 
1066.000000	1.339286 
1064.000000	1.336304 
1062.000000	1.335867 
1060.000000	1.340230 
1058.000000	1.342511 
1056.000000	1.338051 
1054.000000	1.329887 
1052.000000	1.327017 
1050.000000	1.327116 
1048.000000	1.322607 
1046.000000	1.314912 
1044.000000	1.307464 
1042.000000	1.300333 
1040.000000	1.290746 
1038.000000	1.284967 
1036.000000	1.275231 
1034.000000	1.261350 
1032.000000	1.251396 
1030.000000	1.240104 
1028.000000	1.223111 
1026.000000	1.208412 
1024.000000	1.194401 
1022.000000	1.175671 
1020.000000	1.156311 
1018.000000	1.139606 
1016.000000	1.121245 
1014.000000	1.098848 
1012.000000	1.077466 
1010.000000	1.058301 
1008.000000	1.036728 
1006.000000	1.013095 
1004.000000	0.992966 
1002.000000	0.974319 
1000.000000	0.955597 
998.000000	 0.938610 
996.000000	 0.923288 
994.000000	 0.909345 
992.000000	 0.899595 
990.000000	 0.894503 
988.000000	 0.895227 
986.000000	 0.901687 
984.000000	 0.910394 
982.000000	 0.920099 
980.000000	 0.928706 
978.000000	 0.930150 
976.000000	 0.925615 
974.000000	 0.915280 
972.000000	 0.898809 
970.000000	 0.878354 
968.000000	 0.858623 
966.000000	 0.843169 
964.000000	 0.829129 
962.000000	 0.817319 
960.000000	 0.809305 
958.000000	 0.801746 
956.000000	 0.795157 
954.000000	 0.792129 
952.000000	 0.790984 
950.000000	 0.791498 
948.000000	 0.796300 
946.000000	 0.802380 
944.000000	 0.808099 
942.000000	 0.814419 
940.000000	 0.819854 
938.000000	 0.823842 
936.000000	 0.825298 
934.000000	 0.824149 
932.000000	 0.820902 
930.000000	 0.816057 
928.000000	 0.810381 
926.000000	 0.804821 
924.000000	 0.801784 
922.000000	 0.801205 
920.000000	 0.803206 
918.000000	 0.807097 
916.000000	 0.810091 
914.000000	 0.810276 
912.000000	 0.806378 
910.000000	 0.803919 
908.000000	 0.803174 
906.000000	 0.796118 
904.000000	 0.784760 
902.000000	 0.775310 
900.000000	 0.765262 
898.000000	 0.754509 
896.000000	 0.746454 
894.000000	 0.741580 
892.000000	 0.739834 
890.000000	 0.743371 
888.000000	 0.750620 
886.000000	 0.758901 
884.000000	 0.768349 
882.000000	 0.777556 
880.000000	 0.786708 
878.000000	 0.796458 
876.000000	 0.804228 
874.000000	 0.808869 
872.000000	 0.812566 
870.000000	 0.816956 
868.000000	 0.820456 
866.000000	 0.822533 
864.000000	 0.822298 
862.000000	 0.821135 
860.000000	 0.819500 
858.000000	 0.816596 
856.000000	 0.812249 
854.000000	 0.807408 
852.000000	 0.803434 
850.000000	 0.801231 
848.000000	 0.800536 
846.000000	 0.800062 
844.000000	 0.799271 
842.000000	 0.797705 
840.000000	 0.794654 
838.000000	 0.791639 
836.000000	 0.786796 
834.000000	 0.779088 
832.000000	 0.770147 
830.000000	 0.758511 
828.000000	 0.744921 
826.000000	 0.729153 
824.000000	 0.713265 
822.000000	 0.699448 
820.000000	 0.686959 
818.000000	 0.675749 
816.000000	 0.664415 
814.000000	 0.654967 
812.000000	 0.645070 
810.000000	 0.635760 
808.000000	 0.629195 
806.000000	 0.622944 
804.000000	 0.615976 
802.000000	 0.608984 
800.000000	 0.601557 
798.000000	 0.592298 
796.000000	 0.582175 
794.000000	 0.573561 
792.000000	 0.565403 
790.000000	 0.555699 
788.000000	 0.546113 
786.000000	 0.537329 
784.000000	 0.528194 
782.000000	 0.519141 
780.000000	 0.510544 
778.000000	 0.502185 
776.000000	 0.494931 
774.000000	 0.488350 
772.000000	 0.481533 
770.000000	 0.473730 
768.000000	 0.466890 
766.000000	 0.460906 
764.000000	 0.454995 
762.000000	 0.450248 
760.000000	 0.446585 
758.000000	 0.442839 
756.000000	 0.440042 
754.000000	 0.438027 
752.000000	 0.436116 
750.000000	 0.434841 
748.000000	 0.434567 
746.000000	 0.434467 
744.000000	 0.434419 
742.000000	 0.434658 
740.000000	 0.435770 
738.000000	 0.438220 
736.000000	 0.440780 
734.000000	 0.442623 
732.000000	 0.444310 
730.000000	 0.446585 
728.000000	 0.449436 
726.000000	 0.452401 
724.000000	 0.455253 
722.000000	 0.458196 
720.000000	 0.461403 
718.000000	 0.466231 
716.000000	 0.471611 
714.000000	 0.476444 
712.000000	 0.480109 
710.000000	 0.483152 
708.000000	 0.486099 
706.000000	 0.488209 
704.000000	 0.487932 
702.000000	 0.486283 
700.000000	 0.484203 
698.000000	 0.481440 
696.000000	 0.479775 
694.000000	 0.480518 
692.000000	 0.482540 
690.000000	 0.484972 
688.000000	 0.487761 
686.000000	 0.492812 
684.000000	 0.499088 
682.000000	 0.504532 
680.000000	 0.511140 
678.000000	 0.520637 
676.000000	 0.530694 
674.000000	 0.540099 
672.000000	 0.545814 
670.000000	 0.541098 
668.000000	 0.539341 
666.000000	 0.547405 
664.000000	 0.542768 
662.000000	 0.531456 
660.000000	 0.520984 
658.000000	 0.513467 
656.000000	 0.506418 
654.000000	 0.501148 
652.000000	 0.498498 
650.000000	 0.499091 
648.000000	 0.503275 
646.000000	 0.510449 
644.000000	 0.518050 
642.000000	 0.526850 
640.000000	 0.536431 
638.000000	 0.546219 
636.000000	 0.556586 
634.000000	 0.567573 
632.000000	 0.577731 
630.000000	 0.582841 
628.000000	 0.581367 
626.000000	 0.571540 
624.000000	 0.552179 
622.000000	 0.526610 
620.000000	 0.493069 
618.000000	 0.453292 
616.000000	 0.414380 
614.000000	 0.378965 
612.000000	 0.349538 
610.000000	 0.327950 
608.000000	 0.309082 
606.000000	 0.289064 
604.000000	 0.270473 
602.000000	 0.256955 
600.000000	 0.246254 
598.000000	 0.234507 
596.000000	 0.223962 
594.000000	 0.215084 
592.000000	 0.206590 
590.000000	 0.197501 
588.000000	 0.190613 
586.000000	 0.185634 
584.000000	 0.180107 
582.000000	 0.174090 
580.000000	 0.168157 
578.000000	 0.161941 
576.000000	 0.156771 
574.000000	 0.151385 
572.000000	 0.145177 
570.000000	 0.139093 
568.000000	 0.133958 
566.000000	 0.129528 
564.000000	 0.125830 
562.000000	 0.122105 
560.000000	 0.117863 
558.000000	 0.114393 
556.000000	 0.110828 
554.000000	 0.107012 
552.000000	 0.105177 
550.000000	 0.104906 
548.000000	 0.104101 
546.000000	 0.101448 
544.000000	 0.097532 
542.000000	 0.095343 
540.000000	 0.093762 
538.000000	 0.092176 
536.000000	 0.090578 
534.000000	 0.089127 
532.000000	 0.087271 
530.000000	 0.085914 
528.000000	 0.086214 
526.000000	 0.086609 
524.000000	 0.084892 
522.000000	 0.083693 
520.000000	 0.084438 
518.000000	 0.085136 
516.000000	 0.085520 
514.000000	 0.086444 
512.000000	 0.088490 
510.000000	 0.089193 
508.000000	 0.088557 
506.000000	 0.087814 
504.000000	 0.087816 
502.000000	 0.087298 
500.000000	 0.083632 
498.000000	 0.081507 
496.000000	 0.080436 
494.000000	 0.080270 
492.000000	 0.081934 
490.000000	 0.082472 
488.000000	 0.082326 
486.000000	 0.083640 
484.000000	 0.085336 
482.000000	 0.084514 
480.000000	 0.084259 
478.000000	 0.086058 
476.000000	 0.086631 
474.000000	 0.088714 
472.000000	 0.091378 
470.000000	 0.090978 
468.000000	 0.090760 
466.000000	 0.089720 
464.000000	 0.089190 
462.000000	 0.090208 
460.000000	 0.092282 
458.000000	 0.093618 
456.000000	 0.091164 
454.000000	 0.090394 
452.000000	 0.091385 
450.000000	 0.089496 

