4400.000000	1.663221 
4398.000000	1.664999 
4396.000000	1.662150 
4394.000000	1.658593 
4392.000000	1.662702 
4390.000000	1.664305 
4388.000000	1.662131 
4386.000000	1.666447 
4384.000000	1.663126 
4382.000000	1.664267 
4380.000000	1.672554 
4378.000000	1.668708 
4376.000000	1.663651 
4374.000000	1.668795 
4372.000000	1.669380 
4370.000000	1.662669 
4368.000000	1.666355 
4366.000000	1.665200 
4364.000000	1.658674 
4362.000000	1.663813 
4360.000000	1.665147 
4358.000000	1.663846 
4356.000000	1.663436 
4354.000000	1.672184 
4352.000000	1.675677 
4350.000000	1.668877 
4348.000000	1.663250 
4346.000000	1.661100 
4344.000000	1.671498 
4342.000000	1.675079 
4340.000000	1.673114 
4338.000000	1.674702 
4336.000000	1.679036 
4334.000000	1.675413 
4332.000000	1.668670 
4330.000000	1.665319 
4328.000000	1.670411 
4326.000000	1.676906 
4324.000000	1.675545 
4322.000000	1.665248 
4320.000000	1.663131 
4318.000000	1.663512 
4316.000000	1.662098 
4314.000000	1.661328 
4312.000000	1.667023 
4310.000000	1.668665 
4308.000000	1.671775 
4306.000000	1.677073 
4304.000000	1.676871 
4302.000000	1.676856 
4300.000000	1.668742 
4298.000000	1.664100 
4296.000000	1.661770 
4294.000000	1.665190 
4292.000000	1.675290 
4290.000000	1.680939 
4288.000000	1.681446 
4286.000000	1.682865 
4284.000000	1.673856 
4282.000000	1.660949 
4280.000000	1.661703 
4278.000000	1.665243 
4276.000000	1.661414 
4274.000000	1.660664 
4272.000000	1.667187 
4270.000000	1.673402 
4268.000000	1.674565 
4266.000000	1.674052 
4264.000000	1.672369 
4262.000000	1.669254 
4260.000000	1.667273 
4258.000000	1.668289 
4256.000000	1.665569 
4254.000000	1.663312 
4252.000000	1.666706 
4250.000000	1.671255 
4248.000000	1.663698 
4246.000000	1.663055 
4244.000000	1.672145 
4242.000000	1.672077 
4240.000000	1.669225 
4238.000000	1.671697 
4236.000000	1.665736 
4234.000000	1.663627 
4232.000000	1.665938 
4230.000000	1.666456 
4228.000000	1.667052 
4226.000000	1.668539 
4224.000000	1.667297 
4222.000000	1.663622 
4220.000000	1.668332 
4218.000000	1.676389 
4216.000000	1.668593 
4214.000000	1.658744 
4212.000000	1.661328 
4210.000000	1.666168 
4208.000000	1.669893 
4206.000000	1.667654 
4204.000000	1.660351 
4202.000000	1.665458 
4200.000000	1.670969 
4198.000000	1.668718 
4196.000000	1.670983 
4194.000000	1.674702 
4192.000000	1.671124 
4190.000000	1.667456 
4188.000000	1.665458 
4186.000000	1.657646 
4184.000000	1.658466 
4182.000000	1.659575 
4180.000000	1.661504 
4178.000000	1.668853 
4176.000000	1.671017 
4174.000000	1.671629 
4172.000000	1.666149 
4170.000000	1.654439 
4168.000000	1.659561 
4166.000000	1.675104 
4164.000000	1.670610 
4162.000000	1.661058 
4160.000000	1.664568 
4158.000000	1.666058 
4156.000000	1.664023 
4154.000000	1.663832 
4152.000000	1.662964 
4150.000000	1.657406 
4148.000000	1.657350 
4146.000000	1.656147 
4144.000000	1.653599 
4142.000000	1.653617 
4140.000000	1.659084 
4138.000000	1.671595 
4136.000000	1.673558 
4134.000000	1.668708 
4132.000000	1.662726 
4130.000000	1.657434 
4128.000000	1.658032 
4126.000000	1.659552 
4124.000000	1.663126 
4122.000000	1.667941 
4120.000000	1.667471 
4118.000000	1.664860 
4116.000000	1.661015 
4114.000000	1.659230 
4112.000000	1.664367 
4110.000000	1.671542 
4108.000000	1.676173 
4106.000000	1.675849 
4104.000000	1.671348 
4102.000000	1.667115 
4100.000000	1.664941 
4098.000000	1.662745 
4096.000000	1.663813 
4094.000000	1.667374 
4092.000000	1.667148 
4090.000000	1.659282 
4088.000000	1.653114 
4086.000000	1.653478 
4084.000000	1.658480 
4082.000000	1.666903 
4080.000000	1.671017 
4078.000000	1.672807 
4076.000000	1.668448 
4074.000000	1.664162 
4072.000000	1.665310 
4070.000000	1.663966 
4068.000000	1.656795 
4066.000000	1.656021 
4064.000000	1.658084 
4062.000000	1.658914 
4060.000000	1.663050 
4058.000000	1.666523 
4056.000000	1.666509 
4054.000000	1.664291 
4052.000000	1.660555 
4050.000000	1.658051 
4048.000000	1.660655 
4046.000000	1.660892 
4044.000000	1.663155 
4042.000000	1.667447 
4040.000000	1.663031 
4038.000000	1.656054 
4036.000000	1.657289 
4034.000000	1.661570 
4032.000000	1.666581 
4030.000000	1.666817 
4028.000000	1.655318 
4026.000000	1.654425 
4024.000000	1.660735 
4022.000000	1.663951 
4020.000000	1.661651 
4018.000000	1.660645 
4016.000000	1.664989 
4014.000000	1.670998 
4012.000000	1.672301 
4010.000000	1.668858 
4008.000000	1.665042 
4006.000000	1.664276 
4004.000000	1.658655 
4002.000000	1.653645 
4000.000000	1.662478 
3998.000000	1.671095 
3996.000000	1.674707 
3994.000000	1.671255 
3992.000000	1.668033 
3990.000000	1.668433 
3988.000000	1.671066 
3986.000000	1.671328 
3984.000000	1.661338 
3982.000000	1.654336 
3980.000000	1.661523 
3978.000000	1.665156 
3976.000000	1.661361 
3974.000000	1.663579 
3972.000000	1.670712 
3970.000000	1.664229 
3968.000000	1.658240 
3966.000000	1.661466 
3964.000000	1.661627 
3962.000000	1.658452 
3960.000000	1.656931 
3958.000000	1.654696 
3956.000000	1.655571 
3954.000000	1.657820 
3952.000000	1.657359 
3950.000000	1.662993 
3948.000000	1.662964 
3946.000000	1.649395 
3944.000000	1.646579 
3942.000000	1.661205 
3940.000000	1.664501 
3938.000000	1.659736 
3936.000000	1.657660 
3934.000000	1.648326 
3932.000000	1.647254 
3930.000000	1.658466 
3928.000000	1.659670 
3926.000000	1.660735 
3924.000000	1.665712 
3922.000000	1.666336 
3920.000000	1.657467 
3918.000000	1.660603 
3916.000000	1.663593 
3914.000000	1.667283 
3912.000000	1.670988 
3910.000000	1.667495 
3908.000000	1.656729 
3906.000000	1.646538 
3904.000000	1.648638 
3902.000000	1.659070 
3900.000000	1.669738 
3898.000000	1.671095 
3896.000000	1.663603 
3894.000000	1.656208 
3892.000000	1.663078 
3890.000000	1.670474 
3888.000000	1.659127 
3886.000000	1.657105 
3884.000000	1.677546 
3882.000000	1.681182 
3880.000000	1.670295 
3878.000000	1.663107 
3876.000000	1.658155 
3874.000000	1.652672 
3872.000000	1.640081 
3870.000000	1.639923 
3868.000000	1.658084 
3866.000000	1.662369 
3864.000000	1.662474 
3862.000000	1.665712 
3860.000000	1.669564 
3858.000000	1.656767 
3856.000000	1.639923 
3854.000000	1.645511 
3852.000000	1.676139 
3850.000000	1.688714 
3848.000000	1.679249 
3846.000000	1.661898 
3844.000000	1.656354 
3842.000000	1.667639 
3840.000000	1.670581 
3838.000000	1.666927 
3836.000000	1.666643 
3834.000000	1.660887 
3832.000000	1.661703 
3830.000000	1.668655 
3828.000000	1.667601 
3826.000000	1.665267 
3824.000000	1.660034 
3822.000000	1.659769 
3820.000000	1.675457 
3818.000000	1.671853 
3816.000000	1.669525 
3814.000000	1.669777 
3812.000000	1.662735 
3810.000000	1.658626 
3808.000000	1.655974 
3806.000000	1.662217 
3804.000000	1.652332 
3802.000000	1.637476 
3800.000000	1.653319 
3798.000000	1.667403 
3796.000000	1.666322 
3794.000000	1.661210 
3792.000000	1.655688 
3790.000000	1.653352 
3788.000000	1.656880 
3786.000000	1.659869 
3784.000000	1.662245 
3782.000000	1.659755 
3780.000000	1.654785 
3778.000000	1.659306 
3776.000000	1.658452 
3774.000000	1.652742 
3772.000000	1.647489 
3770.000000	1.656349 
3768.000000	1.667557 
3766.000000	1.664821 
3764.000000	1.659169 
3762.000000	1.655721 
3760.000000	1.660593 
3758.000000	1.666461 
3756.000000	1.663307 
3754.000000	1.648905 
3752.000000	1.634708 
3750.000000	1.650407 
3748.000000	1.663460 
3746.000000	1.656194 
3744.000000	1.667148 
3742.000000	1.678211 
3740.000000	1.663140 
3738.000000	1.647847 
3736.000000	1.657331 
3734.000000	1.678202 
3732.000000	1.676660 
3730.000000	1.670600 
3728.000000	1.669699 
3726.000000	1.673974 
3724.000000	1.679566 
3722.000000	1.676276 
3720.000000	1.675830 
3718.000000	1.684029 
3716.000000	1.684389 
3714.000000	1.671814 
3712.000000	1.667014 
3710.000000	1.680770 
3708.000000	1.691900 
3706.000000	1.690426 
3704.000000	1.682441 
3702.000000	1.686763 
3700.000000	1.690411 
3698.000000	1.684249 
3696.000000	1.687786 
3694.000000	1.684499 
3692.000000	1.679279 
3690.000000	1.682785 
3688.000000	1.701160 
3686.000000	1.708463 
3684.000000	1.699851 
3682.000000	1.694475 
3680.000000	1.696333 
3678.000000	1.689873 
3676.000000	1.693461 
3674.000000	1.720787 
3672.000000	1.717032 
3670.000000	1.717393 
3668.000000	1.736069 
3666.000000	1.732812 
3664.000000	1.722549 
3662.000000	1.717534 
3660.000000	1.721948 
3658.000000	1.717572 
3656.000000	1.709352 
3654.000000	1.707443 
3652.000000	1.702259 
3650.000000	1.710902 
3648.000000	1.735219 
3646.000000	1.742389 
3644.000000	1.730262 
3642.000000	1.720754 
3640.000000	1.720771 
3638.000000	1.718361 
3636.000000	1.715158 
3634.000000	1.710583 
3632.000000	1.705636 
3630.000000	1.705641 
3628.000000	1.735297 
3626.000000	1.743105 
3624.000000	1.719168 
3622.000000	1.708262 
3620.000000	1.720423 
3618.000000	1.731633 
3616.000000	1.723808 
3614.000000	1.707723 
3612.000000	1.710934 
3610.000000	1.725202 
3608.000000	1.727954 
3606.000000	1.724987 
3604.000000	1.715464 
3602.000000	1.712998 
3600.000000	1.722893 
3598.000000	1.722658 
3596.000000	1.716234 
3594.000000	1.716487 
3592.000000	1.711483 
3590.000000	1.704890 
3588.000000	1.709871 
3586.000000	1.727971 
3584.000000	1.733125 
3582.000000	1.726700 
3580.000000	1.723977 
3578.000000	1.718762 
3576.000000	1.713351 
3574.000000	1.715647 
3572.000000	1.716271 
3570.000000	1.711781 
3568.000000	1.708330 
3566.000000	1.714294 
3564.000000	1.721866 
3562.000000	1.719776 
3560.000000	1.716589 
3558.000000	1.714868 
3556.000000	1.714567 
3554.000000	1.715029 
3552.000000	1.715486 
3550.000000	1.712939 
3548.000000	1.712138 
3546.000000	1.716250 
3544.000000	1.718583 
3542.000000	1.715244 
3540.000000	1.708283 
3538.000000	1.710057 
3536.000000	1.721408 
3534.000000	1.725713 
3532.000000	1.718995 
3530.000000	1.718421 
3528.000000	1.724405 
3526.000000	1.721915 
3524.000000	1.718118 
3522.000000	1.721288 
3520.000000	1.723441 
3518.000000	1.725603 
3516.000000	1.723167 
3514.000000	1.706799 
3512.000000	1.698137 
3510.000000	1.710169 
3508.000000	1.723397 
3506.000000	1.719033 
3504.000000	1.717485 
3502.000000	1.718264 
3500.000000	1.714364 
3498.000000	1.714916 
3496.000000	1.717080 
3494.000000	1.717869 
3492.000000	1.709951 
3490.000000	1.700469 
3488.000000	1.700931 
3486.000000	1.709686 
3484.000000	1.714594 
3482.000000	1.718599 
3480.000000	1.722478 
3478.000000	1.722090 
3476.000000	1.724977 
3474.000000	1.724581 
3472.000000	1.723829 
3470.000000	1.719792 
3468.000000	1.713656 
3466.000000	1.711429 
3464.000000	1.708140 
3462.000000	1.708547 
3460.000000	1.708161 
3458.000000	1.713876 
3456.000000	1.724175 
3454.000000	1.717107 
3452.000000	1.705825 
3450.000000	1.707955 
3448.000000	1.709781 
3446.000000	1.705295 
3444.000000	1.703094 
3442.000000	1.708701 
3440.000000	1.716713 
3438.000000	1.718827 
3436.000000	1.715357 
3434.000000	1.709140 
3432.000000	1.703586 
3430.000000	1.705883 
3428.000000	1.710174 
3426.000000	1.710440 
3424.000000	1.709659 
3422.000000	1.704465 
3420.000000	1.705526 
3418.000000	1.714369 
3416.000000	1.711280 
3414.000000	1.706747 
3412.000000	1.707105 
3410.000000	1.705520 
3408.000000	1.704586 
3406.000000	1.702264 
3404.000000	1.700287 
3402.000000	1.705158 
3400.000000	1.708092 
3398.000000	1.704240 
3396.000000	1.704932 
3394.000000	1.710084 
3392.000000	1.709082 
3390.000000	1.706046 
3388.000000	1.702327 
3386.000000	1.696122 
3384.000000	1.696451 
3382.000000	1.702624 
3380.000000	1.704523 
3378.000000	1.700256 
3376.000000	1.701665 
3374.000000	1.703288 
3372.000000	1.703565 
3370.000000	1.706478 
3368.000000	1.707416 
3366.000000	1.704822 
3364.000000	1.700209 
3362.000000	1.695886 
3360.000000	1.701030 
3358.000000	1.704156 
3356.000000	1.697631 
3354.000000	1.692349 
3352.000000	1.690416 
3350.000000	1.695141 
3348.000000	1.704848 
3346.000000	1.703000 
3344.000000	1.693983 
3342.000000	1.692736 
3340.000000	1.696287 
3338.000000	1.695233 
3336.000000	1.691707 
3334.000000	1.690588 
3332.000000	1.698246 
3330.000000	1.704156 
3328.000000	1.706641 
3326.000000	1.698432 
3324.000000	1.695305 
3322.000000	1.693318 
3320.000000	1.690248 
3318.000000	1.691178 
3316.000000	1.689280 
3314.000000	1.689022 
3312.000000	1.692150 
3310.000000	1.691457 
3308.000000	1.692435 
3306.000000	1.694475 
3304.000000	1.693513 
3302.000000	1.693507 
3300.000000	1.697348 
3298.000000	1.697915 
3296.000000	1.695439 
3294.000000	1.692130 
3292.000000	1.682376 
3290.000000	1.677088 
3288.000000	1.683159 
3286.000000	1.686431 
3284.000000	1.683045 
3282.000000	1.677250 
3280.000000	1.679353 
3278.000000	1.685552 
3276.000000	1.688133 
3274.000000	1.687882 
3272.000000	1.684930 
3270.000000	1.682960 
3268.000000	1.680959 
3266.000000	1.680036 
3264.000000	1.679531 
3262.000000	1.674722 
3260.000000	1.671445 
3258.000000	1.674228 
3256.000000	1.674741 
3254.000000	1.675579 
3252.000000	1.672305 
3250.000000	1.670697 
3248.000000	1.673842 
3246.000000	1.674321 
3244.000000	1.676493 
3242.000000	1.677280 
3240.000000	1.673466 
3238.000000	1.668231 
3236.000000	1.667129 
3234.000000	1.669951 
3232.000000	1.670561 
3230.000000	1.670595 
3228.000000	1.667808 
3226.000000	1.670401 
3224.000000	1.675511 
3222.000000	1.672700 
3220.000000	1.670275 
3218.000000	1.671129 
3216.000000	1.669815 
3214.000000	1.674281 
3212.000000	1.677068 
3210.000000	1.675741 
3208.000000	1.675849 
3206.000000	1.669390 
3204.000000	1.664463 
3202.000000	1.670731 
3200.000000	1.672754 
3198.000000	1.665832 
3196.000000	1.661304 
3194.000000	1.662712 
3192.000000	1.665895 
3190.000000	1.665573 
3188.000000	1.665089 
3186.000000	1.664114 
3184.000000	1.660299 
3182.000000	1.658928 
3180.000000	1.663770 
3178.000000	1.662055 
3176.000000	1.656607 
3174.000000	1.662207 
3172.000000	1.668182 
3170.000000	1.663842 
3168.000000	1.661290 
3166.000000	1.667071 
3164.000000	1.668110 
3162.000000	1.660702 
3160.000000	1.657999 
3158.000000	1.659855 
3156.000000	1.662983 
3154.000000	1.659193 
3152.000000	1.655117 
3150.000000	1.655679 
3148.000000	1.656744 
3146.000000	1.657162 
3144.000000	1.656129 
3142.000000	1.653795 
3140.000000	1.656621 
3138.000000	1.661632 
3136.000000	1.657868 
3134.000000	1.656387 
3132.000000	1.656894 
3130.000000	1.655744 
3128.000000	1.658400 
3126.000000	1.662050 
3124.000000	1.660048 
3122.000000	1.657613 
3120.000000	1.660157 
3118.000000	1.660124 
3116.000000	1.660290 
3114.000000	1.657373 
3112.000000	1.651538 
3110.000000	1.651329 
3108.000000	1.657411 
3106.000000	1.660735 
3104.000000	1.657919 
3102.000000	1.654556 
3100.000000	1.654476 
3098.000000	1.654467 
3096.000000	1.650245 
3094.000000	1.650056 
3092.000000	1.649533 
3090.000000	1.654799 
3088.000000	1.658103 
3086.000000	1.653012 
3084.000000	1.652965 
3082.000000	1.657792 
3080.000000	1.654785 
3078.000000	1.654402 
3076.000000	1.656401 
3074.000000	1.650384 
3072.000000	1.646313 
3070.000000	1.645502 
3068.000000	1.644332 
3066.000000	1.647788 
3064.000000	1.651422 
3062.000000	1.650569 
3060.000000	1.651385 
3058.000000	1.650541 
3056.000000	1.643416 
3054.000000	1.645036 
3052.000000	1.649118 
3050.000000	1.646442 
3048.000000	1.645118 
3046.000000	1.648538 
3044.000000	1.651993 
3042.000000	1.649496 
3040.000000	1.647475 
3038.000000	1.647967 
3036.000000	1.646671 
3034.000000	1.646969 
3032.000000	1.646153 
3030.000000	1.643803 
3028.000000	1.646070 
3026.000000	1.645502 
3024.000000	1.641289 
3022.000000	1.642047 
3020.000000	1.641430 
3018.000000	1.640406 
3016.000000	1.643735 
3014.000000	1.643502 
3012.000000	1.642392 
3010.000000	1.641466 
3008.000000	1.635553 
3006.000000	1.634026 
3004.000000	1.639205 
3002.000000	1.641983 
3000.000000	1.642842 
2998.000000	1.643402 
2996.000000	1.642256 
2994.000000	1.643502 
2992.000000	1.645292 
2990.000000	1.638425 
2988.000000	1.629747 
2986.000000	1.636094 
2984.000000	1.643839 
2982.000000	1.647705 
2980.000000	1.649981 
2978.000000	1.647659 
2976.000000	1.643985 
2974.000000	1.649875 
2972.000000	1.650287 
2970.000000	1.644072 
2968.000000	1.647544 
2966.000000	1.647765 
2964.000000	1.642974 
2962.000000	1.643493 
2960.000000	1.641371 
2958.000000	1.637355 
2956.000000	1.638722 
2954.000000	1.648643 
2952.000000	1.653026 
2950.000000	1.649016 
2948.000000	1.648795 
2946.000000	1.649155 
2944.000000	1.650125 
2942.000000	1.653538 
2940.000000	1.653935 
2938.000000	1.653156 
2936.000000	1.655496 
2934.000000	1.653240 
2932.000000	1.648610 
2930.000000	1.653645 
2928.000000	1.659089 
2926.000000	1.663083 
2924.000000	1.660153 
2922.000000	1.658145 
2920.000000	1.659864 
2918.000000	1.661680 
2916.000000	1.659921 
2914.000000	1.657002 
2912.000000	1.653538 
2910.000000	1.648216 
2908.000000	1.646689 
2906.000000	1.647121 
2904.000000	1.643839 
2902.000000	1.640882 
2900.000000	1.638038 
2898.000000	1.642733 
2896.000000	1.648266 
2894.000000	1.642524 
2892.000000	1.632442 
2890.000000	1.628883 
2888.000000	1.630890 
2886.000000	1.635423 
2884.000000	1.638853 
2882.000000	1.635597 
2880.000000	1.631847 
2878.000000	1.633482 
2876.000000	1.634490 
2874.000000	1.633558 
2872.000000	1.633803 
2870.000000	1.632189 
2868.000000	1.633932 
2866.000000	1.636045 
2864.000000	1.637840 
2862.000000	1.634365 
2860.000000	1.632424 
2858.000000	1.636865 
2856.000000	1.639846 
2854.000000	1.637359 
2852.000000	1.638177 
2850.000000	1.636184 
2848.000000	1.631585 
2846.000000	1.632033 
2844.000000	1.628368 
2842.000000	1.621991 
2840.000000	1.623246 
2838.000000	1.627247 
2836.000000	1.626117 
2834.000000	1.624967 
2832.000000	1.628152 
2830.000000	1.626314 
2828.000000	1.624897 
2826.000000	1.627555 
2824.000000	1.626484 
2822.000000	1.624858 
2820.000000	1.626213 
2818.000000	1.626257 
2816.000000	1.624330 
2814.000000	1.622977 
2812.000000	1.619497 
2810.000000	1.615963 
2808.000000	1.621952 
2806.000000	1.627322 
2804.000000	1.624757 
2802.000000	1.622451 
2800.000000	1.622052 
2798.000000	1.620883 
2796.000000	1.616104 
2794.000000	1.612074 
2792.000000	1.614781 
2790.000000	1.617935 
2788.000000	1.620935 
2786.000000	1.623268 
2784.000000	1.621679 
2782.000000	1.618343 
2780.000000	1.612450 
2778.000000	1.611486 
2776.000000	1.616267 
2774.000000	1.617673 
2772.000000	1.616558 
2770.000000	1.618003 
2768.000000	1.616776 
2766.000000	1.611613 
2764.000000	1.613984 
2762.000000	1.620926 
2760.000000	1.620416 
2758.000000	1.618571 
2756.000000	1.617102 
2754.000000	1.617767 
2752.000000	1.616858 
2750.000000	1.609624 
2748.000000	1.602191 
2746.000000	1.604325 
2744.000000	1.609265 
2742.000000	1.609076 
2740.000000	1.608861 
2738.000000	1.609493 
2736.000000	1.611037 
2734.000000	1.613002 
2732.000000	1.611638 
2730.000000	1.611541 
2728.000000	1.612308 
2726.000000	1.611554 
2724.000000	1.611384 
2722.000000	1.613142 
2720.000000	1.612637 
2718.000000	1.608433 
2716.000000	1.608155 
2714.000000	1.611287 
2712.000000	1.611042 
2710.000000	1.610923 
2708.000000	1.614090 
2706.000000	1.614508 
2704.000000	1.610442 
2702.000000	1.609973 
2700.000000	1.610860 
2698.000000	1.607325 
2696.000000	1.605923 
2694.000000	1.606834 
2692.000000	1.609674 
2690.000000	1.614836 
2688.000000	1.614682 
2686.000000	1.610518 
2684.000000	1.607031 
2682.000000	1.605806 
2680.000000	1.607052 
2678.000000	1.606592 
2676.000000	1.606550 
2674.000000	1.602730 
2672.000000	1.606550 
2670.000000	1.612227 
2668.000000	1.609961 
2666.000000	1.603888 
2664.000000	1.605893 
2662.000000	1.607417 
2660.000000	1.603140 
2658.000000	1.601946 
2656.000000	1.603078 
2654.000000	1.603062 
2652.000000	1.601934 
2650.000000	1.601657 
2648.000000	1.600347 
2646.000000	1.601425 
2644.000000	1.605501 
2642.000000	1.606232 
2640.000000	1.604171 
2638.000000	1.605163 
2636.000000	1.602439 
2634.000000	1.598179 
2632.000000	1.602083 
2630.000000	1.606119 
2628.000000	1.606717 
2626.000000	1.603581 
2624.000000	1.597084 
2622.000000	1.595519 
2620.000000	1.599424 
2618.000000	1.603597 
2616.000000	1.602253 
2614.000000	1.597838 
2612.000000	1.598232 
2610.000000	1.601082 
2608.000000	1.601165 
2606.000000	1.596127 
2604.000000	1.591683 
2602.000000	1.593998 
2600.000000	1.597568 
2598.000000	1.601818 
2596.000000	1.601760 
2594.000000	1.597113 
2592.000000	1.594592 
2590.000000	1.594177 
2588.000000	1.593352 
2586.000000	1.590790 
2584.000000	1.590210 
2582.000000	1.593084 
2580.000000	1.592549 
2578.000000	1.591893 
2576.000000	1.592707 
2574.000000	1.592160 
2572.000000	1.592148 
2570.000000	1.592541 
2568.000000	1.590802 
2566.000000	1.590718 
2564.000000	1.594779 
2562.000000	1.595244 
2560.000000	1.590270 
2558.000000	1.592266 
2556.000000	1.592748 
2554.000000	1.590903 
2552.000000	1.592618 
2550.000000	1.591170 
2548.000000	1.590831 
2546.000000	1.590867 
2544.000000	1.592432 
2542.000000	1.594637 
2540.000000	1.593401 
2538.000000	1.590250 
2536.000000	1.592436 
2534.000000	1.595915 
2532.000000	1.596364 
2530.000000	1.596323 
2528.000000	1.593376 
2526.000000	1.590887 
2524.000000	1.593770 
2522.000000	1.594022 
2520.000000	1.590907 
2518.000000	1.588488 
2516.000000	1.585257 
2514.000000	1.584135 
2512.000000	1.588838 
2510.000000	1.587819 
2508.000000	1.587634 
2506.000000	1.588978 
2504.000000	1.584473 
2502.000000	1.585154 
2500.000000	1.587674 
2498.000000	1.587030 
2496.000000	1.586818 
2494.000000	1.582901 
2492.000000	1.583357 
2490.000000	1.586270 
2488.000000	1.584318 
2486.000000	1.584688 
2484.000000	1.587226 
2482.000000	1.586294 
2480.000000	1.585413 
2478.000000	1.586638 
2476.000000	1.584076 
2474.000000	1.582220 
2472.000000	1.582691 
2470.000000	1.582711 
2468.000000	1.584445 
2466.000000	1.586590 
2464.000000	1.585759 
2462.000000	1.581813 
2460.000000	1.580219 
2458.000000	1.580152 
2456.000000	1.580506 
2454.000000	1.579593 
2452.000000	1.577931 
2450.000000	1.577817 
2448.000000	1.580940 
2446.000000	1.582323 
2444.000000	1.580585 
2442.000000	1.576636 
2440.000000	1.576160 
2438.000000	1.581200 
2436.000000	1.580924 
2434.000000	1.578762 
2432.000000	1.581607 
2430.000000	1.584756 
2428.000000	1.583163 
2426.000000	1.578354 
2424.000000	1.574528 
2422.000000	1.571735 
2420.000000	1.572504 
2418.000000	1.576890 
2416.000000	1.576289 
2414.000000	1.574882 
2412.000000	1.577872 
2410.000000	1.577567 
2408.000000	1.575147 
2406.000000	1.578488 
2404.000000	1.577293 
2402.000000	1.569585 
2400.000000	1.569954 
2398.000000	1.575618 
2396.000000	1.577086 
2394.000000	1.577786 
2392.000000	1.577492 
2390.000000	1.572775 
2388.000000	1.570047 
2386.000000	1.570531 
2384.000000	1.571040 
2382.000000	1.566011 
2380.000000	1.561207 
2378.000000	1.562411 
2376.000000	1.566297 
2374.000000	1.565356 
2372.000000	1.561584 
2370.000000	1.563195 
2368.000000	1.571858 
2366.000000	1.575988 
2364.000000	1.574396 
2362.000000	1.574171 
2360.000000	1.572117 
2358.000000	1.569101 
2356.000000	1.575338 
2354.000000	1.579369 
2352.000000	1.578448 
2350.000000	1.575485 
2348.000000	1.560995 
2346.000000	1.552341 
2344.000000	1.560544 
2342.000000	1.566705 
2340.000000	1.571797 
2338.000000	1.571225 
2336.000000	1.574540 
2334.000000	1.575267 
2332.000000	1.571357 
2330.000000	1.572988 
2328.000000	1.576761 
2326.000000	1.576707 
2324.000000	1.577586 
2322.000000	1.580250 
2320.000000	1.582283 
2318.000000	1.580609 
2316.000000	1.577998 
2314.000000	1.578699 
2312.000000	1.583071 
2310.000000	1.584696 
2308.000000	1.585345 
2306.000000	1.587470 
2304.000000	1.587750 
2302.000000	1.592225 
2300.000000	1.595731 
2298.000000	1.593226 
2296.000000	1.594319 
2294.000000	1.596131 
2292.000000	1.603257 
2290.000000	1.610391 
2288.000000	1.612573 
2286.000000	1.612412 
2284.000000	1.613448 
2282.000000	1.620390 
2280.000000	1.627072 
2278.000000	1.632313 
2276.000000	1.638240 
2274.000000	1.645017 
2272.000000	1.654070 
2270.000000	1.662122 
2268.000000	1.665061 
2266.000000	1.670590 
2264.000000	1.679788 
2262.000000	1.690680 
2260.000000	1.694172 
2258.000000	1.692966 
2256.000000	1.693456 
2254.000000	1.696879 
2252.000000	1.701576 
2250.000000	1.705747 
2248.000000	1.705389 
2246.000000	1.707342 
2244.000000	1.707548 
2242.000000	1.701592 
2240.000000	1.700333 
2238.000000	1.698892 
2236.000000	1.693277 
2234.000000	1.688436 
2232.000000	1.690680 
2230.000000	1.694418 
2228.000000	1.694818 
2226.000000	1.691127 
2224.000000	1.687161 
2222.000000	1.687735 
2220.000000	1.686843 
2218.000000	1.691035 
2216.000000	1.698566 
2214.000000	1.697219 
2212.000000	1.697812 
2210.000000	1.705636 
2208.000000	1.711898 
2206.000000	1.716557 
2204.000000	1.719809 
2202.000000	1.717950 
2200.000000	1.713565 
2198.000000	1.716498 
2196.000000	1.726617 
2194.000000	1.726325 
2192.000000	1.718659 
2190.000000	1.714820 
2188.000000	1.715523 
2186.000000	1.714331 
2184.000000	1.713298 
2182.000000	1.711275 
2180.000000	1.708156 
2178.000000	1.699649 
2176.000000	1.687226 
2174.000000	1.686159 
2172.000000	1.694265 
2170.000000	1.697549 
2168.000000	1.694213 
2166.000000	1.690467 
2164.000000	1.695675 
2162.000000	1.698091 
2160.000000	1.692344 
2158.000000	1.694403 
2156.000000	1.702917 
2154.000000	1.713383 
2152.000000	1.725868 
2150.000000	1.741995 
2148.000000	1.757464 
2146.000000	1.766257 
2144.000000	1.773140 
2142.000000	1.777881 
2140.000000	1.775943 
2138.000000	1.767716 
2136.000000	1.759988 
2134.000000	1.758009 
2132.000000	1.761575 
2130.000000	1.763702 
2128.000000	1.767492 
2126.000000	1.775079 
2124.000000	1.787408 
2122.000000	1.805567 
2120.000000	1.822782 
2118.000000	1.840180 
2116.000000	1.855014 
2114.000000	1.864786 
2112.000000	1.858969 
2110.000000	1.848799 
2108.000000	1.834492 
2106.000000	1.820824 
2104.000000	1.810341 
2102.000000	1.793800 
2100.000000	1.781022 
2098.000000	1.775455 
2096.000000	1.771981 
2094.000000	1.780423 
2092.000000	1.799810 
2090.000000	1.810924 
2088.000000	1.806585 
2086.000000	1.795283 
2084.000000	1.785465 
2082.000000	1.778981 
2080.000000	1.770771 
2078.000000	1.755254 
2076.000000	1.727866 
2074.000000	1.707073 
2072.000000	1.688497 
2070.000000	1.661433 
2068.000000	1.629910 
2066.000000	1.601256 
2064.000000	1.584421 
2062.000000	1.572999 
2060.000000	1.563226 
2058.000000	1.552774 
2056.000000	1.544094 
2054.000000	1.536528 
2052.000000	1.531281 
2050.000000	1.529693 
2048.000000	1.527958 
2046.000000	1.524151 
2044.000000	1.520171 
2042.000000	1.517793 
2040.000000	1.516989 
2038.000000	1.518544 
2036.000000	1.518367 
2034.000000	1.516315 
2032.000000	1.515378 
2030.000000	1.513560 
2028.000000	1.515758 
2026.000000	1.515931 
2024.000000	1.510340 
2022.000000	1.509516 
2020.000000	1.512174 
2018.000000	1.509917 
2016.000000	1.508700 
2014.000000	1.506600 
2012.000000	1.504808 
2010.000000	1.505916 
2008.000000	1.506049 
2006.000000	1.505823 
2004.000000	1.504861 
2002.000000	1.499436 
2000.000000	1.498561 
1998.000000	1.501734 
1996.000000	1.500277 
1994.000000	1.498369 
1992.000000	1.502359 
1990.000000	1.503295 
1988.000000	1.499508 
1986.000000	1.498219 
1984.000000	1.496011 
1982.000000	1.495272 
1980.000000	1.493346 
1978.000000	1.491189 
1976.000000	1.492409 
1974.000000	1.495907 
1972.000000	1.496887 
1970.000000	1.493411 
1968.000000	1.493459 
1966.000000	1.497756 
1964.000000	1.495615 
1962.000000	1.491028 
1960.000000	1.490541 
1958.000000	1.490737 
1956.000000	1.487608 
1954.000000	1.487357 
1952.000000	1.487379 
1950.000000	1.485890 
1948.000000	1.486743 
1946.000000	1.487302 
1944.000000	1.484713 
1942.000000	1.485995 
1940.000000	1.487385 
1938.000000	1.484827 
1936.000000	1.483593 
1934.000000	1.485020 
1932.000000	1.487589 
1930.000000	1.485463 
1928.000000	1.481677 
1926.000000	1.480208 
1924.000000	1.480330 
1922.000000	1.483886 
1920.000000	1.479299 
1918.000000	1.478126 
1916.000000	1.484309 
1914.000000	1.483422 
1912.000000	1.480242 
1910.000000	1.479133 
1908.000000	1.478996 
1906.000000	1.477827 
1904.000000	1.479692 
1902.000000	1.481627 
1900.000000	1.477983 
1898.000000	1.474817 
1896.000000	1.476346 
1894.000000	1.479614 
1892.000000	1.477712 
1890.000000	1.473793 
1888.000000	1.474746 
1886.000000	1.473355 
1884.000000	1.473682 
1882.000000	1.472814 
1880.000000	1.471000 
1878.000000	1.470670 
1876.000000	1.467047 
1874.000000	1.462847 
1872.000000	1.460061 
1870.000000	1.462736 
1868.000000	1.474332 
1866.000000	1.474972 
1864.000000	1.469640 
1862.000000	1.466980 
1860.000000	1.463764 
1858.000000	1.461419 
1856.000000	1.461242 
1854.000000	1.459086 
1852.000000	1.459142 
1850.000000	1.463337 
1848.000000	1.463903 
1846.000000	1.455611 
1844.000000	1.458812 
1842.000000	1.466865 
1840.000000	1.458312 
1838.000000	1.452695 
1836.000000	1.451335 
1834.000000	1.448197 
1832.000000	1.443030 
1830.000000	1.448398 
1828.000000	1.455204 
1826.000000	1.451256 
1824.000000	1.454286 
1822.000000	1.453782 
1820.000000	1.448677 
1818.000000	1.447326 
1816.000000	1.447364 
1814.000000	1.445154 
1812.000000	1.445192 
1810.000000	1.449696 
1808.000000	1.450650 
1806.000000	1.446897 
1804.000000	1.441852 
1802.000000	1.435792 
1800.000000	1.439812 
1798.000000	1.444102 
1796.000000	1.437978 
1794.000000	1.430385 
1792.000000	1.441288 
1790.000000	1.451619 
1788.000000	1.441520 
1786.000000	1.433267 
1784.000000	1.434695 
1782.000000	1.432325 
1780.000000	1.430137 
1778.000000	1.430313 
1776.000000	1.424758 
1774.000000	1.419355 
1772.000000	1.431133 
1770.000000	1.438347 
1768.000000	1.432451 
1766.000000	1.429255 
1764.000000	1.416272 
1762.000000	1.415010 
1760.000000	1.423834 
1758.000000	1.418703 
1756.000000	1.421828 
1754.000000	1.417613 
1752.000000	1.405896 
1750.000000	1.412115 
1748.000000	1.417515 
1746.000000	1.418071 
1744.000000	1.415462 
1742.000000	1.413446 
1740.000000	1.413025 
1738.000000	1.416177 
1736.000000	1.394404 
1734.000000	1.408266 
1732.000000	1.434329 
1730.000000	1.419847 
1728.000000	1.413685 
1726.000000	1.408441 
1724.000000	1.407316 
1722.000000	1.406254 
1720.000000	1.391252 
1718.000000	1.392488 
1716.000000	1.416072 
1714.000000	1.419771 
1712.000000	1.412022 
1710.000000	1.400755 
1708.000000	1.389777 
1706.000000	1.389515 
1704.000000	1.392536 
1702.000000	1.372648 
1700.000000	1.391377 
1698.000000	1.396653 
1696.000000	1.389891 
1694.000000	1.404653 
1692.000000	1.387666 
1690.000000	1.374517 
1688.000000	1.370704 
1686.000000	1.355652 
1684.000000	1.378692 
1682.000000	1.400192 
1680.000000	1.382864 
1678.000000	1.367678 
1676.000000	1.358969 
1674.000000	1.373454 
1672.000000	1.366960 
1670.000000	1.364800 
1668.000000	1.377534 
1666.000000	1.366580 
1664.000000	1.353129 
1662.000000	1.363359 
1660.000000	1.366073 
1658.000000	1.353124 
1656.000000	1.330108 
1654.000000	1.322109 
1652.000000	1.375509 
1650.000000	1.364337 
1648.000000	1.342299 
1646.000000	1.360336 
1644.000000	1.363208 
1642.000000	1.349141 
1640.000000	1.341962 
1638.000000	1.330693 
1636.000000	1.338473 
1634.000000	1.362101 
1632.000000	1.352364 
1630.000000	1.341344 
1628.000000	1.342479 
1626.000000	1.340983 
1624.000000	1.336900 
1622.000000	1.345763 
1620.000000	1.336042 
1618.000000	1.322212 
1616.000000	1.338732 
1614.000000	1.342661 
1612.000000	1.329696 
1610.000000	1.325893 
1608.000000	1.326130 
1606.000000	1.325630 
1604.000000	1.323394 
1602.000000	1.321122 
1600.000000	1.319961 
1598.000000	1.316744 
1596.000000	1.312469 
1594.000000	1.311161 
1592.000000	1.309522 
1590.000000	1.307283 
1588.000000	1.306014 
1586.000000	1.303618 
1584.000000	1.301621 
1582.000000	1.299732 
1580.000000	1.297679 
1578.000000	1.288469 
1576.000000	1.300467 
1574.000000	1.310124 
1572.000000	1.291446 
1570.000000	1.289043 
1568.000000	1.301210 
1566.000000	1.292686 
1564.000000	1.286995 
1562.000000	1.273255 
1560.000000	1.266858 
1558.000000	1.318169 
1556.000000	1.312503 
1554.000000	1.294018 
1552.000000	1.285035 
1550.000000	1.280015 
1548.000000	1.278284 
1546.000000	1.270658 
1544.000000	1.268720 
1542.000000	1.267130 
1540.000000	1.283175 
1538.000000	1.295392 
1536.000000	1.272782 
1534.000000	1.263964 
1532.000000	1.274882 
1530.000000	1.264459 
1528.000000	1.256266 
1526.000000	1.260442 
1524.000000	1.259181 
1522.000000	1.257656 
1520.000000	1.270587 
1518.000000	1.261337 
1516.000000	1.261500 
1514.000000	1.257563 
1512.000000	1.248932 
1510.000000	1.242321 
1508.000000	1.236578 
1506.000000	1.263373 
1504.000000	1.264029 
1502.000000	1.243880 
1500.000000	1.233790 
1498.000000	1.237320 
1496.000000	1.249253 
1494.000000	1.248387 
1492.000000	1.238091 
1490.000000	1.239313 
1488.000000	1.244212 
1486.000000	1.243011 
1484.000000	1.236880 
1482.000000	1.232239 
1480.000000	1.231544 
1478.000000	1.226075 
1476.000000	1.225817 
1474.000000	1.229191 
1472.000000	1.243181 
1470.000000	1.242347 
1468.000000	1.225904 
1466.000000	1.219727 
1464.000000	1.228642 
1462.000000	1.227413 
1460.000000	1.215568 
1458.000000	1.216775 
1456.000000	1.237077 
1454.000000	1.233989 
1452.000000	1.222407 
1450.000000	1.215622 
1448.000000	1.214200 
1446.000000	1.214357 
1444.000000	1.208220 
1442.000000	1.204133 
1440.000000	1.198665 
1438.000000	1.192623 
1436.000000	1.203070 
1434.000000	1.201983 
1432.000000	1.190248 
1430.000000	1.188187 
1428.000000	1.188238 
1426.000000	1.180931 
1424.000000	1.178099 
1422.000000	1.173156 
1420.000000	1.170333 
1418.000000	1.181180 
1416.000000	1.176405 
1414.000000	1.166886 
1412.000000	1.163192 
1410.000000	1.162208 
1408.000000	1.158299 
1406.000000	1.153977 
1404.000000	1.154747 
1402.000000	1.151230 
1400.000000	1.149117 
1398.000000	1.151402 
1396.000000	1.146974 
1394.000000	1.147465 
1392.000000	1.145620 
1390.000000	1.135980 
1388.000000	1.133415 
1386.000000	1.137145 
1384.000000	1.132959 
1382.000000	1.128770 
1380.000000	1.127784 
1378.000000	1.124229 
1376.000000	1.119040 
1374.000000	1.119087 
1372.000000	1.117746 
1370.000000	1.113797 
1368.000000	1.112741 
1366.000000	1.110021 
1364.000000	1.105377 
1362.000000	1.105536 
1360.000000	1.104257 
1358.000000	1.100320 
1356.000000	1.096466 
1354.000000	1.094418 
1352.000000	1.091358 
1350.000000	1.087802 
1348.000000	1.085540 
1346.000000	1.082892 
1344.000000	1.079639 
1342.000000	1.076181 
1340.000000	1.073983 
1338.000000	1.071407 
1336.000000	1.068745 
1334.000000	1.068475 
1332.000000	1.066879 
1330.000000	1.063313 
1328.000000	1.061300 
1326.000000	1.060135 
1324.000000	1.057311 
1322.000000	1.053692 
1320.000000	1.052294 
1318.000000	1.051788 
1316.000000	1.049910 
1314.000000	1.048460 
1312.000000	1.046242 
1310.000000	1.041786 
1308.000000	1.039797 
1306.000000	1.039483 
1304.000000	1.038326 
1302.000000	1.036034 
1300.000000	1.032596 
1298.000000	1.028976 
1296.000000	1.026184 
1294.000000	1.024339 
1292.000000	1.022078 
1290.000000	1.018448 
1288.000000	1.014652 
1286.000000	1.013068 
1284.000000	1.012103 
1282.000000	1.009616 
1280.000000	1.006131 
1278.000000	1.002568 
1276.000000	0.999786 
1274.000000	0.997262 
1272.000000	0.995345 
1270.000000	0.993333 
1268.000000	0.989868 
1266.000000	0.987220 
1264.000000	0.985358 
1262.000000	0.984453 
1260.000000	0.982826 
1258.000000	0.979994 
1256.000000	0.977167 
1254.000000	0.975469 
1252.000000	0.973594 
1250.000000	0.972160 
1248.000000	0.969879 
1246.000000	0.968161 
1244.000000	0.966667 
1242.000000	0.964474 
1240.000000	0.962300 
1238.000000	0.961176 
1236.000000	0.961440 
1234.000000	0.962168 
1232.000000	0.963097 
1230.000000	0.963362 
1228.000000	0.962794 
1226.000000	0.962704 
1224.000000	0.964372 
1222.000000	0.966753 
1220.000000	0.969269 
1218.000000	0.972332 
1216.000000	0.975512 
1214.000000	0.979425 
1212.000000	0.985046 
1210.000000	0.991914 
1208.000000	0.999167 
1206.000000	1.005363 
1204.000000	1.012359 
1202.000000	1.019763 
1200.000000	1.028652 
1198.000000	1.039643 
1196.000000	1.050564 
1194.000000	1.059116 
1192.000000	1.068298 
1190.000000	1.078731 
1188.000000	1.090206 
1186.000000	1.102243 
1184.000000	1.112578 
1182.000000	1.122651 
1180.000000	1.135646 
1178.000000	1.147647 
1176.000000	1.157530 
1174.000000	1.167517 
1172.000000	1.178135 
1170.000000	1.187149 
1168.000000	1.196899 
1166.000000	1.207996 
1164.000000	1.218191 
1162.000000	1.228166 
1160.000000	1.238557 
1158.000000	1.248724 
1156.000000	1.258660 
1154.000000	1.264809 
1152.000000	1.268565 
1150.000000	1.275630 
1148.000000	1.285095 
1146.000000	1.292550 
1144.000000	1.298238 
1142.000000	1.306525 
1140.000000	1.314758 
1138.000000	1.321521 
1136.000000	1.327937 
1134.000000	1.332844 
1132.000000	1.335452 
1130.000000	1.340624 
1128.000000	1.346971 
1126.000000	1.352536 
1124.000000	1.357478 
1122.000000	1.361327 
1120.000000	1.363215 
1118.000000	1.369546 
1116.000000	1.375006 
1114.000000	1.376265 
1112.000000	1.382631 
1110.000000	1.388810 
1108.000000	1.391033 
1106.000000	1.397430 
1104.000000	1.404091 
1102.000000	1.404372 
1100.000000	1.402799 
1098.000000	1.404787 
1096.000000	1.405825 
1094.000000	1.412313 
1092.000000	1.419238 
1090.000000	1.420883 
1088.000000	1.424076 
1086.000000	1.429291 
1084.000000	1.434929 
1082.000000	1.439550 
1080.000000	1.443633 
1078.000000	1.446677 
1076.000000	1.451475 
1074.000000	1.458675 
1072.000000	1.461128 
1070.000000	1.459983 
1068.000000	1.459959 
1066.000000	1.458859 
1064.000000	1.464512 
1062.000000	1.470942 
1060.000000	1.473965 
1058.000000	1.472728 
1056.000000	1.464702 
1054.000000	1.456650 
1052.000000	1.455517 
1050.000000	1.458273 
1048.000000	1.448572 
1046.000000	1.436544 
1044.000000	1.428682 
1042.000000	1.418244 
1040.000000	1.407240 
1038.000000	1.395285 
1036.000000	1.382324 
1034.000000	1.369350 
1032.000000	1.358723 
1030.000000	1.345818 
1028.000000	1.327410 
1026.000000	1.306257 
1024.000000	1.284110 
1022.000000	1.261948 
1020.000000	1.240253 
1018.000000	1.215261 
1016.000000	1.188758 
1014.000000	1.163704 
1012.000000	1.139703 
1010.000000	1.114414 
1008.000000	1.087788 
1006.000000	1.061238 
1004.000000	1.034352 
1002.000000	1.009231 
1000.000000	0.987684 
998.000000	 0.967669 
996.000000	 0.949334 
994.000000	 0.933846 
992.000000	 0.922792 
990.000000	 0.917316 
988.000000	 0.918576 
986.000000	 0.926360 
984.000000	 0.937137 
982.000000	 0.946274 
980.000000	 0.952350 
978.000000	 0.952903 
976.000000	 0.945066 
974.000000	 0.928852 
972.000000	 0.907839 
970.000000	 0.885615 
968.000000	 0.865286 
966.000000	 0.848206 
964.000000	 0.833503 
962.000000	 0.821764 
960.000000	 0.812750 
958.000000	 0.805422 
956.000000	 0.800134 
954.000000	 0.797130 
952.000000	 0.797215 
950.000000	 0.802499 
948.000000	 0.811469 
946.000000	 0.821260 
944.000000	 0.829537 
942.000000	 0.836658 
940.000000	 0.842031 
938.000000	 0.843953 
936.000000	 0.842231 
934.000000	 0.838399 
932.000000	 0.833697 
930.000000	 0.827711 
928.000000	 0.820630 
926.000000	 0.814297 
924.000000	 0.809988 
922.000000	 0.807368 
920.000000	 0.806207 
918.000000	 0.807428 
916.000000	 0.806533 
914.000000	 0.803535 
912.000000	 0.799441 
910.000000	 0.795987 
908.000000	 0.793912 
906.000000	 0.789165 
904.000000	 0.781712 
902.000000	 0.774289 
900.000000	 0.767600 
898.000000	 0.762435 
896.000000	 0.760279 
894.000000	 0.762774 
892.000000	 0.770615 
890.000000	 0.781763 
888.000000	 0.795579 
886.000000	 0.812742 
884.000000	 0.830361 
882.000000	 0.846649 
880.000000	 0.859204 
878.000000	 0.869114 
876.000000	 0.879467 
874.000000	 0.887172 
872.000000	 0.891155 
870.000000	 0.892062 
868.000000	 0.892187 
866.000000	 0.892001 
864.000000	 0.891061 
862.000000	 0.890327 
860.000000	 0.886982 
858.000000	 0.880550 
856.000000	 0.874648 
854.000000	 0.871603 
852.000000	 0.870729 
850.000000	 0.869002 
848.000000	 0.865693 
846.000000	 0.862974 
844.000000	 0.861217 
842.000000	 0.859735 
840.000000	 0.857638 
838.000000	 0.852394 
836.000000	 0.843749 
834.000000	 0.832274 
832.000000	 0.818342 
830.000000	 0.800659 
828.000000	 0.779103 
826.000000	 0.756932 
824.000000	 0.736867 
822.000000	 0.717158 
820.000000	 0.697566 
818.000000	 0.680047 
816.000000	 0.664099 
814.000000	 0.650680 
812.000000	 0.639204 
810.000000	 0.628949 
808.000000	 0.619435 
806.000000	 0.610101 
804.000000	 0.602260 
802.000000	 0.595068 
800.000000	 0.587020 
798.000000	 0.579331 
796.000000	 0.570499 
794.000000	 0.560314 
792.000000	 0.551194 
790.000000	 0.542453 
788.000000	 0.533611 
786.000000	 0.525141 
784.000000	 0.516766 
782.000000	 0.508671 
780.000000	 0.501513 
778.000000	 0.494760 
776.000000	 0.487364 
774.000000	 0.480290 
772.000000	 0.474341 
770.000000	 0.468589 
768.000000	 0.463239 
766.000000	 0.459127 
764.000000	 0.455097 
762.000000	 0.451195 
760.000000	 0.448158 
758.000000	 0.445832 
756.000000	 0.444396 
754.000000	 0.443320 
752.000000	 0.442030 
750.000000	 0.441189 
748.000000	 0.441395 
746.000000	 0.442235 
744.000000	 0.442776 
742.000000	 0.443084 
740.000000	 0.443934 
738.000000	 0.444940 
736.000000	 0.445881 
734.000000	 0.447256 
732.000000	 0.448739 
730.000000	 0.450076 
728.000000	 0.451882 
726.000000	 0.454131 
724.000000	 0.456464 
722.000000	 0.459178 
720.000000	 0.462249 
718.000000	 0.466189 
716.000000	 0.470686 
714.000000	 0.474267 
712.000000	 0.476618 
710.000000	 0.479127 
708.000000	 0.481404 
706.000000	 0.482323 
704.000000	 0.481096 
702.000000	 0.477241 
700.000000	 0.472417 
698.000000	 0.468741 
696.000000	 0.466603 
694.000000	 0.465226 
692.000000	 0.464834 
690.000000	 0.465123 
688.000000	 0.466451 
686.000000	 0.469341 
684.000000	 0.473691 
682.000000	 0.477946 
680.000000	 0.483631 
678.000000	 0.491161 
676.000000	 0.499142 
674.000000	 0.507137 
672.000000	 0.512862 
670.000000	 0.513475 
668.000000	 0.515810 
666.000000	 0.514597 
664.000000	 0.506284 
662.000000	 0.496372 
660.000000	 0.486573 
658.000000	 0.479732 
656.000000	 0.474676 
654.000000	 0.471110 
652.000000	 0.469247 
650.000000	 0.469415 
648.000000	 0.472615 
646.000000	 0.478475 
644.000000	 0.484966 
642.000000	 0.493161 
640.000000	 0.501398 
638.000000	 0.509245 
636.000000	 0.518595 
634.000000	 0.529203 
632.000000	 0.537905 
630.000000	 0.542708 
628.000000	 0.541227 
626.000000	 0.529900 
624.000000	 0.507973 
622.000000	 0.478694 
620.000000	 0.444475 
618.000000	 0.407325 
616.000000	 0.371829 
614.000000	 0.342136 
612.000000	 0.316777 
610.000000	 0.294727 
608.000000	 0.275849 
606.000000	 0.258431 
604.000000	 0.243194 
602.000000	 0.231217 
600.000000	 0.221719 
598.000000	 0.212756 
596.000000	 0.203951 
594.000000	 0.195996 
592.000000	 0.189404 
590.000000	 0.183166 
588.000000	 0.177431 
586.000000	 0.171756 
584.000000	 0.166543 
582.000000	 0.162072 
580.000000	 0.157635 
578.000000	 0.152732 
576.000000	 0.147076 
574.000000	 0.140863 
572.000000	 0.135288 
570.000000	 0.130490 
568.000000	 0.126142 
566.000000	 0.122120 
564.000000	 0.118304 
562.000000	 0.114698 
560.000000	 0.111151 
558.000000	 0.107647 
556.000000	 0.104032 
554.000000	 0.101269 
552.000000	 0.099896 
550.000000	 0.099078 
548.000000	 0.097622 
546.000000	 0.095707 
544.000000	 0.093082 
542.000000	 0.090386 
540.000000	 0.088792 
538.000000	 0.088239 
536.000000	 0.087942 
534.000000	 0.087326 
532.000000	 0.085938 
530.000000	 0.084154 
528.000000	 0.083633 
526.000000	 0.083225 
524.000000	 0.082254 
522.000000	 0.082000 
520.000000	 0.082367 
518.000000	 0.083273 
516.000000	 0.085418 
514.000000	 0.086994 
512.000000	 0.087227 
510.000000	 0.087485 
508.000000	 0.087637 
506.000000	 0.087056 
504.000000	 0.086496 
502.000000	 0.085544 
500.000000	 0.084635 
498.000000	 0.084460 
496.000000	 0.085319 
494.000000	 0.087592 
492.000000	 0.089971 
490.000000	 0.090900 
488.000000	 0.092221 
486.000000	 0.094514 
484.000000	 0.098117 
482.000000	 0.100532 
480.000000	 0.101829 
478.000000	 0.104083 
476.000000	 0.106790 
474.000000	 0.109035 
472.000000	 0.111127 
470.000000	 0.113738 
468.000000	 0.115500 
466.000000	 0.116491 
464.000000	 0.117379 
462.000000	 0.118481 
460.000000	 0.118962 
458.000000	 0.119507 
456.000000	 0.121280 
454.000000	 0.121762 
452.000000	 0.121583 
450.000000	 0.121115 

