450	0.01712	0.01699	0.0376	0.04897	0.07357	0.09866	0.12394	0.12715	0.18091	0.23818	0.25872	0.28402	0.31708	0.34447
452	0.0181	0.01768	0.03704	0.04807	0.07294	0.09867	0.12308	0.12576	0.18211	0.2382	0.25662	0.28331	0.31884	0.34319
454	0.01708	0.01639	0.03433	0.04672	0.07083	0.0958	0.1216	0.12409	0.1807	0.23554	0.25646	0.28107	0.31637	0.34107
456	0.01708	0.01601	0.03387	0.04534	0.07063	0.09469	0.12149	0.12175	0.17634	0.23013	0.25325	0.27771	0.31401	0.33833
458	0.01887	0.01758	0.03497	0.04552	0.07165	0.09527	0.12007	0.11812	0.17247	0.22483	0.24731	0.2731	0.31032	0.33508
460	0.01876	0.0175	0.03402	0.04525	0.06828	0.09205	0.1164	0.11572	0.16985	0.22269	0.24316	0.26815	0.30426	0.33192
462	0.01902	0.01679	0.03381	0.0439	0.06519	0.0881	0.11267	0.11338	0.16511	0.22023	0.24063	0.26381	0.2989	0.32714
464	0.02045	0.01691	0.03487	0.04267	0.06358	0.0852	0.10921	0.11042	0.16068	0.21697	0.23563	0.25946	0.29305	0.31992
466	0.02137	0.01842	0.03506	0.04216	0.06244	0.08385	0.10609	0.10768	0.15758	0.2125	0.2295	0.25486	0.28668	0.31196
468	0.02216	0.02159	0.03528	0.04205	0.06157	0.08302	0.10205	0.10483	0.15322	0.2062	0.22569	0.24826	0.2783	0.30321
470	0.0241	0.02446	0.03612	0.04181	0.06096	0.08136	0.09891	0.10121	0.14879	0.19881	0.21952	0.23989	0.26841	0.29283
472	0.02626	0.02547	0.03689	0.04143	0.06097	0.07988	0.09574	0.09674	0.14341	0.18999	0.20964	0.22921	0.259	0.28079
474	0.02712	0.02517	0.03752	0.03977	0.05778	0.07533	0.09199	0.09279	0.13483	0.18264	0.19982	0.21743	0.24735	0.26952
476	0.02798	0.02497	0.03728	0.03886	0.05426	0.07137	0.0875	0.08869	0.12786	0.17524	0.19006	0.20755	0.23353	0.25728
478	0.02833	0.0251	0.03594	0.03874	0.05257	0.06892	0.08232	0.08413	0.12224	0.16699	0.18085	0.19709	0.21993	0.24274
480	0.02837	0.02573	0.03508	0.03748	0.05065	0.06524	0.07787	0.08002	0.11601	0.15951	0.17056	0.18438	0.20711	0.22876
482	0.02897	0.02701	0.03588	0.03628	0.04949	0.06362	0.07418	0.07686	0.11046	0.15079	0.16006	0.17236	0.19478	0.21375
484	0.02976	0.02792	0.03695	0.03629	0.04926	0.06256	0.07027	0.07259	0.10362	0.14141	0.14936	0.16075	0.18147	0.19644
486	0.0299	0.02746	0.03653	0.03569	0.04776	0.05899	0.06433	0.06713	0.09586	0.13308	0.13649	0.14815	0.16679	0.17905
488	0.03012	0.02721	0.03649	0.03448	0.04579	0.0558	0.05988	0.06298	0.08935	0.12524	0.12453	0.13664	0.15212	0.16387
490	0.03011	0.0277	0.03657	0.03374	0.04389	0.05406	0.05662	0.05981	0.08306	0.11656	0.11376	0.12531	0.13855	0.15158
492	0.02959	0.02849	0.03632	0.03273	0.04256	0.05165	0.05312	0.05702	0.0771	0.10837	0.10354	0.11414	0.12469	0.13839
494	0.02925	0.02816	0.03529	0.03144	0.04071	0.0481	0.0509	0.05279	0.07149	0.10147	0.09488	0.1038	0.1117	0.12431
496	0.02965	0.02841	0.0353	0.03092	0.03956	0.04639	0.04859	0.04866	0.06707	0.09581	0.08795	0.09465	0.10119	0.11181
498	0.02959	0.02886	0.0359	0.03048	0.03883	0.04558	0.04619	0.04594	0.06338	0.08953	0.08188	0.08674	0.09196	0.10134
500	0.02905	0.02927	0.03653	0.03091	0.03894	0.04583	0.04395	0.04426	0.06006	0.08343	0.07643	0.07974	0.08324	0.0928
502	0.02953	0.03018	0.03733	0.03186	0.04043	0.04762	0.04305	0.04331	0.05714	0.07844	0.07067	0.07402	0.07639	0.08437
504	0.03057	0.03066	0.03754	0.03184	0.03985	0.04626	0.04222	0.04241	0.05427	0.07502	0.06465	0.06859	0.06981	0.07596
506	0.03084	0.0306	0.03689	0.03148	0.03879	0.04438	0.04066	0.04111	0.05231	0.07221	0.05951	0.06352	0.06327	0.06934
508	0.03038	0.02975	0.03654	0.03071	0.03809	0.04324	0.03976	0.03984	0.04983	0.06911	0.05527	0.05868	0.0575	0.06439
510	0.02961	0.02834	0.03561	0.02929	0.03664	0.042	0.03839	0.03783	0.04642	0.06607	0.0519	0.05406	0.05253	0.05996
512	0.02841	0.02603	0.03241	0.02785	0.03427	0.03942	0.03588	0.03571	0.04383	0.06368	0.0494	0.05051	0.04812	0.05525
514	0.02681	0.02293	0.02815	0.0256	0.03091	0.03549	0.03173	0.03362	0.04134	0.06054	0.04708	0.04744	0.04442	0.05111
516	0.02502	0.02041	0.02537	0.02229	0.02806	0.03269	0.02811	0.03019	0.03884	0.05748	0.04435	0.04456	0.04207	0.04782
518	0.02257	0.01794	0.02366	0.019	0.02575	0.03043	0.02601	0.02619	0.03564	0.05487	0.04092	0.04213	0.04002	0.04487
520	0.02042	0.01518	0.0208	0.01674	0.02301	0.02785	0.02353	0.02343	0.03231	0.0518	0.0372	0.03937	0.03706	0.04174
522	0.01929	0.01423	0.01861	0.01462	0.02023	0.02523	0.02033	0.0212	0.0295	0.04936	0.03427	0.03646	0.03402	0.03895
524	0.01937	0.01429	0.01843	0.01332	0.0197	0.02455	0.01819	0.0196	0.02741	0.04724	0.0323	0.03365	0.03201	0.0365
526	0.02052	0.01388	0.01817	0.01276	0.01905	0.02438	0.01728	0.01871	0.02594	0.04495	0.03086	0.03071	0.03076	0.03364
528	0.02222	0.01391	0.01739	0.01147	0.01661	0.02211	0.01586	0.01727	0.02398	0.04272	0.02951	0.02848	0.02818	0.03126
530	0.02409	0.01497	0.01751	0.01038	0.01551	0.01993	0.01548	0.01593	0.02234	0.041	0.02753	0.02673	0.02445	0.02925
532	0.02587	0.0159	0.01798	0.0102	0.01531	0.01941	0.01515	0.01586	0.02107	0.03958	0.0247	0.02431	0.02083	0.02692
534	0.02744	0.01645	0.01818	0.01058	0.0148	0.01939	0.01397	0.01539	0.01969	0.03733	0.02157	0.02121	0.01836	0.02435
536	0.02851	0.01662	0.01751	0.01027	0.01475	0.01896	0.01338	0.01415	0.01783	0.03524	0.01892	0.01838	0.01622	0.02151
538	0.02963	0.01689	0.01701	0.01017	0.01482	0.01868	0.01311	0.01259	0.01664	0.03383	0.01708	0.01631	0.01361	0.01911
540	0.03098	0.01806	0.01775	0.0102	0.01402	0.01839	0.01225	0.01129	0.01615	0.03197	0.01501	0.01423	0.01088	0.01678
542	0.03249	0.02029	0.01923	0.01026	0.01452	0.01809	0.01155	0.01102	0.01589	0.02991	0.01277	0.01265	0.0091	0.01434
544	0.03442	0.02257	0.02029	0.01108	0.01568	0.0184	0.01185	0.01186	0.01552	0.02853	0.01207	0.01079	0.00876	0.01231
546	0.0366	0.02397	0.02151	0.01297	0.01726	0.02044	0.0123	0.01263	0.01515	0.02743	0.01081	0.00901	0.00777	0.01097
548	0.03814	0.02538	0.02305	0.01402	0.01783	0.02121	0.01148	0.01269	0.01451	0.02645	0.00872	0.00803	0.00645	0.01003
550	0.0383	0.02633	0.02372	0.01361	0.01726	0.02014	0.0112	0.01229	0.0138	0.02613	0.00789	0.00622	0.00537	0.00907
552	0.03783	0.02649	0.0231	0.01236	0.01564	0.01853	0.01104	0.01125	0.01327	0.02589	0.00677	0.00441	0.00398	0.00779
554	0.03852	0.02777	0.02402	0.01227	0.0156	0.01849	0.01164	0.01077	0.01326	0.02559	0.00698	0.00432	0.00313	0.00698
556	0.04053	0.02983	0.02635	0.01413	0.01771	0.02042	0.01275	0.01167	0.01389	0.02548	0.00821	0.00445	0.00244	0.0066
558	0.04332	0.03272	0.02894	0.01627	0.01989	0.02209	0.01374	0.01342	0.01513	0.02535	0.00792	0.0043	0.0019	0.00622
560	0.04531	0.03581	0.03133	0.01852	0.02171	0.02367	0.01583	0.01505	0.01566	0.02545	0.00687	0.00426	0.00168	0.00571
562	0.04672	0.03804	0.03366	0.02166	0.02469	0.02603	0.01771	0.01673	0.01631	0.02655	0.00687	0.00501	0.0014	0.00555
564	0.04796	0.03982	0.0353	0.02426	0.0269	0.02786	0.01946	0.01847	0.01852	0.02809	0.00802	0.00544	0.00206	0.00583
566	0.04952	0.04221	0.03739	0.02584	0.028	0.02967	0.02096	0.02042	0.02052	0.02938	0.00964	0.00517	0.00322	0.00638
568	0.05246	0.04478	0.04084	0.02832	0.03047	0.03221	0.02245	0.02258	0.0219	0.03081	0.01121	0.00636	0.00393	0.00734
570	0.0565	0.04798	0.04496	0.03231	0.03384	0.03546	0.02552	0.02506	0.02387	0.03263	0.01266	0.00883	0.00466	0.00825
572	0.0616	0.05332	0.04996	0.03715	0.03751	0.03966	0.02933	0.02799	0.02635	0.03503	0.0136	0.01077	0.00649	0.00916
574	0.06702	0.05901	0.05485	0.04213	0.04266	0.04397	0.0332	0.0317	0.0295	0.0376	0.01519	0.01174	0.00896	0.01074
576	0.07131	0.0641	0.05922	0.04683	0.04829	0.04747	0.03709	0.03604	0.03307	0.03964	0.01784	0.01355	0.01076	0.01206
578	0.07455	0.06935	0.06363	0.05109	0.05244	0.05075	0.04067	0.03983	0.03611	0.04224	0.0199	0.01615	0.01201	0.01341
580	0.07759	0.07396	0.06829	0.05473	0.0557	0.05508	0.04365	0.04287	0.03899	0.04502	0.02127	0.01843	0.01382	0.0157
582	0.08066	0.07714	0.07252	0.05826	0.05919	0.05912	0.0471	0.04544	0.0421	0.04793	0.02342	0.02122	0.01598	0.01751
584	0.08336	0.08038	0.07592	0.06185	0.06302	0.06325	0.0505	0.04804	0.0447	0.0511	0.02699	0.02415	0.01822	0.01918
586	0.08592	0.08488	0.0798	0.06537	0.06696	0.06689	0.05323	0.05139	0.04758	0.05382	0.03069	0.02626	0.02083	0.02224
588	0.08919	0.09001	0.08473	0.06957	0.0712	0.06998	0.05798	0.0552	0.05124	0.05721	0.03451	0.02858	0.02297	0.02471
590	0.09303	0.09444	0.09025	0.07365	0.07665	0.07498	0.06268	0.05907	0.05433	0.06098	0.03814	0.03095	0.02462	0.02631
592	0.09757	0.10028	0.09614	0.07783	0.08265	0.08218	0.0676	0.06344	0.0577	0.06458	0.04107	0.03401	0.02718	0.02851
594	0.10326	0.10816	0.10308	0.08346	0.08794	0.08879	0.07353	0.06816	0.06205	0.0693	0.04417	0.03776	0.03028	0.0303
596	0.11112	0.11688	0.11174	0.09081	0.09526	0.09577	0.08046	0.07425	0.06845	0.07429	0.04799	0.04046	0.0329	0.03139
598	0.11978	0.1274	0.12163	0.09872	0.1045	0.10443	0.08875	0.08119	0.07445	0.07832	0.05195	0.04373	0.03588	0.03394
600	0.12911	0.13966	0.13316	0.10717	0.11504	0.11429	0.09737	0.08829	0.08027	0.08257	0.05599	0.04727	0.03832	0.03736
602	0.14141	0.15214	0.14519	0.11607	0.12521	0.1231	0.10587	0.09592	0.08724	0.08761	0.05902	0.04972	0.03972	0.04048
604	0.15815	0.16698	0.15941	0.12909	0.13733	0.13473	0.11565	0.10603	0.0945	0.09358	0.06291	0.05205	0.04324	0.04265
606	0.17818	0.18624	0.17655	0.14549	0.15316	0.15143	0.129	0.1194	0.10253	0.10029	0.06856	0.05499	0.04685	0.04361
608	0.20216	0.20904	0.19641	0.1643	0.17129	0.16956	0.14487	0.13495	0.11434	0.10755	0.07484	0.05951	0.04952	0.0456
610	0.22881	0.23195	0.21689	0.18519	0.19046	0.18654	0.16044	0.15196	0.12857	0.11529	0.08004	0.06521	0.05254	0.04957
612	0.26039	0.25922	0.24187	0.21091	0.21357	0.20624	0.1795	0.17214	0.14413	0.12657	0.08553	0.0705	0.05665	0.05312
614	0.29709	0.29408	0.2747	0.24234	0.24387	0.23378	0.2042	0.19564	0.16265	0.13994	0.0935	0.07584	0.06102	0.05589
616	0.33898	0.33438	0.31367	0.27798	0.27862	0.2673	0.23442	0.22346	0.18384	0.15334	0.10266	0.0815	0.06558	0.05837
618	0.38685	0.37919	0.35752	0.31836	0.31637	0.30433	0.26786	0.25709	0.20764	0.16797	0.11202	0.08692	0.06918	0.06153
620	0.4377	0.42377	0.40123	0.36185	0.35605	0.34222	0.30024	0.29238	0.23275	0.18317	0.12118	0.09265	0.07288	0.06605
622	0.4871	0.4611	0.43654	0.40332	0.39256	0.37387	0.32878	0.32473	0.25923	0.19988	0.12984	0.09956	0.07765	0.06986
624	0.52751	0.49085	0.46454	0.43884	0.42163	0.39755	0.35214	0.35214	0.28576	0.21605	0.13874	0.10619	0.08267	0.07362
626	0.55475	0.51094	0.48593	0.46176	0.43904	0.41502	0.3683	0.3722	0.304	0.22844	0.14708	0.11208	0.08831	0.07786
628	0.56666	0.51883	0.49439	0.47078	0.44583	0.42296	0.37487	0.38166	0.31154	0.23783	0.1543	0.11871	0.09325	0.08192
630	0.56453	0.52065	0.49158	0.46951	0.44524	0.42254	0.37642	0.38128	0.313	0.2434	0.15917	0.12404	0.09643	0.0849
632	0.55287	0.51495	0.48416	0.46033	0.43707	0.41555	0.37175	0.37461	0.30936	0.24502	0.16204	0.12666	0.09905	0.08656
634	0.53621	0.50124	0.47211	0.44567	0.42328	0.4035	0.36163	0.36404	0.3026	0.24351	0.1634	0.12773	0.10162	0.08827
636	0.5205	0.48527	0.45669	0.4303	0.40913	0.39062	0.35046	0.35156	0.29422	0.23954	0.16402	0.12854	0.10272	0.08992
638	0.50673	0.47084	0.44304	0.41698	0.39674	0.37837	0.33947	0.34035	0.2859	0.23534	0.16351	0.12949	0.10296	0.09072
640	0.49373	0.45805	0.43095	0.4046	0.38511	0.36669	0.32952	0.33063	0.27896	0.23182	0.16153	0.13022	0.10358	0.09092
642	0.4817	0.4466	0.41967	0.39313	0.37365	0.35527	0.31951	0.32058	0.27207	0.2286	0.1602	0.13	0.10417	0.09104
644	0.47145	0.43725	0.41012	0.3829	0.36287	0.34466	0.31056	0.3106	0.26624	0.22504	0.15913	0.12956	0.10481	0.09176
646	0.46386	0.42962	0.40178	0.37317	0.35289	0.33525	0.30228	0.30232	0.2603	0.22168	0.15833	0.12958	0.10496	0.09272
648	0.45786	0.42221	0.39366	0.36412	0.34375	0.32627	0.29529	0.29467	0.25299	0.21909	0.15669	0.13002	0.10412	0.09329
650	0.45441	0.41694	0.38801	0.35845	0.33864	0.32027	0.29081	0.28968	0.24687	0.21671	0.15625	0.13055	0.10336	0.09355
652	0.45458	0.41539	0.38631	0.35678	0.33693	0.31787	0.28903	0.28773	0.24595	0.2156	0.15707	0.1304	0.10416	0.09415
654	0.45957	0.41853	0.38886	0.35862	0.33817	0.31871	0.28993	0.2878	0.24795	0.2155	0.15745	0.1304	0.10526	0.09468
656	0.46767	0.4252	0.3938	0.36207	0.34074	0.32217	0.2921	0.28958	0.2497	0.21577	0.15775	0.13091	0.10603	0.0946
658	0.47728	0.43186	0.39966	0.36711	0.34495	0.32741	0.29598	0.29285	0.25393	0.21741	0.15865	0.13252	0.10676	0.09463
660	0.48672	0.43883	0.40634	0.3737	0.35194	0.33312	0.3012	0.29791	0.25777	0.21978	0.16075	0.13371	0.10761	0.09502
662	0.49702	0.44873	0.41492	0.3825	0.36205	0.34178	0.30737	0.30592	0.26099	0.22369	0.16327	0.13463	0.10787	0.09651
664	0.5085	0.45914	0.42624	0.39255	0.3715	0.35128	0.31534	0.31404	0.26603	0.2283	0.16545	0.13629	0.10925	0.09753
666	0.52304	0.47153	0.43864	0.39959	0.37643	0.35411	0.32531	0.32057	0.27361	0.23341	0.16745	0.14205	0.11187	0.099
668	0.5339	0.48044	0.4448	0.39642	0.37157	0.34424	0.33254	0.31999	0.27874	0.23559	0.16537	0.14924	0.11066	0.09988
670	0.5215	0.46807	0.43376	0.3937	0.36914	0.34419	0.32234	0.31587	0.27277	0.23292	0.16664	0.14582	0.11004	0.09935
672	0.50959	0.45571	0.42277	0.39282	0.36752	0.34709	0.3145	0.31347	0.26847	0.23082	0.16863	0.14214	0.11214	0.1001
674	0.49716	0.44238	0.41178	0.3845	0.35825	0.33957	0.3081	0.30596	0.26399	0.22794	0.1667	0.14101	0.11279	0.10076
676	0.48096	0.42635	0.3992	0.37281	0.34649	0.32835	0.29796	0.29617	0.25572	0.22341	0.16456	0.14029	0.11274	0.10166
678	0.46258	0.40961	0.3853	0.35985	0.3354	0.31649	0.28818	0.28641	0.24534	0.21923	0.16273	0.1406	0.1135	0.10274
680	0.44146	0.39311	0.37031	0.34628	0.32412	0.30518	0.27927	0.27709	0.23626	0.21491	0.16071	0.14053	0.1148	0.10368
682	0.41948	0.37686	0.35622	0.334	0.31395	0.29676	0.27189	0.26962	0.23157	0.21062	0.15919	0.14027	0.11569	0.10454
684	0.39759	0.35853	0.34285	0.32269	0.30554	0.28951	0.26574	0.26357	0.22955	0.20767	0.15887	0.14076	0.11655	0.10591
686	0.37357	0.33873	0.32873	0.31138	0.29712	0.28142	0.25996	0.25744	0.22636	0.20579	0.15961	0.14168	0.11751	0.10877
688	0.34679	0.31985	0.315	0.30071	0.28863	0.27456	0.25453	0.25276	0.22276	0.20422	0.16038	0.14228	0.11869	0.11101
690	0.31996	0.30234	0.30218	0.2903	0.28103	0.26996	0.24996	0.24964	0.2208	0.20357	0.16141	0.14331	0.12091	0.113
692	0.29539	0.2864	0.29032	0.28154	0.27411	0.26572	0.24699	0.24757	0.22025	0.20466	0.16332	0.14625	0.12448	0.1169
694	0.27264	0.27171	0.27914	0.27446	0.26827	0.26189	0.24519	0.24617	0.2205	0.20677	0.1667	0.15033	0.12821	0.12178
696	0.25133	0.25721	0.26845	0.26766	0.26454	0.25934	0.24581	0.24576	0.22171	0.20965	0.1713	0.15502	0.13354	0.1273
698	0.23277	0.2441	0.25973	0.26207	0.26255	0.25919	0.24716	0.24611	0.2241	0.21442	0.1763	0.16129	0.14087	0.13435
700	0.21697	0.23278	0.2531	0.25739	0.26105	0.26015	0.24816	0.248	0.22816	0.21991	0.18246	0.16941	0.14836	0.1424
702	0.20369	0.22309	0.24647	0.25288	0.25942	0.26042	0.25062	0.25104	0.23343	0.22573	0.18946	0.1772	0.15627	0.15003
704	0.19247	0.2149	0.2398	0.24874	0.25695	0.26026	0.25252	0.2531	0.23656	0.23147	0.19649	0.18368	0.16429	0.15743
706	0.18285	0.20748	0.23356	0.24419	0.25318	0.25872	0.25221	0.25254	0.23701	0.23548	0.20196	0.18979	0.17041	0.16418
708	0.17516	0.19954	0.22717	0.23779	0.24825	0.25481	0.24938	0.24984	0.23591	0.23719	0.20461	0.19466	0.17424	0.16955
710	0.1694	0.1928	0.22108	0.23113	0.24375	0.25005	0.24651	0.24577	0.23462	0.23652	0.20524	0.19675	0.17653	0.17297
712	0.1636	0.18706	0.21408	0.2248	0.23783	0.2452	0.24216	0.24148	0.23123	0.23406	0.20345	0.19592	0.17723	0.17369
714	0.15774	0.18045	0.20707	0.21815	0.23135	0.23972	0.23658	0.23734	0.22622	0.22981	0.20101	0.1932	0.17628	0.1722
716	0.15081	0.17299	0.20026	0.2113	0.22473	0.23308	0.23154	0.23197	0.22254	0.22574	0.19834	0.19019	0.1746	0.17142
718	0.1432	0.16588	0.19331	0.20446	0.21779	0.22589	0.22622	0.22569	0.21904	0.22258	0.19582	0.18873	0.17387	0.17172
720	0.13465	0.15783	0.18655	0.19686	0.21156	0.21925	0.22141	0.21996	0.21485	0.21939	0.19372	0.18782	0.17356	0.17119
722	0.12452	0.1491	0.17982	0.19008	0.20655	0.21424	0.21624	0.2151	0.20979	0.21658	0.19275	0.18653	0.17312	0.17156
724	0.1128	0.14092	0.17277	0.18418	0.20063	0.20948	0.21114	0.2106	0.20451	0.21448	0.19195	0.18622	0.17354	0.17335
726	0.10033	0.13351	0.16556	0.17813	0.19382	0.20482	0.2069	0.20648	0.20256	0.21344	0.19106	0.18673	0.17462	0.1751
728	0.08815	0.12569	0.1585	0.17177	0.18828	0.20005	0.2025	0.20244	0.20221	0.2127	0.19079	0.18715	0.17573	0.17639
730	0.07775	0.11776	0.15225	0.16596	0.18347	0.19539	0.1999	0.19885	0.2004	0.21117	0.19082	0.18802	0.17753	0.17855
732	0.07002	0.1116	0.14696	0.16051	0.1787	0.1913	0.19777	0.19572	0.19761	0.20957	0.19029	0.18971	0.18017	0.18128
734	0.06324	0.10671	0.14302	0.15579	0.17481	0.1878	0.1947	0.19245	0.19552	0.20869	0.18967	0.19117	0.18173	0.18281
736	0.05599	0.1023	0.13866	0.15182	0.17104	0.18415	0.19149	0.18929	0.1947	0.20754	0.19035	0.19196	0.18223	0.18427
738	0.04811	0.09741	0.1337	0.14833	0.1667	0.17978	0.18879	0.18656	0.19233	0.2061	0.19179	0.19152	0.18325	0.18642
740	0.03989	0.09164	0.1297	0.14486	0.16269	0.17552	0.18589	0.18377	0.18875	0.20491	0.19199	0.1906	0.18387	0.18796
742	0.03237	0.08733	0.12688	0.14153	0.15946	0.1726	0.18262	0.18113	0.18574	0.20327	0.19074	0.19061	0.1833	0.18905
744	0.02701	0.08489	0.12493	0.13946	0.15725	0.17055	0.18012	0.17904	0.18399	0.20116	0.18885	0.19014	0.18281	0.19036
746	0.02407	0.08289	0.1236	0.13771	0.15555	0.16879	0.17748	0.17671	0.18277	0.1997	0.18757	0.18903	0.1831	0.19076
748	0.02237	0.08144	0.12288	0.13602	0.15421	0.16708	0.1757	0.17408	0.18151	0.19838	0.18676	0.18825	0.18297	0.18959
750	0.02105	0.08097	0.1221	0.135	0.15282	0.16541	0.1742	0.17195	0.17909	0.19655	0.18509	0.18735	0.18152	0.18796
752	0.01976	0.08124	0.12183	0.13476	0.15111	0.164	0.17234	0.17013	0.17465	0.1941	0.18225	0.18462	0.17852	0.18688
754	0.01924	0.08152	0.12274	0.13462	0.15032	0.16323	0.17121	0.16876	0.1724	0.19209	0.1795	0.18125	0.17686	0.18438
756	0.01935	0.08194	0.12417	0.13483	0.15079	0.16257	0.16971	0.16718	0.17141	0.18945	0.17717	0.17901	0.17525	0.18154
758	0.01946	0.08334	0.12573	0.13594	0.15204	0.16268	0.16819	0.16596	0.16991	0.18655	0.17499	0.17753	0.1719	0.17945
760	0.01978	0.08586	0.12746	0.13835	0.15389	0.16375	0.16788	0.16562	0.1689	0.18466	0.17332	0.17552	0.16841	0.17755
762	0.02018	0.08837	0.13011	0.14138	0.15641	0.16473	0.16931	0.166	0.16824	0.18383	0.17208	0.17315	0.16616	0.17576
764	0.02069	0.09116	0.13409	0.14462	0.15918	0.16679	0.17054	0.16724	0.16844	0.18303	0.16997	0.17115	0.16413	0.17352
766	0.02105	0.09442	0.13842	0.14828	0.16225	0.17002	0.17146	0.16861	0.1672	0.18167	0.16821	0.17002	0.16181	0.17174
768	0.02134	0.0977	0.14336	0.15256	0.16643	0.17332	0.17385	0.17006	0.1665	0.18122	0.168	0.16939	0.15961	0.1702
770	0.02138	0.10125	0.1485	0.15729	0.17049	0.17748	0.17656	0.17275	0.16837	0.18221	0.16787	0.16904	0.15913	0.16903
772	0.02215	0.10576	0.15344	0.16225	0.17497	0.1826	0.1801	0.17584	0.17052	0.18339	0.16815	0.16901	0.15898	0.16823
774	0.02264	0.11004	0.15876	0.16759	0.1807	0.18674	0.18351	0.17913	0.17302	0.18481	0.16939	0.16979	0.15849	0.16717
776	0.02301	0.11426	0.16442	0.17367	0.18654	0.19064	0.18717	0.18355	0.17542	0.18663	0.17062	0.17109	0.15857	0.16639
778	0.02377	0.11851	0.17023	0.18013	0.19187	0.19521	0.19115	0.18828	0.17951	0.18888	0.17227	0.17245	0.15936	0.16674
780	0.02447	0.12259	0.17671	0.18699	0.19783	0.20088	0.19517	0.19238	0.18419	0.1916	0.17506	0.17384	0.1604	0.16783
782	0.025	0.12715	0.18237	0.19386	0.20406	0.2068	0.2003	0.19688	0.18625	0.19504	0.1777	0.17626	0.16072	0.16878
784	0.02582	0.13231	0.18789	0.20068	0.21043	0.21317	0.20655	0.20231	0.18802	0.19872	0.17991	0.1789	0.1619	0.16997
786	0.02685	0.1373	0.19448	0.20752	0.21782	0.21962	0.21314	0.20803	0.19255	0.20287	0.18285	0.18237	0.16485	0.17264
788	0.02804	0.14087	0.2011	0.21399	0.22534	0.22573	0.2189	0.21384	0.19862	0.20829	0.18653	0.18676	0.16817	0.17523
790	0.02863	0.14344	0.20654	0.22069	0.23203	0.23263	0.22486	0.22002	0.20549	0.21387	0.19159	0.19098	0.17089	0.17699
792	0.02864	0.14612	0.21131	0.227	0.23879	0.23965	0.23241	0.2261	0.21171	0.21921	0.19676	0.19568	0.1733	0.17978
794	0.02864	0.14841	0.21528	0.23238	0.24516	0.24513	0.23918	0.23256	0.21545	0.22514	0.20173	0.20046	0.17696	0.1831
796	0.02905	0.15045	0.21821	0.23727	0.25023	0.25106	0.24455	0.24008	0.22039	0.23096	0.20716	0.20523	0.18218	0.18637
798	0.03012	0.15202	0.2211	0.2419	0.25452	0.2585	0.24962	0.24626	0.22716	0.23649	0.21233	0.21015	0.18665	0.19042
800	0.03155	0.15336	0.22492	0.24625	0.25916	0.26508	0.25612	0.25129	0.23279	0.24227	0.21767	0.21437	0.18999	0.19395
802	0.03372	0.15556	0.22748	0.24916	0.26435	0.26982	0.26238	0.25667	0.23731	0.24765	0.22203	0.21892	0.19316	0.19706
804	0.03574	0.1574	0.22909	0.25144	0.26927	0.27413	0.26822	0.26121	0.24199	0.25209	0.22597	0.22453	0.19614	0.20071
806	0.03709	0.15818	0.23091	0.25481	0.27284	0.27842	0.2742	0.26639	0.24829	0.25543	0.23026	0.22884	0.19944	0.20367
808	0.03851	0.1581	0.23198	0.25765	0.27581	0.28199	0.27951	0.27306	0.25615	0.25947	0.23505	0.23241	0.20398	0.20633
810	0.03918	0.15745	0.23276	0.25969	0.27917	0.28587	0.28529	0.27992	0.26159	0.26555	0.24124	0.23713	0.20906	0.21047
812	0.03897	0.1569	0.23281	0.26168	0.28282	0.2925	0.29127	0.28751	0.26883	0.27414	0.24742	0.24403	0.21431	0.21603
814	0.0384	0.15559	0.23255	0.2636	0.28623	0.29971	0.30019	0.29633	0.27947	0.28519	0.25584	0.25355	0.22243	0.22362
816	0.03724	0.15278	0.2321	0.26534	0.29074	0.30648	0.31084	0.30709	0.29256	0.29787	0.26847	0.26621	0.2343	0.23477
818	0.0356	0.15113	0.23259	0.26838	0.29759	0.31513	0.32297	0.32037	0.30818	0.31456	0.28498	0.28272	0.24963	0.24928
820	0.03463	0.15097	0.23309	0.27242	0.30484	0.32366	0.3386	0.33523	0.32697	0.33606	0.3062	0.30348	0.26872	0.26851
822	0.03402	0.15041	0.23388	0.27639	0.31245	0.33347	0.35262	0.35216	0.35154	0.36097	0.33345	0.33001	0.29511	0.2946
824	0.03277	0.14902	0.23539	0.28037	0.31966	0.3446	0.36877	0.36921	0.37979	0.39198	0.36742	0.36409	0.33135	0.3298
826	0.03228	0.14864	0.23733	0.28518	0.3272	0.35781	0.38916	0.38662	0.40716	0.42799	0.4065	0.40592	0.37277	0.37163
828	0.03224	0.14942	0.23775	0.28993	0.3344	0.37089	0.40937	0.40613	0.43478	0.4645	0.44714	0.44999	0.41792	0.41628
830	0.03229	0.14995	0.23792	0.29274	0.34023	0.3818	0.42613	0.42503	0.46084	0.49813	0.4856	0.49175	0.46306	0.46138
832	0.03194	0.14994	0.23859	0.29364	0.34506	0.39076	0.4398	0.44005	0.48273	0.52577	0.51807	0.52944	0.50167	0.50343
834	0.03151	0.14923	0.23926	0.29507	0.34995	0.39701	0.45167	0.45132	0.50154	0.54851	0.54475	0.55986	0.53453	0.53805
836	0.03109	0.14751	0.2382	0.29599	0.35457	0.40204	0.45931	0.46014	0.51498	0.56581	0.56435	0.57918	0.56033	0.56387
838	0.03185	0.14632	0.23684	0.29561	0.3559	0.4042	0.46404	0.46612	0.52258	0.57535	0.57677	0.59198	0.57661	0.58211
840	0.03325	0.14545	0.23554	0.29512	0.3546	0.40453	0.46556	0.46871	0.52665	0.58082	0.587	0.6032	0.58955	0.59519
842	0.03412	0.14417	0.23429	0.29358	0.35337	0.4049	0.46681	0.46814	0.52726	0.58531	0.5934	0.60943	0.60045	0.60648
844	0.03423	0.14324	0.23154	0.29074	0.35077	0.40379	0.46838	0.46697	0.52655	0.58641	0.59534	0.61341	0.60772	0.61458
846	0.0347	0.1424	0.22869	0.2885	0.34828	0.4019	0.46796	0.46606	0.52579	0.58474	0.5964	0.6178	0.61069	0.62007
848	0.0361	0.14105	0.22759	0.28698	0.34716	0.39969	0.46734	0.46612	0.5256	0.58457	0.59785	0.61992	0.61219	0.62456
850	0.03732	0.14049	0.22646	0.28546	0.34622	0.3977	0.46615	0.46677	0.52667	0.58534	0.59986	0.62024	0.61513	0.62783
852	0.0387	0.1405	0.22572	0.28394	0.34641	0.3972	0.46671	0.46582	0.52796	0.58652	0.60183	0.62165	0.61693	0.6288
854	0.04063	0.14067	0.22492	0.28323	0.34666	0.39827	0.46821	0.46381	0.52843	0.59024	0.60448	0.62505	0.62095	0.62941
856	0.04336	0.14145	0.22388	0.28363	0.34609	0.4002	0.46976	0.46397	0.52941	0.59404	0.60804	0.62838	0.62714	0.63198
858	0.04589	0.14113	0.22313	0.28333	0.34662	0.40165	0.47071	0.46699	0.53215	0.59617	0.61007	0.63451	0.63129	0.63754
860	0.0476	0.13889	0.22236	0.28241	0.34696	0.40164	0.46855	0.47053	0.53504	0.59982	0.61288	0.64413	0.63605	0.64724
862	0.04744	0.13501	0.22002	0.28125	0.34629	0.40037	0.46839	0.47099	0.5365	0.60624	0.61946	0.6517	0.64417	0.65788
864	0.04559	0.13054	0.21536	0.27772	0.34375	0.39863	0.47004	0.46884	0.53816	0.61049	0.62535	0.65861	0.65375	0.66913
866	0.04429	0.12604	0.21042	0.27308	0.33914	0.39596	0.46983	0.4669	0.54133	0.61179	0.6328	0.66532	0.6632	0.68114
868	0.0451	0.12127	0.20588	0.26863	0.33361	0.39097	0.46575	0.4642	0.54222	0.61566	0.64352	0.67296	0.67784	0.69198
870	0.04738	0.11688	0.20027	0.26214	0.32694	0.38457	0.46022	0.46119	0.54166	0.62032	0.65149	0.68384	0.69463	0.70941
872	0.05004	0.11331	0.19381	0.25522	0.32056	0.37727	0.45537	0.4574	0.54066	0.62105	0.65634	0.69295	0.70646	0.72816
874	0.05283	0.11171	0.18782	0.24868	0.31451	0.37067	0.44711	0.45054	0.53817	0.61911	0.65852	0.69762	0.71515	0.74005
876	0.05686	0.11208	0.18368	0.24225	0.30626	0.36312	0.43758	0.43995	0.53158	0.61677	0.65764	0.69686	0.71855	0.74756
878	0.06421	0.11406	0.1802	0.23652	0.29651	0.35245	0.42678	0.42671	0.51808	0.60773	0.65121	0.69006	0.71512	0.74237
880	0.07485	0.11798	0.17696	0.23067	0.28702	0.33979	0.41377	0.41391	0.50218	0.59014	0.63361	0.67733	0.70532	0.72656
882	0.08766	0.12439	0.17636	0.22513	0.27737	0.32773	0.39876	0.39848	0.48373	0.56663	0.60922	0.65468	0.68247	0.7041
884	0.10667	0.13451	0.17965	0.22077	0.26835	0.31562	0.3815	0.3793	0.46024	0.53777	0.58056	0.61992	0.64487	0.67372
886	0.13281	0.14864	0.18591	0.21924	0.26136	0.30326	0.36176	0.3588	0.43247	0.50594	0.54548	0.58015	0.60259	0.63322
888	0.16426	0.16789	0.19566	0.22124	0.25589	0.29208	0.34188	0.33875	0.40352	0.47086	0.50444	0.53842	0.55715	0.58416
890	0.19783	0.19091	0.20679	0.22617	0.25257	0.28192	0.32387	0.32205	0.37653	0.43551	0.46412	0.49305	0.50872	0.53236
892	0.23153	0.21461	0.22018	0.23347	0.25263	0.27548	0.30811	0.30802	0.35296	0.40285	0.42624	0.4479	0.46185	0.48169
894	0.26221	0.23775	0.23719	0.24364	0.25762	0.27432	0.29749	0.2973	0.33352	0.37503	0.39125	0.40804	0.41892	0.4359
896	0.28711	0.25918	0.25525	0.25645	0.26463	0.27629	0.29347	0.29192	0.31871	0.3523	0.36077	0.37558	0.38235	0.39676
898	0.30368	0.27686	0.27177	0.27033	0.27248	0.28143	0.29242	0.29119	0.30965	0.33604	0.33821	0.34874	0.35331	0.36514
900	0.3109	0.28947	0.2842	0.28284	0.28219	0.28928	0.2936	0.29347	0.30533	0.32558	0.32263	0.32769	0.33173	0.34111
902	0.31132	0.29582	0.29368	0.29227	0.29157	0.29642	0.29642	0.29727	0.30309	0.31764	0.31069	0.31147	0.31521	0.32213
904	0.30817	0.29825	0.30163	0.30067	0.30092	0.30297	0.30189	0.30181	0.30326	0.31256	0.30167	0.29934	0.30113	0.30673
906	0.30045	0.29693	0.30582	0.30767	0.30956	0.31142	0.30689	0.30638	0.30471	0.30901	0.29352	0.28964	0.289	0.29355
908	0.28062	0.28725	0.30343	0.30909	0.31215	0.31557	0.30686	0.30825	0.3033	0.30402	0.28434	0.27989	0.27905	0.28034
910	0.25262	0.2714	0.29702	0.30619	0.30913	0.31341	0.30407	0.30744	0.3008	0.29842	0.27605	0.27075	0.26937	0.26787
912	0.22375	0.25618	0.29053	0.30371	0.30719	0.31296	0.30361	0.30801	0.30069	0.29336	0.27027	0.26416	0.26117	0.25838
914	0.19181	0.2409	0.28206	0.30087	0.30679	0.31395	0.30626	0.30922	0.30039	0.28962	0.26662	0.26097	0.2571	0.25181
916	0.15443	0.2223	0.27055	0.29469	0.30326	0.31086	0.30583	0.30933	0.29906	0.28922	0.2662	0.25956	0.25559	0.24785
918	0.1159	0.19979	0.25624	0.28449	0.29527	0.30496	0.30239	0.30734	0.29773	0.29128	0.26895	0.25961	0.25551	0.24846
920	0.07979	0.17654	0.24081	0.2723	0.28563	0.29816	0.29745	0.30324	0.29669	0.29295	0.27293	0.26279	0.25817	0.25261
922	0.05208	0.15952	0.2285	0.2621	0.2787	0.29326	0.2949	0.30151	0.29762	0.29665	0.27867	0.26865	0.26411	0.25826
924	0.03412	0.14851	0.22099	0.25597	0.27512	0.29093	0.29623	0.30125	0.30064	0.30296	0.28532	0.27582	0.27177	0.26645
926	0.02293	0.14201	0.21645	0.25322	0.27487	0.29106	0.29822	0.30267	0.30548	0.30916	0.29217	0.28394	0.27989	0.27495
928	0.01706	0.1379	0.21401	0.25205	0.27542	0.29371	0.3023	0.30612	0.31125	0.31508	0.29951	0.29185	0.2879	0.28184
930	0.01317	0.13407	0.21205	0.25137	0.27625	0.29648	0.30617	0.31032	0.31676	0.32048	0.30639	0.2989	0.29423	0.2874
932	0.01056	0.13015	0.20901	0.2508	0.27772	0.29842	0.31019	0.31342	0.3215	0.32644	0.31284	0.30407	0.29771	0.29209
934	0.00936	0.12588	0.20584	0.2495	0.27798	0.29876	0.31366	0.31524	0.3254	0.33195	0.31802	0.30842	0.30106	0.29431
936	0.00904	0.12083	0.20103	0.24589	0.27532	0.297	0.31372	0.31619	0.3281	0.33481	0.32016	0.31294	0.30548	0.29572
938	0.00874	0.11579	0.19428	0.23967	0.27036	0.29264	0.31238	0.31502	0.32783	0.33658	0.3214	0.31583	0.30809	0.2982
940	0.00839	0.11091	0.18703	0.23101	0.26296	0.28575	0.30854	0.31022	0.32418	0.33497	0.32086	0.31492	0.30832	0.29943
942	0.00788	0.10576	0.18054	0.22191	0.25339	0.27741	0.30014	0.30196	0.31768	0.32769	0.31646	0.31063	0.30478	0.29676
944	0.00719	0.1009	0.17387	0.21392	0.24335	0.26818	0.28783	0.29196	0.30659	0.31651	0.30592	0.30087	0.29595	0.28736
946	0.00711	0.09791	0.16804	0.20722	0.23519	0.25956	0.27553	0.2808	0.29261	0.30303	0.2929	0.28656	0.28283	0.27446
948	0.00764	0.09708	0.16491	0.20158	0.22882	0.25057	0.26415	0.26812	0.2794	0.28777	0.27906	0.27193	0.2679	0.26085
950	0.00781	0.09715	0.16363	0.19793	0.22346	0.24286	0.25517	0.25627	0.2671	0.27321	0.26365	0.25756	0.25369	0.24593
952	0.00718	0.09778	0.16418	0.19667	0.22049	0.23944	0.24986	0.2481	0.25596	0.26168	0.24968	0.24518	0.23999	0.23282
954	0.00764	0.09894	0.16613	0.19741	0.22062	0.23768	0.24602	0.24513	0.24733	0.25203	0.24034	0.23556	0.22797	0.22375
956	0.00841	0.10047	0.16811	0.19977	0.22236	0.2378	0.24606	0.24525	0.24265	0.24629	0.23506	0.2296	0.22021	0.2168
958	0.0084	0.10158	0.17003	0.203	0.22547	0.24148	0.24901	0.24765	0.24158	0.24552	0.23307	0.22897	0.21734	0.21314
960	0.00839	0.10219	0.17252	0.20696	0.2304	0.24614	0.25396	0.2521	0.24473	0.24772	0.2354	0.23129	0.21737	0.21297
962	0.00822	0.10381	0.176	0.21193	0.23667	0.25124	0.26125	0.25823	0.25041	0.25327	0.2402	0.2353	0.21932	0.2153
964	0.00827	0.10706	0.18079	0.21818	0.24485	0.26015	0.26934	0.26708	0.25732	0.26113	0.24639	0.24241	0.22276	0.21988
966	0.00836	0.11105	0.18728	0.22652	0.25513	0.27128	0.27986	0.2789	0.2674	0.27176	0.25558	0.25164	0.22867	0.22617
968	0.00821	0.11554	0.19653	0.23737	0.26728	0.28383	0.29354	0.2931	0.28191	0.2867	0.26795	0.2648	0.23919	0.23664
970	0.00841	0.12114	0.20677	0.24949	0.28165	0.30065	0.312	0.31054	0.30008	0.30471	0.28494	0.28254	0.2539	0.25104
972	0.00917	0.12661	0.215	0.26133	0.29575	0.3182	0.33211	0.32988	0.32015	0.32658	0.30535	0.30284	0.27165	0.26782
974	0.00913	0.12906	0.21938	0.27031	0.30625	0.33177	0.34914	0.34801	0.34045	0.34961	0.32687	0.32442	0.29169	0.28821
976	0.00963	0.12852	0.22095	0.27305	0.31203	0.3392	0.36068	0.36134	0.3574	0.36999	0.34706	0.34739	0.31062	0.30791
978	0.01042	0.12622	0.21884	0.27069	0.31159	0.34083	0.36573	0.36629	0.36742	0.38366	0.36284	0.36572	0.32822	0.32526
980	0.01054	0.1227	0.21197	0.26471	0.30463	0.33647	0.36458	0.36285	0.3687	0.38952	0.37142	0.37626	0.34131	0.34021
982	0.00971	0.1176	0.20346	0.255	0.29461	0.32488	0.35555	0.35382	0.36276	0.39016	0.37542	0.38295	0.34994	0.35003
984	0.0093	0.11365	0.19672	0.24536	0.2842	0.3122	0.34351	0.34173	0.35346	0.38538	0.37645	0.38649	0.35518	0.35585
986	0.00955	0.11174	0.1915	0.23625	0.27348	0.30052	0.32906	0.328	0.34262	0.37646	0.37083	0.38621	0.35429	0.35712
988	0.00953	0.1109	0.18773	0.23008	0.26576	0.29109	0.31763	0.31726	0.33288	0.3673	0.36269	0.38009	0.34964	0.35327
990	0.00931	0.11107	0.18727	0.22863	0.26387	0.28739	0.3161	0.31305	0.32917	0.3643	0.35966	0.3766	0.34752	0.35109
992	0.00965	0.11308	0.1906	0.23038	0.26584	0.2895	0.31911	0.31557	0.33295	0.36737	0.36609	0.38329	0.35331	0.36005
994	0.00986	0.11642	0.19524	0.2346	0.27075	0.29628	0.32565	0.32367	0.34272	0.37669	0.37952	0.39668	0.36622	0.37582
996	0.00989	0.12063	0.20089	0.24193	0.27879	0.30725	0.33673	0.33621	0.35675	0.39472	0.39653	0.4144	0.38582	0.39507
998	0.00906	0.12498	0.20788	0.25138	0.28865	0.31959	0.35159	0.35159	0.37446	0.41677	0.41777	0.43705	0.41253	0.4211
1000	0.009	0.12906	0.21541	0.26168	0.30039	0.33361	0.3691	0.36865	0.39584	0.44067	0.44483	0.46484	0.44216	0.45225
1002	0.01017	0.13369	0.2244	0.27278	0.31381	0.34935	0.38978	0.38724	0.42022	0.46702	0.47532	0.49857	0.47297	0.48548
1004	0.01077	0.13893	0.23375	0.28474	0.32949	0.36502	0.41378	0.40941	0.44568	0.49706	0.50587	0.53441	0.50539	0.5212
1006	0.01047	0.14445	0.24254	0.29722	0.34586	0.38218	0.43668	0.43335	0.47251	0.52928	0.54042	0.57115	0.54327	0.55966
1008	0.01058	0.1498	0.25215	0.31041	0.36152	0.40284	0.45858	0.45694	0.50227	0.5611	0.57825	0.61071	0.58519	0.60178
1010	0.01188	0.15488	0.26175	0.32321	0.37727	0.42143	0.4803	0.48062	0.53208	0.59483	0.61703	0.65117	0.62891	0.6464
1012	0.01328	0.15927	0.26921	0.33463	0.39195	0.43762	0.50473	0.50295	0.56031	0.62928	0.65773	0.69084	0.67223	0.69061
1014	0.01384	0.16387	0.27649	0.3458	0.40648	0.45603	0.52936	0.524	0.58809	0.66408	0.6914	0.73315	0.71552	0.73522
1016	0.01391	0.16931	0.28597	0.35662	0.42094	0.47545	0.55049	0.5461	0.61619	0.70041	0.72714	0.77607	0.76276	0.78568
1018	0.01392	0.17437	0.29555	0.36654	0.43459	0.49084	0.57174	0.56965	0.64709	0.73653	0.77267	0.81927	0.80945	0.83841
1020	0.01495	0.17868	0.30355	0.37703	0.44853	0.50457	0.59017	0.59169	0.6753	0.76819	0.81298	0.85576	0.84915	0.88515
1022	0.01661	0.1835	0.30998	0.38732	0.46274	0.52095	0.60705	0.61043	0.70019	0.79751	0.8482	0.88711	0.88686	0.9266
1024	0.01756	0.18705	0.31596	0.39611	0.47262	0.53671	0.62485	0.62964	0.72696	0.82568	0.88478	0.92642	0.92936	0.97103
1026	0.01857	0.18875	0.32233	0.40402	0.4807	0.54774	0.64447	0.64883	0.74892	0.85451	0.91385	0.96327	0.97362	1.01188
1028	0.01906	0.19177	0.32755	0.41181	0.48976	0.55947	0.66327	0.66703	0.76733	0.88161	0.93788	0.99039	1.01232	1.03503
1030	0.01824	0.19616	0.33137	0.4196	0.49958	0.57349	0.67702	0.68249	0.78745	0.90294	0.97211	1.02605	1.04873	1.07308
1032	0.01761	0.19867	0.33538	0.4259	0.50852	0.5818	0.68897	0.69244	0.80979	0.92693	1.00819	1.06049	1.09151	1.11872
1034	0.0181	0.19853	0.33723	0.43225	0.51545	0.58878	0.69756	0.70011	0.82709	0.94974	1.02188	1.08667	1.13045	1.15161
1036	0.01858	0.19803	0.34006	0.43675	0.51931	0.59969	0.7085	0.71014	0.84352	0.96398	1.04112	1.10593	1.15424	1.18834
1038	0.01771	0.19893	0.34399	0.43959	0.52312	0.60645	0.71844	0.72014	0.85607	0.97796	1.06904	1.12145	1.17079	1.20967
1040	0.01717	0.20168	0.34451	0.44425	0.53146	0.60925	0.72489	0.72915	0.86585	0.99721	1.08545	1.15355	1.19154	1.22167
1042	0.01761	0.20416	0.34501	0.44787	0.53528	0.61586	0.73386	0.7372	0.8796	1.02167	1.10596	1.18164	1.22982	1.25539
1044	0.01817	0.20483	0.35025	0.44948	0.53613	0.62002	0.73724	0.74468	0.88948	1.03762	1.12259	1.1948	1.26234	1.30829
1046	0.01885	0.20455	0.35489	0.45249	0.54109	0.62449	0.74347	0.74959	0.90411	1.04845	1.13237	1.21195	1.28191	1.33013
1048	0.0184	0.20423	0.35431	0.45391	0.54308	0.62921	0.75209	0.75867	0.91432	1.06018	1.14233	1.21709	1.30834	1.34243
1050	0.01659	0.20364	0.35108	0.45042	0.54096	0.63075	0.7565	0.76541	0.91171	1.06804	1.14166	1.2202	1.30937	1.35789
1052	0.01513	0.2016	0.34709	0.44676	0.5424	0.62767	0.75847	0.7597	0.91126	1.07124	1.14034	1.23083	1.30583	1.34942
1054	0.01508	0.201	0.345	0.44655	0.54336	0.62757	0.75752	0.75788	0.91458	1.0779	1.15439	1.23978	1.34679	1.35298
1056	0.0159	0.20111	0.34479	0.44745	0.54082	0.63276	0.75932	0.76298	0.91965	1.08251	1.16328	1.24088	1.3577	1.37741
1058	0.01574	0.1994	0.34394	0.44593	0.53998	0.63424	0.75967	0.76806	0.92549	1.08296	1.17184	1.25087	1.33596	1.4096
1060	0.0155	0.19636	0.34209	0.44412	0.53906	0.62898	0.75992	0.76634	0.93452	1.08137	1.17976	1.27154	1.34686	1.42565
1062	0.01562	0.19329	0.34011	0.44231	0.53557	0.62165	0.75775	0.76036	0.93721	1.08039	1.17895	1.26638	1.37113	1.41405
1064	0.01576	0.19203	0.33752	0.43708	0.53214	0.61911	0.75253	0.75098	0.92868	1.07463	1.18083	1.24772	1.361	1.42837
1066	0.01675	0.19102	0.33502	0.43225	0.53093	0.61911	0.74876	0.74237	0.91273	1.07527	1.18724	1.25933	1.33695	1.44081
1068	0.01714	0.18911	0.33294	0.4318	0.52869	0.61201	0.74305	0.74052	0.90463	1.08254	1.17853	1.27003	1.34558	1.42092
1070	0.01684	0.1872	0.33094	0.42965	0.52397	0.60573	0.73637	0.73759	0.90721	1.06849	1.16294	1.25112	1.35343	1.42084
1072	0.01643	0.18448	0.32827	0.42441	0.51815	0.60216	0.72421	0.73578	0.90301	1.04966	1.15725	1.25018	1.34339	1.4051
1074	0.0164	0.1813	0.3246	0.42014	0.51229	0.59794	0.71596	0.73038	0.89256	1.0427	1.15978	1.26011	1.33519	1.37592
1076	0.01661	0.17967	0.32003	0.41643	0.50873	0.59292	0.71126	0.72023	0.87928	1.03805	1.15448	1.25001	1.31534	1.37879
1078	0.01631	0.17825	0.31653	0.41343	0.50404	0.5854	0.70542	0.71247	0.87084	1.02714	1.14028	1.23619	1.30958	1.37081
1080	0.01651	0.17612	0.31462	0.4107	0.49816	0.5784	0.70197	0.70653	0.86671	1.01582	1.11736	1.21333	1.29626	1.34092
1082	0.01641	0.17395	0.312	0.40563	0.49387	0.57273	0.69471	0.69962	0.85892	1.00803	1.08875	1.1939	1.27603	1.31413
1084	0.01649	0.17141	0.30915	0.40037	0.49053	0.56724	0.68739	0.69218	0.84518	1.00252	1.07228	1.1731	1.26283	1.28964
1086	0.01656	0.16884	0.30632	0.39599	0.48621	0.56256	0.67866	0.68372	0.83187	0.99079	1.06096	1.15223	1.24557	1.27655
1088	0.01712	0.16685	0.30137	0.39325	0.48055	0.55846	0.66908	0.67567	0.81931	0.98233	1.05234	1.13685	1.22578	1.26866
1090	0.01888	0.16351	0.29659	0.3896	0.47328	0.5564	0.6593	0.66966	0.81089	0.97072	1.04214	1.11785	1.20355	1.26484
1092	0.02026	0.16009	0.29312	0.38414	0.4695	0.55328	0.65486	0.66519	0.8094	0.95517	1.03637	1.10555	1.18405	1.25398
1094	0.0202	0.15693	0.29038	0.37829	0.46816	0.54575	0.65412	0.65544	0.80142	0.93922	1.02897	1.10338	1.16396	1.21744
1096	0.02034	0.15244	0.28599	0.37317	0.46457	0.53625	0.64703	0.64612	0.78877	0.92235	1.00968	1.08156	1.1455	1.18583
1098	0.0205	0.14792	0.27853	0.36961	0.4592	0.52905	0.63765	0.64226	0.78168	0.91814	1.00023	1.07357	1.13837	1.18861
1100	0.02048	0.14407	0.27175	0.3662	0.45147	0.52247	0.62668	0.63745	0.77362	0.91632	0.99719	1.06899	1.12027	1.18589
1102	0.02064	0.1394	0.26635	0.35986	0.44195	0.51735	0.62379	0.63619	0.76231	0.90345	0.98367	1.05905	1.10581	1.17242
1104	0.02045	0.13271	0.25915	0.35366	0.43506	0.51259	0.62267	0.63309	0.75573	0.89301	0.96643	1.04955	1.09763	1.15124
1106	0.02041	0.12555	0.25108	0.34848	0.4288	0.50506	0.61092	0.6236	0.75352	0.88702	0.96154	1.04057	1.07908	1.12389
1108	0.02072	0.11939	0.24372	0.34382	0.42166	0.49641	0.60519	0.61438	0.74618	0.87509	0.95858	1.02752	1.0623	1.11042
1110	0.0201	0.11445	0.23669	0.33769	0.41381	0.48881	0.59901	0.60933	0.73495	0.86633	0.95425	1.01319	1.05189	1.10513
1112	0.02037	0.11009	0.22888	0.3291	0.40589	0.48032	0.59099	0.60033	0.72685	0.85705	0.94878	1.00653	1.04772	1.09986
1114	0.02132	0.10583	0.22182	0.32252	0.39871	0.47016	0.58341	0.59114	0.72209	0.84486	0.93384	1.00063	1.04818	1.0822
1116	0.02042	0.101	0.21617	0.31679	0.39414	0.46444	0.57389	0.58705	0.718	0.84045	0.92071	0.99585	1.03369	1.06301
1118	0.01926	0.09588	0.21048	0.30918	0.38708	0.46012	0.56552	0.57877	0.7119	0.837	0.91765	0.98902	1.01537	1.05784
1120	0.01828	0.09064	0.204	0.30293	0.37761	0.45114	0.55937	0.56961	0.70797	0.82465	0.91041	0.97247	1.01516	1.05358
1122	0.0178	0.08611	0.19783	0.29603	0.37023	0.44357	0.55524	0.5649	0.6998	0.8127	0.89699	0.95974	1.01347	1.03875
1124	0.01815	0.08248	0.19303	0.288	0.36426	0.43697	0.54881	0.55822	0.68415	0.80626	0.88067	0.96227	0.99736	1.02558
1126	0.01796	0.07952	0.1868	0.28136	0.3593	0.43039	0.54029	0.55046	0.67539	0.8018	0.86566	0.96171	0.98284	1.02125
1128	0.01649	0.07699	0.18061	0.27477	0.35232	0.42491	0.5323	0.54207	0.6723	0.79948	0.86284	0.94912	0.98131	1.01446
1130	0.01591	0.07444	0.17578	0.26679	0.34368	0.4202	0.52737	0.53289	0.6668	0.79148	0.86497	0.93826	0.97504	1.01094
1132	0.0153	0.0709	0.17001	0.25875	0.33474	0.41133	0.51864	0.5249	0.65681	0.78123	0.85964	0.9314	0.96021	1.00388
1134	0.01336	0.06843	0.16457	0.25082	0.32893	0.40107	0.50588	0.51946	0.64633	0.7735	0.84415	0.91609	0.95625	0.98644
1136	0.01193	0.06529	0.15923	0.24309	0.323	0.39393	0.50025	0.51173	0.63849	0.76338	0.82989	0.90291	0.95553	0.98557
1138	0.01203	0.0608	0.15246	0.2358	0.31492	0.38645	0.49495	0.50249	0.62984	0.75138	0.82567	0.89216	0.94483	0.98916
1140	0.01198	0.05688	0.14459	0.22913	0.30605	0.3766	0.48718	0.4929	0.6209	0.74189	0.82415	0.88286	0.93569	0.97943
1142	0.01119	0.05339	0.13722	0.22068	0.29596	0.36806	0.47862	0.48184	0.61236	0.73254	0.81599	0.88168	0.93078	0.9604
1144	0.01122	0.04957	0.13036	0.21028	0.28584	0.36026	0.47037	0.47073	0.60547	0.72127	0.8023	0.87293	0.91669	0.94416
1146	0.01052	0.04679	0.12407	0.20186	0.27651	0.35117	0.46089	0.46222	0.59694	0.7121	0.7887	0.85984	0.90084	0.94046
1148	0.00946	0.04357	0.11753	0.19517	0.26687	0.34072	0.44822	0.45194	0.58257	0.70137	0.78419	0.85489	0.89029	0.93454
1150	0.00899	0.03982	0.11048	0.1862	0.25715	0.33123	0.43789	0.43965	0.57042	0.68972	0.7778	0.84701	0.88019	0.92389
1152	0.00825	0.03637	0.10428	0.17608	0.24686	0.32101	0.42684	0.42976	0.56223	0.68116	0.76266	0.82777	0.86905	0.91741
1154	0.00862	0.03358	0.09833	0.1671	0.23813	0.30969	0.41649	0.42318	0.55275	0.6718	0.75081	0.81453	0.86618	0.90952
1156	0.00951	0.03048	0.09157	0.159	0.23034	0.29884	0.40603	0.4142	0.53897	0.65911	0.74393	0.80664	0.86187	0.89962
1158	0.0096	0.0285	0.08516	0.15112	0.21917	0.28833	0.39399	0.40144	0.5268	0.64702	0.73118	0.79006	0.84529	0.88723
1160	0.00938	0.02627	0.07951	0.14252	0.2074	0.27803	0.38205	0.38845	0.51901	0.63418	0.71689	0.77522	0.83076	0.87506
1162	0.00934	0.02252	0.07235	0.13423	0.19827	0.26699	0.37041	0.37523	0.50547	0.62175	0.69911	0.76465	0.82419	0.86024
1164	0.00835	0.02048	0.06421	0.12607	0.18938	0.25533	0.36047	0.36243	0.48744	0.60916	0.68468	0.75151	0.81555	0.84842
1166	0.00711	0.02008	0.05857	0.11811	0.17949	0.24385	0.34727	0.34941	0.47388	0.59431	0.67502	0.7401	0.79715	0.83961
1168	0.0068	0.01879	0.05523	0.10992	0.16848	0.23119	0.3331	0.33549	0.46458	0.57603	0.66523	0.7288	0.77754	0.82233
1170	0.00645	0.01724	0.05176	0.10126	0.15736	0.21913	0.31963	0.32291	0.45101	0.55817	0.64933	0.71083	0.76304	0.80464
1172	0.00543	0.01592	0.04649	0.09348	0.14719	0.20897	0.30668	0.31108	0.43288	0.54343	0.62941	0.69462	0.75404	0.7899
1174	0.00465	0.01406	0.04109	0.08644	0.13657	0.19713	0.29573	0.29763	0.41828	0.52832	0.6105	0.67903	0.7448	0.76837
1176	0.00422	0.01259	0.0368	0.07967	0.12575	0.18488	0.28194	0.28482	0.40374	0.51348	0.59405	0.661	0.72838	0.7528
1178	0.00472	0.01153	0.03262	0.07282	0.11691	0.17511	0.26897	0.27211	0.38982	0.49929	0.57847	0.64728	0.70168	0.74446
1180	0.00434	0.01063	0.02918	0.06482	0.10906	0.16414	0.25648	0.25729	0.37607	0.48191	0.55857	0.63081	0.67681	0.72994
1182	0.00314	0.00933	0.02569	0.05745	0.0991	0.15158	0.24077	0.24147	0.36043	0.45988	0.5408	0.60775	0.65429	0.7064
1184	0.00284	0.00735	0.0224	0.05228	0.08951	0.13971	0.22621	0.22857	0.344	0.43918	0.52468	0.58463	0.63096	0.68493
1186	0.00257	0.00565	0.01961	0.04665	0.08031	0.12892	0.21266	0.21541	0.32526	0.42149	0.50412	0.56315	0.61491	0.66756
1188	0.00177	0.00562	0.01693	0.04041	0.07082	0.1197	0.19886	0.20054	0.30901	0.40559	0.48242	0.543	0.59783	0.64249
1190	9.06563E-4	0.00547	0.01426	0.03506	0.06271	0.1094	0.18502	0.18649	0.29422	0.39044	0.46479	0.52446	0.57537	0.61752
1192	6.50205E-4	0.00427	0.01248	0.03082	0.05648	0.09885	0.17288	0.17368	0.2764	0.37184	0.44581	0.50379	0.5531	0.59689
1194	-1.37153E-4	0.00379	0.0112	0.02694	0.05035	0.09055	0.16014	0.16212	0.26021	0.35136	0.42371	0.48095	0.53353	0.57332
1196	-9.29511E-4	0.00374	0.00882	0.02375	0.04427	0.08229	0.14711	0.15119	0.24675	0.33062	0.40473	0.45759	0.51321	0.54954
1198	-1.06868E-4	0.00266	0.00644	0.02159	0.0374	0.07366	0.13511	0.1379	0.23067	0.3118	0.38458	0.43396	0.48584	0.53054
1200	2.64774E-4	0.00257	0.00568	0.01851	0.0323	0.06588	0.12246	0.12453	0.21353	0.29481	0.36275	0.41437	0.45938	0.51237
1202	-9.19584E-4	0.00361	0.00502	0.01525	0.02885	0.05792	0.11138	0.11326	0.1978	0.27718	0.34297	0.39574	0.43894	0.48881
1204	-0.00116	0.00328	0.00516	0.01404	0.02552	0.05029	0.10139	0.10348	0.18359	0.25971	0.32271	0.37405	0.4215	0.46382
1206	-0.00107	0.00258	0.00528	0.01215	0.02211	0.04457	0.09274	0.09411	0.1696	0.24322	0.30272	0.34899	0.39898	0.43903
1208	-8.04658E-4	0.00291	0.00434	0.01009	0.0176	0.04075	0.08346	0.08553	0.15516	0.22688	0.28442	0.32643	0.37503	0.41621
1210	2.68984E-4	0.0028	0.00335	0.00807	0.01393	0.03526	0.07357	0.0759	0.14039	0.2075	0.266	0.30687	0.351	0.39512
1212	0.00109	0.00274	0.00281	0.00615	0.01163	0.03054	0.06644	0.06666	0.12719	0.18727	0.24501	0.28537	0.3262	0.36975
1214	0.0015	0.00356	0.00232	0.00581	0.00898	0.02691	0.0597	0.05866	0.11446	0.17074	0.22484	0.26441	0.30407	0.34373
1216	0.0019	0.0046	0.00251	0.0055	0.00703	0.02371	0.05322	0.05237	0.10208	0.15635	0.20799	0.24569	0.28197	0.32105
1218	0.00201	0.00496	0.00266	0.00413	0.00577	0.02046	0.04692	0.04681	0.09112	0.14143	0.19233	0.22668	0.25938	0.29855
1220	0.00199	0.00532	0.00393	0.00315	0.00466	0.01806	0.04071	0.04137	0.08097	0.12781	0.17465	0.20662	0.2371	0.27722
1222	0.00173	0.00507	0.00449	0.00348	0.00413	0.01701	0.03575	0.03648	0.07314	0.11537	0.15786	0.18798	0.21616	0.25584
1224	0.00182	0.00517	0.00323	0.004	0.00364	0.01542	0.03188	0.03172	0.066	0.1025	0.14378	0.17135	0.19797	0.23226
1226	0.00263	0.00678	0.00404	0.00366	0.00324	0.0131	0.02924	0.02768	0.05804	0.09101	0.12913	0.15654	0.18108	0.21114
1228	0.00353	0.00791	0.0052	0.00325	0.00298	0.01103	0.02521	0.02539	0.05063	0.08167	0.11541	0.1433	0.16505	0.19338
1230	0.00305	0.00806	0.00524	0.00315	0.00205	0.0096	0.02173	0.02358	0.04424	0.07328	0.10327	0.12894	0.14972	0.17486
1232	0.00179	0.00904	0.00544	0.00285	7.36121E-4	0.00844	0.01956	0.02094	0.03895	0.06581	0.09265	0.11394	0.13557	0.15764
1234	0.00191	0.00974	0.00588	0.00291	4.17464E-5	0.00708	0.01771	0.01763	0.03536	0.0588	0.08336	0.10186	0.12087	0.14446
1236	0.00278	0.00877	0.00678	0.00343	-6.27628E-4	0.00586	0.01623	0.01453	0.03195	0.05257	0.07383	0.09256	0.10676	0.13199
1238	0.00254	0.00838	0.00699	0.0043	-0.00102	0.00523	0.01422	0.01188	0.02825	0.04743	0.06588	0.08322	0.09601	0.11954
1240	0.00266	0.00975	0.00717	0.00479	-6.96376E-4	0.00406	0.01296	0.01063	0.02591	0.04246	0.05882	0.07497	0.08597	0.10808
1242	0.00403	0.01196	0.00776	0.00529	-0.00104	0.00345	0.01158	0.01043	0.02261	0.0378	0.05241	0.06895	0.07623	0.09917
1244	0.00439	0.01351	0.008	0.00528	-0.00103	0.00379	0.01019	0.01024	0.01818	0.03275	0.04739	0.06221	0.06849	0.09212
1246	0.00428	0.0136	0.00848	0.00507	-5.42499E-4	0.00426	0.0094	0.00936	0.01652	0.02938	0.04478	0.0564	0.06304	0.08313
1248	0.00443	0.01289	0.00916	0.00505	-8.33873E-4	0.00402	0.00794	0.0087	0.01498	0.02654	0.04265	0.053	0.05781	0.07356
1250	0.00445	0.01351	0.00966	0.00495	1.51753E-4	0.00382	0.00686	0.00861	0.01324	0.02382	0.038	0.04974	0.05345	0.06724
1252	0.00438	0.01437	0.0105	0.00521	0.00103	0.00517	0.00654	0.00766	0.01143	0.02146	0.03201	0.04406	0.04895	0.0625
1254	0.00487	0.01369	0.01147	0.00705	8.41004E-4	0.00512	0.00704	0.00716	0.01074	0.01955	0.0296	0.03894	0.04431	0.05833
1256	0.00531	0.01234	0.01128	0.00808	0.00187	0.00405	0.00687	0.00648	0.00979	0.018	0.02878	0.03719	0.03984	0.05517
1258	0.00582	0.01276	0.01143	0.00877	0.0016	0.00399	0.0088	0.00693	0.00924	0.01665	0.02874	0.03556	0.03761	0.05315
1260	0.00732	0.01393	0.01247	0.00904	-6.06118E-4	0.00313	0.00941	0.00738	0.0086	0.01519	0.02898	0.03403	0.03584	0.04986
1262	0.00685	0.01549	0.01424	0.00896	-1.94925E-5	0.00388	0.00647	0.00663	0.00713	0.01385	0.02514	0.03289	0.03298	0.04608
1264	0.0049	0.01678	0.01348	0.00871	8.62133E-4	0.00466	0.00474	0.00516	0.00597	0.01285	0.02044	0.02969	0.03145	0.04365
1266	0.0043	0.01799	0.01138	0.00948	7.32759E-4	0.00401	0.00437	0.00465	0.0063	0.01204	0.01944	0.02805	0.02999	0.04079
1268	0.00573	0.01787	0.01319	0.01095	0.00167	0.00462	0.00417	0.00492	0.00595	0.01143	0.01898	0.02666	0.02683	0.03839
1270	0.00768	0.01805	0.0156	0.01208	0.00385	0.00519	0.00392	0.00601	0.00512	0.01036	0.01658	0.02478	0.02314	0.03629
1272	0.00863	0.01877	0.01629	0.01265	0.00451	0.00501	0.00458	0.00564	0.00521	0.00911	0.01359	0.02392	0.02141	0.03294
1274	0.00764	0.01918	0.01721	0.01267	0.00399	0.00451	0.00497	0.00518	0.00455	0.00832	0.01234	0.02231	0.02062	0.02899
1276	0.00716	0.02009	0.01685	0.01235	0.00472	0.00514	0.00472	0.00533	0.00222	0.00689	0.01227	0.02014	0.01761	0.0279
1278	0.00863	0.021	0.01705	0.01207	0.00574	0.00692	0.0066	0.00573	0.00175	0.00599	0.01222	0.01813	0.01467	0.02766
1280	0.00961	0.0208	0.01852	0.01323	0.00634	0.00793	0.00798	0.00692	0.00333	0.00604	0.01077	0.0161	0.01312	0.02461
1282	0.0091	0.02137	0.01853	0.01391	0.00774	0.00805	0.00885	0.00803	0.00441	0.00583	0.00939	0.01478	0.01142	0.02275
1284	0.00835	0.02233	0.01856	0.01342	0.00823	0.00808	0.00906	0.00813	0.00455	0.00514	0.00962	0.01351	0.01057	0.02161
1286	0.00859	0.02286	0.01954	0.01381	0.00785	0.0086	0.00897	0.00672	0.00485	0.00411	0.00961	0.01336	0.0103	0.01966
1288	0.0087	0.0228	0.01986	0.0148	0.00835	0.00878	0.0093	0.00593	0.00499	0.00356	0.00803	0.01337	0.00833	0.019
1290	0.00814	0.02182	0.01906	0.01572	0.00793	0.00865	0.00948	0.00735	0.00396	0.00319	0.00592	0.01242	0.00794	0.01842
1292	0.00794	0.02114	0.01803	0.01637	0.00811	0.00864	0.0095	0.0086	0.00363	0.00295	0.0056	0.01224	0.0086	0.0177
1294	0.00789	0.02157	0.01939	0.01683	0.00889	0.00828	0.00878	0.00848	0.00391	0.00237	0.00571	0.01141	0.00757	0.01686
1296	0.00906	0.02277	0.02173	0.0184	0.01009	0.00883	0.00888	0.00826	0.00367	0.00261	0.0054	0.01026	0.00653	0.01523
1298	0.00926	0.02325	0.02171	0.01878	0.0105	0.00892	0.00902	0.00907	0.00275	0.00393	0.00481	0.01027	0.00463	0.01323
1300	0.00877	0.02332	0.02121	0.01882	0.01028	0.00864	0.00914	0.01071	0.00313	0.00477	0.00513	0.01015	0.00416	0.0134
1302	0.00845	0.02425	0.02218	0.01993	0.01081	0.0097	0.01047	0.01216	0.0037	0.00481	0.00426	0.00903	0.00402	0.01293
1304	0.00845	0.02513	0.02327	0.02032	0.01229	0.0115	0.01027	0.01247	0.00456	0.00471	0.00302	0.00726	0.00343	0.01202
1306	0.00929	0.02516	0.02353	0.01953	0.01244	0.01146	0.00999	0.01165	0.0057	0.0042	0.00323	0.00673	0.00223	0.01178
1308	0.01006	0.02603	0.02347	0.01973	0.01247	0.01085	0.01023	0.00998	0.00505	0.00352	0.00365	0.00762	0.00111	0.01075
1310	0.00932	0.0268	0.0231	0.02167	0.01364	0.01123	0.00972	0.00999	0.00342	0.00281	0.00426	0.00775	0.00121	0.00967
1312	0.00904	0.02721	0.02344	0.02281	0.01326	0.01174	0.0103	0.01246	0.00342	0.00253	0.00567	0.00688	0.00254	0.00941
1314	0.00862	0.02824	0.02443	0.02189	0.01249	0.01173	0.01015	0.0127	0.00333	0.00355	0.00575	0.00663	0.00102	0.00738
1316	0.00822	0.02771	0.02531	0.02274	0.01383	0.01424	0.01013	0.01217	0.00472	0.00517	0.00623	0.00726	4.57474E-5	0.00698
1318	0.00774	0.02471	0.02461	0.02326	0.01325	0.01525	0.00971	0.01206	0.00488	0.00317	0.00509	0.00752	-4.49919E-5	0.00843
1320	0.00722	0.02375	0.02473	0.02302	0.01237	0.01314	0.0113	0.01059	0.00407	0.00166	0.00321	0.00801	-0.00148	0.00806
1322	0.00674	0.02574	0.02541	0.02413	0.01286	0.01144	0.01322	0.01	0.00554	0.00269	0.00358	0.00806	-0.00284	0.00684
1324	0.00617	0.02642	0.02617	0.02467	0.01375	0.01136	0.0131	0.01164	0.00641	0.00264	0.00399	0.00751	-0.00268	0.00673
1326	0.00734	0.02407	0.02649	0.02408	0.01465	0.01202	0.01293	0.01248	0.00669	0.00116	0.00273	0.00561	-0.00212	0.0061
1328	0.00786	0.02322	0.02578	0.02358	0.01618	0.01373	0.0142	0.01167	0.00579	9.36272E-4	0.00214	0.00565	-0.00153	0.00479
1330	0.00709	0.02395	0.02525	0.02369	0.01536	0.014	0.01401	0.0117	0.00399	0.0027	0.00148	0.00604	-0.00101	0.00422
1332	0.00689	0.0238	0.02524	0.02312	0.01402	0.01355	0.01299	0.01328	0.00498	0.0032	6.64789E-4	0.00588	-1.57167E-4	0.00395
1334	0.00675	0.02336	0.025	0.02189	0.01467	0.01492	0.01304	0.0129	0.00475	0.00127	0.00143	0.00533	-5.38907E-4	0.00242
1336	0.00661	0.02476	0.02687	0.02274	0.01683	0.01724	0.01304	0.01119	0.00447	0.00104	0.0033	0.0046	-0.00155	0.00187
1338	0.00634	0.02589	0.02883	0.02538	0.02017	0.01889	0.01573	0.01187	0.00682	0.00132	0.00352	0.00551	-0.00173	0.0015
1340	0.00362	0.02288	0.02674	0.02459	0.01892	0.01796	0.01612	0.01246	0.0065	2.15231E-4	0.00202	0.00593	-0.00438	2.59591E-4
1342	0.00144	0.02147	0.02588	0.02358	0.01622	0.01599	0.0131	0.01268	0.00484	0.00268	0.00268	0.00562	-0.00503	0.00236
1344	0.00367	0.02515	0.02734	0.02524	0.01682	0.01498	0.01398	0.01415	0.00462	0.00466	0.00367	0.00551	-0.00337	0.00328
1346	0.0064	0.02917	0.02756	0.0279	0.01885	0.01629	0.01559	0.01542	0.00566	0.00473	0.00453	0.00633	-0.00257	0.00225
1348	0.00632	0.0296	0.02725	0.02837	0.01945	0.01805	0.01658	0.01609	0.00914	0.0053	0.00464	0.008	-0.00105	0.00275
1350	0.00406	0.02851	0.02777	0.02772	0.01935	0.01713	0.01727	0.01637	0.0104	0.00589	0.00508	0.00704	3.81785E-5	0.00378
1352	0.00365	0.02882	0.02874	0.02925	0.02158	0.01862	0.01832	0.01794	0.00968	0.0068	0.00517	0.00715	7.90439E-4	0.00473
1354	0.00407	0.02956	0.03099	0.0295	0.02336	0.02131	0.0187	0.01902	0.01287	0.00667	0.00551	0.00964	5.527E-4	0.00525
1356	0.00405	0.03024	0.03218	0.02913	0.02301	0.02041	0.01733	0.01909	0.01312	0.00617	0.00664	0.00969	-5.4404E-4	0.00519
1358	0.00708	0.03406	0.0331	0.03115	0.02424	0.02154	0.02003	0.02096	0.01088	0.00701	0.00787	0.00839	0.00106	0.0051
1360	0.00894	0.03783	0.03488	0.03368	0.02739	0.02729	0.0236	0.02292	0.01233	0.00763	0.01147	0.00973	0.00343	0.00733
1362	0.00748	0.03415	0.03543	0.03342	0.02997	0.02996	0.02441	0.02221	0.01093	0.0058	0.01071	0.01005	0.00332	0.00811
1364	0.00451	0.02761	0.03223	0.03133	0.02666	0.02287	0.02236	0.02007	0.00767	0.00339	0.00334	0.00757	9.89003E-4	0.00381
1366	0.009	0.03083	0.03454	0.03539	0.02586	0.02309	0.02386	0.02273	0.01196	0.00586	0.00528	0.00822	0.00362	0.00552
1368	0.00967	0.03396	0.03612	0.03655	0.02601	0.02577	0.0256	0.02347	0.01583	0.00698	0.00787	0.00901	0.00526	0.00748
1370	0.01003	0.03582	0.03771	0.03488	0.02622	0.02508	0.0254	0.02255	0.0164	0.00731	0.00851	0.01039	0.00533	0.00685
1372	0.01333	0.03867	0.04059	0.03677	0.03085	0.02909	0.02882	0.02451	0.01804	0.0092	0.01148	0.01448	0.00791	0.00858
1374	0.01039	0.03516	0.0378	0.03757	0.03359	0.03255	0.02931	0.02387	0.01916	0.00686	0.00987	0.01265	0.00699	0.00784
1376	0.00749	0.03079	0.03506	0.03503	0.03075	0.0293	0.02601	0.02184	0.01737	0.00611	0.00795	0.00951	0.00116	0.0052
1378	0.01122	0.03416	0.03766	0.03536	0.02954	0.02726	0.02679	0.02505	0.0159	0.0099	0.01075	0.01159	2.81828E-4	0.00597
1380	0.01121	0.03677	0.03801	0.03738	0.02986	0.0286	0.02818	0.02662	0.01567	0.01037	0.01164	0.01299	0.00345	0.00621
1382	0.00817	0.03892	0.03856	0.03984	0.0308	0.03225	0.02924	0.02563	0.01745	0.01078	0.01169	0.01411	0.00625	0.00735
1384	0.00916	0.04203	0.04066	0.04259	0.03282	0.03522	0.02833	0.02784	0.0219	0.01291	0.01393	0.01557	0.00859	0.01026
1386	0.01178	0.04059	0.04341	0.04447	0.03678	0.0368	0.02898	0.03004	0.02399	0.01321	0.0152	0.01737	0.00854	0.00899
1388	0.00903	0.03068	0.04063	0.04082	0.03457	0.03174	0.02745	0.02433	0.0158	0.0097	0.00931	0.01363	0.00141	0.00329
1390	0.01048	0.03185	0.0401	0.03981	0.0308	0.02828	0.0283	0.02491	0.01367	0.01178	0.00909	0.01216	8.84392E-4	0.00497
1392	0.01686	0.04257	0.04459	0.04464	0.03564	0.03417	0.03503	0.03257	0.02339	0.01703	0.015	0.01794	0.00759	0.00988
1394	0.01497	0.04441	0.04439	0.0454	0.04053	0.04051	0.03676	0.03243	0.02454	0.01432	0.01527	0.01922	0.00904	0.00968
1396	0.00926	0.04001	0.04189	0.04277	0.0409	0.0409	0.03431	0.02996	0.02035	0.01053	0.01329	0.01537	0.00708	0.00824
1398	0.01053	0.04034	0.0427	0.04366	0.04146	0.03992	0.03291	0.03241	0.02401	0.01105	0.01437	0.01448	0.00773	0.00646
1400	0.00963	0.0373	0.03948	0.04157	0.03507	0.03557	0.02871	0.02814	0.02085	0.00794	0.00943	0.01198	0.00368	0.00302