4400.000000	1.259444  
4398.000000	1.264088  
4396.000000	1.264683  
4394.000000	1.261643  
4392.000000	1.262489  
4390.000000	1.263350  
4388.000000	1.261939  
4386.000000	1.260595  
4384.000000	1.262442  
4382.000000	1.264339  
4380.000000	1.261483  
4378.000000	1.258133  
4376.000000	1.258448  
4374.000000	1.262539  
4372.000000	1.264784  
4370.000000	1.266512  
4368.000000	1.266776  
4366.000000	1.267130  
4364.000000	1.268296  
4362.000000	1.266787  
4360.000000	1.263225  
4358.000000	1.261417  
4356.000000	1.263123  
4354.000000	1.263068  
4352.000000	1.258438  
4350.000000	1.257784  
4348.000000	1.261513  
4346.000000	1.263704  
4344.000000	1.263546  
4342.000000	1.261959  
4340.000000	1.260099  
4338.000000	1.258352  
4336.000000	1.258223  
4334.000000	1.258611  
4332.000000	1.257943  
4330.000000	1.258630  
4328.000000	1.259886  
4326.000000	1.260825  
4324.000000	1.262637  
4322.000000	1.262198  
4320.000000	1.260493  
4318.000000	1.258994  
4316.000000	1.257272  
4314.000000	1.258097  
4312.000000	1.260050  
4310.000000	1.260967  
4308.000000	1.263599  
4306.000000	1.263744  
4304.000000	1.259241  
4302.000000	1.256799  
4300.000000	1.255884  
4298.000000	1.257274  
4296.000000	1.258330  
4294.000000	1.259901  
4292.000000	1.262760  
4290.000000	1.259487  
4288.000000	1.255798  
4286.000000	1.257267  
4284.000000	1.261029  
4282.000000	1.260316  
4280.000000	1.259990  
4278.000000	1.261256  
4276.000000	1.262556  
4274.000000	1.263174  
4272.000000	1.260720  
4270.000000	1.258504  
4268.000000	1.259169  
4266.000000	1.260327  
4264.000000	1.261672  
4262.000000	1.262419  
4260.000000	1.262323  
4258.000000	1.259600  
4256.000000	1.257147  
4254.000000	1.259804  
4252.000000	1.258054  
4250.000000	1.255263  
4248.000000	1.258596  
4246.000000	1.260529  
4244.000000	1.259414  
4242.000000	1.259057  
4240.000000	1.263516  
4238.000000	1.266471  
4236.000000	1.265392  
4234.000000	1.261677  
4232.000000	1.260516  
4230.000000	1.260237  
4228.000000	1.260710  
4226.000000	1.262122  
4224.000000	1.262009  
4222.000000	1.261375  
4220.000000	1.262520  
4218.000000	1.258410  
4216.000000	1.253878  
4214.000000	1.254042  
4212.000000	1.255680  
4210.000000	1.258465  
4208.000000	1.260161  
4206.000000	1.259858  
4204.000000	1.260516  
4202.000000	1.262298  
4200.000000	1.260731  
4198.000000	1.257081  
4196.000000	1.259670  
4194.000000	1.262171  
4192.000000	1.259770  
4190.000000	1.258574  
4188.000000	1.258559  
4186.000000	1.255505  
4184.000000	1.254354  
4182.000000	1.258839  
4180.000000	1.259578  
4178.000000	1.256573  
4176.000000	1.259512  
4174.000000	1.261738  
4172.000000	1.261454  
4170.000000	1.259647  
4168.000000	1.259166  
4166.000000	1.260629  
4164.000000	1.259992  
4162.000000	1.258591  
4160.000000	1.256588  
4158.000000	1.256627  
4156.000000	1.259561  
4154.000000	1.260835  
4152.000000	1.256812  
4150.000000	1.253706  
4148.000000	1.257568  
4146.000000	1.261978  
4144.000000	1.258700  
4142.000000	1.253936  
4140.000000	1.255154  
4138.000000	1.258626  
4136.000000	1.255624  
4134.000000	1.255468  
4132.000000	1.257819  
4130.000000	1.259325  
4128.000000	1.259950  
4126.000000	1.258904  
4124.000000	1.255846  
4122.000000	1.256614  
4120.000000	1.257344  
4118.000000	1.255076  
4116.000000	1.253715  
4114.000000	1.253383  
4112.000000	1.254278  
4110.000000	1.254157  
4108.000000	1.250824  
4106.000000	1.252339  
4104.000000	1.257196  
4102.000000	1.256111  
4100.000000	1.252541  
4098.000000	1.252295  
4096.000000	1.253409  
4094.000000	1.252615  
4092.000000	1.252204  
4090.000000	1.252506  
4088.000000	1.252478  
4086.000000	1.255069  
4084.000000	1.255445  
4082.000000	1.255691  
4080.000000	1.254819  
4078.000000	1.256634  
4076.000000	1.256722  
4074.000000	1.254036  
4072.000000	1.254099  
4070.000000	1.254979  
4068.000000	1.255084  
4066.000000	1.254544  
4064.000000	1.251320  
4062.000000	1.249733  
4060.000000	1.251525  
4058.000000	1.253251  
4056.000000	1.252750  
4054.000000	1.250433  
4052.000000	1.251978  
4050.000000	1.253167  
4048.000000	1.251082  
4046.000000	1.250094  
4044.000000	1.251160  
4042.000000	1.254326  
4040.000000	1.257402  
4038.000000	1.256685  
4036.000000	1.252215  
4034.000000	1.250415  
4032.000000	1.251031  
4030.000000	1.250490  
4028.000000	1.248785  
4026.000000	1.248416  
4024.000000	1.251335  
4022.000000	1.256893  
4020.000000	1.257508  
4018.000000	1.252991  
4016.000000	1.250223  
4014.000000	1.251790  
4012.000000	1.252999  
4010.000000	1.252606  
4008.000000	1.253125  
4006.000000	1.253080  
4004.000000	1.252645  
4002.000000	1.251324  
4000.000000	1.250264  
3998.000000	1.250407  
3996.000000	1.248952  
3994.000000	1.247729  
3992.000000	1.246162  
3990.000000	1.245502  
3988.000000	1.247575  
3986.000000	1.250426  
3984.000000	1.247597  
3982.000000	1.247121  
3980.000000	1.249173  
3978.000000	1.250557  
3976.000000	1.251636  
3974.000000	1.249498  
3972.000000	1.247602  
3970.000000	1.247482  
3968.000000	1.251082  
3966.000000	1.252001  
3964.000000	1.247423  
3962.000000	1.248831  
3960.000000	1.254332  
3958.000000	1.254456  
3956.000000	1.248700  
3954.000000	1.245599  
3952.000000	1.247677  
3950.000000	1.247004  
3948.000000	1.244310  
3946.000000	1.242301  
3944.000000	1.247408  
3942.000000	1.254678  
3940.000000	1.252017  
3938.000000	1.246845  
3936.000000	1.243733  
3934.000000	1.247068  
3932.000000	1.253043  
3930.000000	1.252026  
3928.000000	1.247055  
3926.000000	1.245659  
3924.000000	1.246686  
3922.000000	1.246949  
3920.000000	1.247235  
3918.000000	1.246792  
3916.000000	1.248040  
3914.000000	1.250877  
3912.000000	1.253143  
3910.000000	1.249720  
3908.000000	1.245838  
3906.000000	1.247194  
3904.000000	1.252382  
3902.000000	1.244839  
3900.000000	1.246458  
3898.000000	1.254615  
3896.000000	1.250599  
3894.000000	1.246356  
3892.000000	1.251199  
3890.000000	1.249509  
3888.000000	1.245993  
3886.000000	1.253520  
3884.000000	1.247088  
3882.000000	1.240599  
3880.000000	1.244241  
3878.000000	1.242520  
3876.000000	1.245739  
3874.000000	1.243929  
3872.000000	1.236705  
3870.000000	1.251890  
3868.000000	1.250669  
3866.000000	1.246855  
3864.000000	1.245776  
3862.000000	1.245282  
3860.000000	1.244081  
3858.000000	1.237989  
3856.000000	1.237136  
3854.000000	1.258653  
3852.000000	1.262802  
3850.000000	1.252491  
3848.000000	1.245876  
3846.000000	1.242338  
3844.000000	1.243352  
3842.000000	1.242794  
3840.000000	1.245664  
3838.000000	1.250481  
3836.000000	1.248029  
3834.000000	1.248846  
3832.000000	1.250459  
3830.000000	1.244021  
3828.000000	1.243283  
3826.000000	1.245096  
3824.000000	1.242707  
3822.000000	1.251766  
3820.000000	1.245688  
3818.000000	1.238711  
3816.000000	1.250182  
3814.000000	1.247416  
3812.000000	1.242099  
3810.000000	1.238615  
3808.000000	1.244428  
3806.000000	1.243548  
3804.000000	1.234575  
3802.000000	1.246109  
3800.000000	1.242276  
3798.000000	1.237642  
3796.000000	1.247963  
3794.000000	1.247293  
3792.000000	1.242410  
3790.000000	1.242446  
3788.000000	1.244145  
3786.000000	1.246062  
3784.000000	1.244054  
3782.000000	1.239106  
3780.000000	1.243428  
3778.000000	1.247604  
3776.000000	1.244676  
3774.000000	1.239051  
3772.000000	1.239511  
3770.000000	1.246878  
3768.000000	1.246166  
3766.000000	1.244080  
3764.000000	1.241579  
3762.000000	1.244949  
3760.000000	1.248506  
3758.000000	1.245052  
3756.000000	1.238536  
3754.000000	1.235162  
3752.000000	1.245185  
3750.000000	1.251235  
3748.000000	1.237986  
3746.000000	1.235674  
3744.000000	1.249984  
3742.000000	1.240916  
3740.000000	1.237925  
3738.000000	1.237325  
3736.000000	1.238077  
3734.000000	1.240624  
3732.000000	1.243893  
3730.000000	1.238507  
3728.000000	1.237833  
3726.000000	1.240738  
3724.000000	1.240217  
3722.000000	1.239674  
3720.000000	1.239652  
3718.000000	1.241604  
3716.000000	1.237867  
3714.000000	1.235518  
3712.000000	1.238850  
3710.000000	1.241570  
3708.000000	1.243225  
3706.000000	1.240084  
3704.000000	1.238740  
3702.000000	1.243312  
3700.000000	1.242620  
3698.000000	1.243336  
3696.000000	1.243031  
3694.000000	1.235452  
3692.000000	1.232038  
3690.000000	1.240417  
3688.000000	1.247960  
3686.000000	1.243207  
3684.000000	1.239072  
3682.000000	1.235888  
3680.000000	1.234593  
3678.000000	1.234537  
3676.000000	1.242873  
3674.000000	1.237953  
3672.000000	1.235306  
3670.000000	1.247223  
3668.000000	1.244550  
3666.000000	1.239850  
3664.000000	1.239343  
3662.000000	1.240624  
3660.000000	1.238713  
3658.000000	1.236197  
3656.000000	1.237980  
3654.000000	1.231449  
3652.000000	1.233496  
3650.000000	1.239965  
3648.000000	1.241999  
3646.000000	1.242906  
3644.000000	1.241169  
3642.000000	1.240972  
3640.000000	1.240178  
3638.000000	1.240379  
3636.000000	1.240412  
3634.000000	1.241398  
3632.000000	1.237751  
3630.000000	1.243591  
3628.000000	1.248489  
3626.000000	1.241136  
3624.000000	1.238269  
3622.000000	1.234785  
3620.000000	1.236609  
3618.000000	1.238966  
3616.000000	1.234426  
3614.000000	1.234930  
3612.000000	1.236646  
3610.000000	1.240019  
3608.000000	1.243582  
3606.000000	1.238692  
3604.000000	1.233556  
3602.000000	1.233078  
3600.000000	1.236559  
3598.000000	1.239566  
3596.000000	1.238717  
3594.000000	1.237873  
3592.000000	1.235236  
3590.000000	1.237756  
3588.000000	1.247333  
3586.000000	1.244192  
3584.000000	1.238965  
3582.000000	1.239527  
3580.000000	1.240255  
3578.000000	1.237821  
3576.000000	1.233696  
3574.000000	1.234234  
3572.000000	1.236593  
3570.000000	1.236077  
3568.000000	1.235555  
3566.000000	1.237121  
3564.000000	1.238636  
3562.000000	1.235585  
3560.000000	1.230705  
3558.000000	1.230803  
3556.000000	1.232266  
3554.000000	1.233393  
3552.000000	1.234897  
3550.000000	1.233120  
3548.000000	1.233103  
3546.000000	1.236338  
3544.000000	1.239110  
3542.000000	1.236516  
3540.000000	1.232595  
3538.000000	1.234570  
3536.000000	1.237765  
3534.000000	1.235418  
3532.000000	1.233673  
3530.000000	1.232024  
3528.000000	1.234575  
3526.000000	1.238154  
3524.000000	1.237552  
3522.000000	1.236653  
3520.000000	1.236827  
3518.000000	1.234619  
3516.000000	1.230277  
3514.000000	1.230500  
3512.000000	1.233657  
3510.000000	1.234289  
3508.000000	1.233209  
3506.000000	1.234046  
3504.000000	1.235567  
3502.000000	1.231860  
3500.000000	1.231105  
3498.000000	1.236377  
3496.000000	1.236661  
3494.000000	1.234993  
3492.000000	1.235904  
3490.000000	1.233703  
3488.000000	1.232437  
3486.000000	1.232088  
3484.000000	1.233623  
3482.000000	1.237839  
3480.000000	1.234248  
3478.000000	1.229302  
3476.000000	1.231591  
3474.000000	1.235105  
3472.000000	1.232635  
3470.000000	1.231059  
3468.000000	1.231609  
3466.000000	1.232692  
3464.000000	1.233870  
3462.000000	1.233253  
3460.000000	1.230636  
3458.000000	1.228647  
3456.000000	1.228514  
3454.000000	1.229902  
3452.000000	1.230471  
3450.000000	1.228875  
3448.000000	1.231646  
3446.000000	1.235242  
3444.000000	1.233799  
3442.000000	1.231929  
3440.000000	1.234584  
3438.000000	1.235363  
3436.000000	1.234010  
3434.000000	1.231479  
3432.000000	1.227999  
3430.000000	1.229760  
3428.000000	1.232303  
3426.000000	1.229237  
3424.000000	1.226570  
3422.000000	1.229163  
3420.000000	1.232289  
3418.000000	1.231816  
3416.000000	1.232487  
3414.000000	1.230552  
3412.000000	1.228188  
3410.000000	1.229453  
3408.000000	1.229351  
3406.000000	1.227496  
3404.000000	1.226664  
3402.000000	1.228264  
3400.000000	1.231865  
3398.000000	1.230978  
3396.000000	1.227067  
3394.000000	1.227219  
3392.000000	1.228574  
3390.000000	1.227718  
3388.000000	1.226776  
3386.000000	1.226563  
3384.000000	1.227823  
3382.000000	1.229662  
3380.000000	1.229231  
3378.000000	1.226963  
3376.000000	1.225838  
3374.000000	1.227193  
3372.000000	1.226694  
3370.000000	1.225448  
3368.000000	1.226308  
3366.000000	1.227298  
3364.000000	1.227653  
3362.000000	1.226369  
3360.000000	1.222740  
3358.000000	1.221351  
3356.000000	1.225660  
3354.000000	1.227935  
3352.000000	1.227621  
3350.000000	1.226954  
3348.000000	1.226082  
3346.000000	1.227385  
3344.000000	1.226418  
3342.000000	1.221730  
3340.000000	1.220781  
3338.000000	1.223701  
3336.000000	1.224138  
3334.000000	1.224173  
3332.000000	1.225218  
3330.000000	1.227181  
3328.000000	1.229718  
3326.000000	1.228793  
3324.000000	1.227046  
3322.000000	1.226832  
3320.000000	1.225418  
3318.000000	1.224169  
3316.000000	1.223389  
3314.000000	1.223597  
3312.000000	1.225787  
3310.000000	1.224905  
3308.000000	1.223881  
3306.000000	1.224324  
3304.000000	1.224057  
3302.000000	1.225457  
3300.000000	1.226303  
3298.000000	1.223959  
3296.000000	1.224123  
3294.000000	1.225269  
3292.000000	1.223800  
3290.000000	1.221308  
3288.000000	1.220283  
3286.000000	1.223927  
3284.000000	1.225065  
3282.000000	1.221397  
3280.000000	1.220404  
3278.000000	1.222013  
3276.000000	1.223124  
3274.000000	1.223795  
3272.000000	1.224152  
3270.000000	1.223920  
3268.000000	1.222863  
3266.000000	1.223038  
3264.000000	1.223330  
3262.000000	1.221985  
3260.000000	1.218448  
3258.000000	1.218950  
3256.000000	1.220639  
3254.000000	1.218838  
3252.000000	1.219322  
3250.000000	1.222511  
3248.000000	1.224978  
3246.000000	1.223563  
3244.000000	1.219485  
3242.000000	1.218633  
3240.000000	1.220337  
3238.000000	1.221030  
3236.000000	1.220237  
3234.000000	1.219718  
3232.000000	1.220812  
3230.000000	1.219401  
3228.000000	1.219450  
3226.000000	1.219780  
3224.000000	1.219349  
3222.000000	1.219758  
3220.000000	1.220101  
3218.000000	1.218958  
3216.000000	1.213946  
3214.000000	1.212823  
3212.000000	1.215944  
3210.000000	1.217598  
3208.000000	1.216891  
3206.000000	1.216146  
3204.000000	1.218448  
3202.000000	1.220507  
3200.000000	1.218908  
3198.000000	1.215622  
3196.000000	1.216579  
3194.000000	1.221328  
3192.000000	1.218800  
3190.000000	1.212698  
3188.000000	1.213042  
3186.000000	1.216835  
3184.000000	1.218941  
3182.000000	1.217853  
3180.000000	1.215136  
3178.000000	1.214423  
3176.000000	1.215469  
3174.000000	1.216274  
3172.000000	1.214597  
3170.000000	1.212708  
3168.000000	1.213907  
3166.000000	1.215323  
3164.000000	1.213052  
3162.000000	1.210258  
3160.000000	1.212270  
3158.000000	1.215399  
3156.000000	1.215760  
3154.000000	1.213894  
3152.000000	1.213550  
3150.000000	1.213195  
3148.000000	1.213342  
3146.000000	1.211574  
3144.000000	1.209615  
3142.000000	1.212637  
3140.000000	1.214867  
3138.000000	1.213777  
3136.000000	1.213191  
3134.000000	1.214226  
3132.000000	1.215738  
3130.000000	1.214900  
3128.000000	1.212481  
3126.000000	1.211820  
3124.000000	1.210803  
3122.000000	1.211260  
3120.000000	1.212787  
3118.000000	1.211148  
3116.000000	1.210690  
3114.000000	1.212329  
3112.000000	1.212833  
3110.000000	1.212382  
3108.000000	1.211928  
3106.000000	1.213492  
3104.000000	1.212890  
3102.000000	1.210671  
3100.000000	1.209199  
3098.000000	1.208686  
3096.000000	1.209751  
3094.000000	1.209823  
3092.000000	1.206906  
3090.000000	1.206559  
3088.000000	1.208608  
3086.000000	1.211013  
3084.000000	1.211085  
3082.000000	1.210006  
3080.000000	1.210134  
3078.000000	1.210433  
3076.000000	1.209848  
3074.000000	1.208882  
3072.000000	1.206874  
3070.000000	1.205539  
3068.000000	1.207313  
3066.000000	1.208643  
3064.000000	1.207847  
3062.000000	1.206994  
3060.000000	1.206247  
3058.000000	1.204589  
3056.000000	1.202702  
3054.000000	1.204657  
3052.000000	1.207678  
3050.000000	1.210574  
3048.000000	1.209607  
3046.000000	1.205835  
3044.000000	1.204737  
3042.000000	1.206019  
3040.000000	1.206249  
3038.000000	1.205983  
3036.000000	1.205441  
3034.000000	1.206997  
3032.000000	1.207468  
3030.000000	1.207439  
3028.000000	1.205878  
3026.000000	1.204933  
3024.000000	1.206871  
3022.000000	1.208653  
3020.000000	1.207401  
3018.000000	1.205374  
3016.000000	1.207021  
3014.000000	1.207468  
3012.000000	1.205079  
3010.000000	1.204546  
3008.000000	1.204807  
3006.000000	1.205251  
3004.000000	1.206724  
3002.000000	1.206144  
3000.000000	1.204908  
2998.000000	1.205745  
2996.000000	1.208382  
2994.000000	1.207934  
2992.000000	1.205453  
2990.000000	1.204128  
2988.000000	1.204639  
2986.000000	1.204734  
2984.000000	1.205615  
2982.000000	1.206645  
2980.000000	1.206482  
2978.000000	1.207014  
2976.000000	1.206464  
2974.000000	1.205590  
2972.000000	1.206134  
2970.000000	1.206949  
2968.000000	1.207151  
2966.000000	1.205986  
2964.000000	1.203346  
2962.000000	1.202266  
2960.000000	1.205381  
2958.000000	1.206434  
2956.000000	1.203930  
2954.000000	1.204903  
2952.000000	1.208459  
2950.000000	1.208939  
2948.000000	1.204830  
2946.000000	1.202649  
2944.000000	1.202543  
2942.000000	1.204729  
2940.000000	1.206569  
2938.000000	1.204780  
2936.000000	1.203596  
2934.000000	1.205147  
2932.000000	1.206834  
2930.000000	1.206842  
2928.000000	1.206043  
2926.000000	1.207862  
2924.000000	1.210503  
2922.000000	1.211385  
2920.000000	1.209217  
2918.000000	1.206887  
2916.000000	1.207880  
2914.000000	1.209129  
2912.000000	1.208531  
2910.000000	1.205227  
2908.000000	1.204099  
2906.000000	1.206183  
2904.000000	1.203330  
2902.000000	1.197658  
2900.000000	1.198552  
2898.000000	1.202730  
2896.000000	1.202372  
2894.000000	1.200581  
2892.000000	1.200093  
2890.000000	1.199462  
2888.000000	1.198287  
2886.000000	1.196579  
2884.000000	1.195986  
2882.000000	1.195683  
2880.000000	1.195940  
2878.000000	1.197964  
2876.000000	1.199056  
2874.000000	1.196977  
2872.000000	1.196695  
2870.000000	1.198210  
2868.000000	1.197707  
2866.000000	1.196015  
2864.000000	1.196478  
2862.000000	1.198483  
2860.000000	1.199463  
2858.000000	1.199477  
2856.000000	1.198913  
2854.000000	1.199020  
2852.000000	1.199382  
2850.000000	1.198019  
2848.000000	1.196786  
2846.000000	1.197479  
2844.000000	1.196750  
2842.000000	1.195389  
2840.000000	1.193609  
2838.000000	1.192994  
2836.000000	1.191972  
2834.000000	1.192619  
2832.000000	1.192853  
2830.000000	1.190098  
2828.000000	1.188885  
2826.000000	1.190260  
2824.000000	1.190159  
2822.000000	1.188499  
2820.000000	1.186018  
2818.000000	1.188801  
2816.000000	1.193210  
2814.000000	1.192426  
2812.000000	1.189815  
2810.000000	1.188844  
2808.000000	1.190176  
2806.000000	1.190481  
2804.000000	1.189614  
2802.000000	1.188358  
2800.000000	1.187975  
2798.000000	1.190117  
2796.000000	1.190096  
2794.000000	1.187132  
2792.000000	1.186540  
2790.000000	1.188189  
2788.000000	1.187347  
2786.000000	1.185805  
2784.000000	1.186689  
2782.000000	1.186611  
2780.000000	1.187154  
2778.000000	1.187060  
2776.000000	1.186268  
2774.000000	1.186715  
2772.000000	1.187214  
2770.000000	1.187302  
2768.000000	1.185183  
2766.000000	1.183574  
2764.000000	1.186379  
2762.000000	1.187364  
2760.000000	1.184957  
2758.000000	1.181626  
2756.000000	1.180795  
2754.000000	1.182402  
2752.000000	1.183590  
2750.000000	1.184485  
2748.000000	1.184183  
2746.000000	1.183324  
2744.000000	1.183435  
2742.000000	1.184064  
2740.000000	1.184719  
2738.000000	1.182711  
2736.000000	1.182857  
2734.000000	1.184782  
2732.000000	1.183350  
2730.000000	1.181596  
2728.000000	1.179910  
2726.000000	1.179810  
2724.000000	1.180145  
2722.000000	1.178041  
2720.000000	1.175713  
2718.000000	1.176855  
2716.000000	1.179754  
2714.000000	1.178550  
2712.000000	1.176382  
2710.000000	1.179120  
2708.000000	1.180409  
2706.000000	1.178581  
2704.000000	1.176982  
2702.000000	1.176036  
2700.000000	1.175440  
2698.000000	1.176098  
2696.000000	1.176432  
2694.000000	1.176348  
2692.000000	1.176443  
2690.000000	1.177480  
2688.000000	1.177845  
2686.000000	1.175218  
2684.000000	1.172424  
2682.000000	1.173103  
2680.000000	1.175666  
2678.000000	1.173905  
2676.000000	1.170793  
2674.000000	1.171320  
2672.000000	1.173488  
2670.000000	1.173156  
2668.000000	1.171576  
2666.000000	1.171693  
2664.000000	1.172439  
2662.000000	1.172424  
2660.000000	1.171572  
2658.000000	1.171685  
2656.000000	1.173087  
2654.000000	1.172133  
2652.000000	1.171689  
2650.000000	1.170885  
2648.000000	1.168468  
2646.000000	1.167576  
2644.000000	1.169831  
2642.000000	1.169811  
2640.000000	1.167433  
2638.000000	1.167029  
2636.000000	1.168456  
2634.000000	1.169739  
2632.000000	1.168145  
2630.000000	1.164658  
2628.000000	1.164941  
2626.000000	1.168180  
2624.000000	1.167175  
2622.000000	1.165711  
2620.000000	1.167490  
2618.000000	1.169458  
2616.000000	1.167872  
2614.000000	1.165267  
2612.000000	1.166488  
2610.000000	1.168309  
2608.000000	1.168373  
2606.000000	1.166384  
2604.000000	1.162941  
2602.000000	1.162263  
2600.000000	1.163060  
2598.000000	1.162101  
2596.000000	1.161973  
2594.000000	1.162202  
2592.000000	1.163325  
2590.000000	1.166445  
2588.000000	1.165461  
2586.000000	1.161664  
2584.000000	1.161462  
2582.000000	1.165117  
2580.000000	1.165979  
2578.000000	1.162035  
2576.000000	1.159768  
2574.000000	1.160961  
2572.000000	1.162053  
2570.000000	1.161907  
2568.000000	1.162254  
2566.000000	1.163877  
2564.000000	1.163550  
2562.000000	1.161446  
2560.000000	1.161239  
2558.000000	1.161236  
2556.000000	1.159720  
2554.000000	1.157709  
2552.000000	1.157218  
2550.000000	1.158482  
2548.000000	1.159037  
2546.000000	1.159605  
2544.000000	1.158187  
2542.000000	1.154244  
2540.000000	1.153452  
2538.000000	1.157411  
2536.000000	1.158937  
2534.000000	1.156591  
2532.000000	1.155380  
2530.000000	1.156769  
2528.000000	1.158185  
2526.000000	1.157332  
2524.000000	1.155958  
2522.000000	1.156308  
2520.000000	1.156881  
2518.000000	1.156414  
2516.000000	1.154481  
2514.000000	1.153544  
2512.000000	1.154563  
2510.000000	1.155153  
2508.000000	1.153915  
2506.000000	1.152932  
2504.000000	1.153598  
2502.000000	1.154596  
2500.000000	1.154489  
2498.000000	1.154132  
2496.000000	1.151487  
2494.000000	1.150630  
2492.000000	1.152415  
2490.000000	1.152667  
2488.000000	1.150634  
2486.000000	1.150154  
2484.000000	1.150461  
2482.000000	1.149344  
2480.000000	1.148382  
2478.000000	1.148484  
2476.000000	1.150005  
2474.000000	1.150729  
2472.000000	1.150008  
2470.000000	1.147607  
2468.000000	1.146485  
2466.000000	1.150264  
2464.000000	1.152283  
2462.000000	1.151239  
2460.000000	1.149733  
2458.000000	1.148334  
2456.000000	1.148699  
2454.000000	1.149593  
2452.000000	1.148586  
2450.000000	1.147622  
2448.000000	1.150173  
2446.000000	1.149717  
2444.000000	1.146198  
2442.000000	1.144212  
2440.000000	1.144553  
2438.000000	1.146409  
2436.000000	1.146170  
2434.000000	1.143442  
2432.000000	1.141353  
2430.000000	1.141878  
2428.000000	1.143726  
2426.000000	1.143576  
2424.000000	1.141706  
2422.000000	1.141980  
2420.000000	1.143602  
2418.000000	1.142951  
2416.000000	1.142320  
2414.000000	1.143563  
2412.000000	1.143686  
2410.000000	1.143285  
2408.000000	1.143581  
2406.000000	1.142645  
2404.000000	1.142937  
2402.000000	1.142504  
2400.000000	1.141045  
2398.000000	1.140126  
2396.000000	1.138620  
2394.000000	1.139023  
2392.000000	1.140800  
2390.000000	1.139148  
2388.000000	1.135793  
2386.000000	1.134881  
2384.000000	1.135571  
2382.000000	1.134569  
2380.000000	1.133242  
2378.000000	1.133482  
2376.000000	1.136158  
2374.000000	1.137017  
2372.000000	1.132776  
2370.000000	1.130484  
2368.000000	1.132310  
2366.000000	1.131078  
2364.000000	1.127952  
2362.000000	1.129097  
2360.000000	1.132511  
2358.000000	1.134332  
2356.000000	1.135202  
2354.000000	1.136304  
2352.000000	1.137649  
2350.000000	1.135465  
2348.000000	1.132754  
2346.000000	1.132556  
2344.000000	1.129494  
2342.000000	1.126415  
2340.000000	1.128714  
2338.000000	1.133834  
2336.000000	1.131700  
2334.000000	1.128369  
2332.000000	1.128416  
2330.000000	1.130410  
2328.000000	1.131587  
2326.000000	1.130543  
2324.000000	1.131888  
2322.000000	1.133243  
2320.000000	1.133954  
2318.000000	1.134668  
2316.000000	1.133418  
2314.000000	1.131749  
2312.000000	1.131275  
2310.000000	1.130616  
2308.000000	1.128295  
2306.000000	1.125634  
2304.000000	1.125293  
2302.000000	1.126976  
2300.000000	1.126695  
2298.000000	1.126671  
2296.000000	1.128195  
2294.000000	1.129393  
2292.000000	1.128042  
2290.000000	1.126628  
2288.000000	1.126302  
2286.000000	1.127076  
2284.000000	1.127942  
2282.000000	1.127842  
2280.000000	1.126282  
2278.000000	1.125421  
2276.000000	1.126543  
2274.000000	1.126642  
2272.000000	1.125200  
2270.000000	1.123802  
2268.000000	1.123450  
2266.000000	1.123652  
2264.000000	1.122907  
2262.000000	1.122500  
2260.000000	1.123196  
2258.000000	1.124310  
2256.000000	1.125831  
2254.000000	1.125933  
2252.000000	1.124608  
2250.000000	1.125849  
2248.000000	1.127575  
2246.000000	1.125858  
2244.000000	1.123092  
2242.000000	1.122614  
2240.000000	1.124906  
2238.000000	1.125011  
2236.000000	1.122334  
2234.000000	1.121434  
2232.000000	1.121860  
2230.000000	1.121780  
2228.000000	1.121450  
2226.000000	1.121974  
2224.000000	1.122385  
2222.000000	1.122393  
2220.000000	1.122879  
2218.000000	1.122470  
2216.000000	1.120675  
2214.000000	1.120164  
2212.000000	1.121208  
2210.000000	1.121140  
2208.000000	1.119359  
2206.000000	1.118874  
2204.000000	1.119862  
2202.000000	1.119013  
2200.000000	1.117788  
2198.000000	1.118079  
2196.000000	1.119859  
2194.000000	1.121411  
2192.000000	1.120472  
2190.000000	1.118678  
2188.000000	1.118719  
2186.000000	1.118983  
2184.000000	1.119104  
2182.000000	1.118768  
2180.000000	1.116688  
2178.000000	1.116645  
2176.000000	1.118933  
2174.000000	1.119746  
2172.000000	1.119179  
2170.000000	1.120153  
2168.000000	1.121982  
2166.000000	1.122104  
2164.000000	1.121144  
2162.000000	1.121672  
2160.000000	1.126309  
2158.000000	1.132577  
2156.000000	1.135114  
2154.000000	1.136167  
2152.000000	1.143550  
2150.000000	1.156784  
2148.000000	1.167289  
2146.000000	1.173196  
2144.000000	1.178161  
2142.000000	1.183234  
2140.000000	1.186069  
2138.000000	1.187297  
2136.000000	1.188352  
2134.000000	1.188537  
2132.000000	1.190724  
2130.000000	1.195278  
2128.000000	1.198956  
2126.000000	1.203521  
2124.000000	1.208703  
2122.000000	1.215896  
2120.000000	1.226722  
2118.000000	1.240262  
2116.000000	1.248521  
2114.000000	1.251376  
2112.000000	1.255143  
2110.000000	1.256053  
2108.000000	1.254252  
2106.000000	1.255934  
2104.000000	1.255975  
2102.000000	1.250455  
2100.000000	1.243452  
2098.000000	1.239895  
2096.000000	1.240322  
2094.000000	1.242714  
2092.000000	1.245025  
2090.000000	1.250068  
2088.000000	1.253728  
2086.000000	1.251762  
2084.000000	1.247364  
2082.000000	1.242806  
2080.000000	1.238416  
2078.000000	1.233726  
2076.000000	1.228537  
2074.000000	1.220058  
2072.000000	1.205865  
2070.000000	1.191733  
2068.000000	1.179843  
2066.000000	1.164276  
2064.000000	1.147606  
2062.000000	1.134685  
2060.000000	1.127235  
2058.000000	1.118620  
2056.000000	1.109562  
2054.000000	1.104471  
2052.000000	1.102697  
2050.000000	1.100346  
2048.000000	1.097533  
2046.000000	1.096021  
2044.000000	1.095206  
2042.000000	1.093502  
2040.000000	1.091412  
2038.000000	1.090519  
2036.000000	1.090040  
2034.000000	1.088958  
2032.000000	1.088991  
2030.000000	1.089489  
2028.000000	1.087952  
2026.000000	1.087112  
2024.000000	1.087531  
2022.000000	1.087320  
2020.000000	1.085166  
2018.000000	1.082301  
2016.000000	1.082274  
2014.000000	1.083671  
2012.000000	1.083503  
2010.000000	1.080056  
2008.000000	1.080267  
2006.000000	1.081999  
2004.000000	1.079912  
2002.000000	1.076865  
2000.000000	1.076040  
1998.000000	1.078306  
1996.000000	1.078283  
1994.000000	1.075109  
1992.000000	1.073551  
1990.000000	1.073981  
1988.000000	1.074457  
1986.000000	1.074568  
1984.000000	1.074265  
1982.000000	1.073722  
1980.000000	1.074119  
1978.000000	1.074858  
1976.000000	1.073799  
1974.000000	1.071517  
1972.000000	1.070227  
1970.000000	1.070951  
1968.000000	1.072182  
1966.000000	1.071136  
1964.000000	1.068928  
1962.000000	1.068076  
1960.000000	1.068154  
1958.000000	1.067402  
1956.000000	1.066587  
1954.000000	1.066745  
1952.000000	1.067198  
1950.000000	1.067038  
1948.000000	1.066153  
1946.000000	1.064908  
1944.000000	1.063887  
1942.000000	1.063349  
1940.000000	1.061954  
1938.000000	1.062410  
1936.000000	1.062148  
1934.000000	1.060280  
1932.000000	1.060622  
1930.000000	1.061060  
1928.000000	1.058571  
1926.000000	1.057841  
1924.000000	1.060964  
1922.000000	1.059852  
1920.000000	1.055883  
1918.000000	1.056990  
1916.000000	1.058467  
1914.000000	1.058334  
1912.000000	1.055552  
1910.000000	1.054008  
1908.000000	1.055150  
1906.000000	1.055740  
1904.000000	1.054662  
1902.000000	1.053183  
1900.000000	1.052217  
1898.000000	1.052322  
1896.000000	1.052334  
1894.000000	1.051203  
1892.000000	1.049685  
1890.000000	1.051371  
1888.000000	1.051935  
1886.000000	1.049989  
1884.000000	1.048078  
1882.000000	1.047315  
1880.000000	1.048584  
1878.000000	1.049156  
1876.000000	1.047607  
1874.000000	1.044979  
1872.000000	1.043423  
1870.000000	1.045740  
1868.000000	1.046271  
1866.000000	1.042667  
1864.000000	1.041901  
1862.000000	1.043912  
1860.000000	1.044622  
1858.000000	1.043504  
1856.000000	1.041495  
1854.000000	1.040331  
1852.000000	1.041067  
1850.000000	1.040205  
1848.000000	1.037775  
1846.000000	1.036238  
1844.000000	1.038552  
1842.000000	1.039238  
1840.000000	1.037910  
1838.000000	1.035765  
1836.000000	1.033296  
1834.000000	1.032664  
1832.000000	1.031990  
1830.000000	1.031176  
1828.000000	1.030043  
1826.000000	1.030793  
1824.000000	1.032906  
1822.000000	1.031694  
1820.000000	1.028330  
1818.000000	1.027052  
1816.000000	1.028859  
1814.000000	1.028173  
1812.000000	1.026406  
1810.000000	1.027440  
1808.000000	1.027847  
1806.000000	1.026113  
1804.000000	1.024202  
1802.000000	1.022800  
1800.000000	1.024080  
1798.000000	1.023846  
1796.000000	1.021167  
1794.000000	1.020725  
1792.000000	1.023326  
1790.000000	1.023287  
1788.000000	1.021241  
1786.000000	1.020485  
1784.000000	1.019146  
1782.000000	1.017194  
1780.000000	1.018685  
1778.000000	1.018671  
1776.000000	1.014207  
1774.000000	1.012533  
1772.000000	1.016386  
1770.000000	1.015961  
1768.000000	1.014540  
1766.000000	1.012587  
1764.000000	1.011463  
1762.000000	1.014357  
1760.000000	1.012836  
1758.000000	1.009380  
1756.000000	1.010758  
1754.000000	1.009462  
1752.000000	1.008061  
1750.000000	1.008116  
1748.000000	1.007605  
1746.000000	1.007048  
1744.000000	1.007188  
1742.000000	1.005929  
1740.000000	1.006108  
1738.000000	1.005399  
1736.000000	1.002133  
1734.000000	1.008857  
1732.000000	1.008715  
1730.000000	1.005597  
1728.000000	1.005790  
1726.000000	1.005512  
1724.000000	1.005146  
1722.000000	1.002224  
1720.000000	0.997486  
1718.000000	1.000813  
1716.000000	1.004672  
1714.000000	1.002455  
1712.000000	1.000622  
1710.000000	0.998989  
1708.000000	0.996048  
1706.000000	0.995880  
1704.000000	0.993345  
1702.000000	0.988957  
1700.000000	0.992307  
1698.000000	0.989642  
1696.000000	0.992938  
1694.000000	0.993330  
1692.000000	0.988813  
1690.000000	0.987441  
1688.000000	0.984917  
1686.000000	0.980113  
1684.000000	0.984773  
1682.000000	0.986092  
1680.000000	0.984962  
1678.000000	0.982339  
1676.000000	0.980482  
1674.000000	0.982359  
1672.000000	0.979689  
1670.000000	0.979009  
1668.000000	0.979580  
1666.000000	0.977273  
1664.000000	0.977108  
1662.000000	0.978169  
1660.000000	0.976433  
1658.000000	0.972966  
1656.000000	0.966206  
1654.000000	0.968106  
1652.000000	0.976663  
1650.000000	0.968255  
1648.000000	0.963763  
1646.000000	0.969185  
1644.000000	0.970187  
1642.000000	0.966342  
1640.000000	0.963053  
1638.000000	0.959771  
1636.000000	0.966661  
1634.000000	0.970280  
1632.000000	0.963657  
1630.000000	0.961071  
1628.000000	0.963910  
1626.000000	0.962529  
1624.000000	0.961150  
1622.000000	0.961868  
1620.000000	0.958293  
1618.000000	0.957022  
1616.000000	0.959773  
1614.000000	0.956733  
1612.000000	0.954528  
1610.000000	0.955375  
1608.000000	0.955414  
1606.000000	0.953251  
1604.000000	0.950247  
1602.000000	0.950664  
1600.000000	0.951576  
1598.000000	0.949361  
1596.000000	0.947134  
1594.000000	0.946328  
1592.000000	0.947103  
1590.000000	0.947599  
1588.000000	0.946419  
1586.000000	0.944516  
1584.000000	0.943101  
1582.000000	0.943368  
1580.000000	0.941146  
1578.000000	0.937577  
1576.000000	0.941001  
1574.000000	0.941745  
1572.000000	0.937795  
1570.000000	0.937479  
1568.000000	0.936760  
1566.000000	0.934562  
1564.000000	0.933352  
1562.000000	0.928172  
1560.000000	0.928659  
1558.000000	0.936647  
1556.000000	0.932703  
1554.000000	0.930458  
1552.000000	0.927698  
1550.000000	0.925584  
1548.000000	0.925031  
1546.000000	0.923904  
1544.000000	0.922121  
1542.000000	0.918776  
1540.000000	0.923369  
1538.000000	0.926585  
1536.000000	0.921599  
1534.000000	0.919253  
1532.000000	0.917888  
1530.000000	0.916112  
1528.000000	0.915800  
1526.000000	0.914640  
1524.000000	0.911336  
1522.000000	0.911333  
1520.000000	0.914274  
1518.000000	0.912126  
1516.000000	0.912241  
1514.000000	0.910294  
1512.000000	0.908564  
1510.000000	0.906066  
1508.000000	0.905339  
1506.000000	0.910456  
1504.000000	0.907348  
1502.000000	0.904160  
1500.000000	0.903954  
1498.000000	0.902832  
1496.000000	0.904712  
1494.000000	0.903653  
1492.000000	0.901154  
1490.000000	0.902186  
1488.000000	0.900384  
1486.000000	0.898729  
1484.000000	0.898511  
1482.000000	0.898127  
1480.000000	0.896251  
1478.000000	0.894256  
1476.000000	0.893755  
1474.000000	0.894692  
1472.000000	0.896707  
1470.000000	0.893203  
1468.000000	0.890199  
1466.000000	0.891115  
1464.000000	0.892929  
1462.000000	0.890372  
1460.000000	0.885958  
1458.000000	0.885748  
1456.000000	0.891988  
1454.000000	0.889973  
1452.000000	0.884987  
1450.000000	0.881837  
1448.000000	0.882707  
1446.000000	0.882962  
1444.000000	0.880317  
1442.000000	0.878318  
1440.000000	0.875844  
1438.000000	0.874951  
1436.000000	0.875212  
1434.000000	0.871501  
1432.000000	0.869599  
1430.000000	0.869868  
1428.000000	0.868924  
1426.000000	0.865695  
1424.000000	0.863262  
1422.000000	0.860957  
1420.000000	0.861375  
1418.000000	0.861795  
1416.000000	0.858623  
1414.000000	0.856392  
1412.000000	0.854728  
1410.000000	0.853428  
1408.000000	0.852446  
1406.000000	0.850627  
1404.000000	0.848642  
1402.000000	0.847716  
1400.000000	0.846799  
1398.000000	0.844192  
1396.000000	0.841806  
1394.000000	0.842936  
1392.000000	0.841918  
1390.000000	0.838093  
1388.000000	0.835507  
1386.000000	0.835063  
1384.000000	0.834875  
1382.000000	0.832629  
1380.000000	0.829931  
1378.000000	0.828805  
1376.000000	0.827305  
1374.000000	0.825995  
1372.000000	0.823969  
1370.000000	0.822011  
1368.000000	0.820632  
1366.000000	0.818553  
1364.000000	0.816689  
1362.000000	0.815469  
1360.000000	0.813111  
1358.000000	0.812214  
1356.000000	0.811709  
1354.000000	0.809209  
1352.000000	0.806093  
1350.000000	0.806061  
1348.000000	0.806168  
1346.000000	0.803316  
1344.000000	0.800067  
1342.000000	0.798572  
1340.000000	0.797814  
1338.000000	0.796662  
1336.000000	0.794601  
1334.000000	0.792217  
1332.000000	0.791556  
1330.000000	0.790936  
1328.000000	0.788567  
1326.000000	0.786476  
1324.000000	0.785501  
1322.000000	0.784664  
1320.000000	0.783518  
1318.000000	0.781406  
1316.000000	0.779286  
1314.000000	0.778437  
1312.000000	0.778225  
1310.000000	0.776504  
1308.000000	0.774181  
1306.000000	0.771940  
1304.000000	0.770972  
1302.000000	0.769645  
1300.000000	0.767394  
1298.000000	0.765470  
1296.000000	0.763989  
1294.000000	0.762435  
1292.000000	0.760422  
1290.000000	0.758125  
1288.000000	0.756791  
1286.000000	0.755592  
1284.000000	0.753498  
1282.000000	0.751297  
1280.000000	0.749644  
1278.000000	0.747963  
1276.000000	0.745393  
1274.000000	0.742964  
1272.000000	0.741084  
1270.000000	0.739225  
1268.000000	0.737897  
1266.000000	0.736411  
1264.000000	0.733929  
1262.000000	0.731207  
1260.000000	0.729014  
1258.000000	0.727679  
1256.000000	0.726280  
1254.000000	0.723872  
1252.000000	0.721125  
1250.000000	0.719466  
1248.000000	0.717702  
1246.000000	0.714996  
1244.000000	0.712699  
1242.000000	0.711729  
1240.000000	0.710579  
1238.000000	0.708548  
1236.000000	0.706058  
1234.000000	0.704275  
1232.000000	0.702301  
1230.000000	0.700208  
1228.000000	0.697901  
1226.000000	0.695280  
1224.000000	0.693200  
1222.000000	0.691823  
1220.000000	0.689777  
1218.000000	0.687908  
1216.000000	0.686749  
1214.000000	0.684400  
1212.000000	0.681646  
1210.000000	0.679859  
1208.000000	0.678624  
1206.000000	0.677016  
1204.000000	0.675415  
1202.000000	0.673012  
1200.000000	0.670601  
1198.000000	0.669224  
1196.000000	0.667982  
1194.000000	0.666234  
1192.000000	0.664125  
1190.000000	0.662135  
1188.000000	0.660332  
1186.000000	0.658448  
1184.000000	0.655578  
1182.000000	0.652969  
1180.000000	0.652448  
1178.000000	0.651118  
1176.000000	0.648378  
1174.000000	0.645700  
1172.000000	0.643762  
1170.000000	0.641926  
1168.000000	0.640151  
1166.000000	0.638371  
1164.000000	0.636529  
1162.000000	0.634557  
1160.000000	0.632101  
1158.000000	0.630232  
1156.000000	0.628264  
1154.000000	0.625597  
1152.000000	0.624132  
1150.000000	0.623190  
1148.000000	0.620630  
1146.000000	0.617908  
1144.000000	0.616040  
1142.000000	0.614301  
1140.000000	0.612377  
1138.000000	0.610091  
1136.000000	0.608487  
1134.000000	0.606760  
1132.000000	0.603833  
1130.000000	0.600890  
1128.000000	0.598662  
1126.000000	0.597021  
1124.000000	0.595723  
1122.000000	0.593783  
1120.000000	0.591521  
1118.000000	0.589963  
1116.000000	0.588805  
1114.000000	0.587106  
1112.000000	0.585109  
1110.000000	0.583506  
1108.000000	0.582262  
1106.000000	0.581836  
1104.000000	0.581469  
1102.000000	0.579859  
1100.000000	0.578802  
1098.000000	0.578608  
1096.000000	0.577627  
1094.000000	0.575008  
1092.000000	0.572235  
1090.000000	0.570271  
1088.000000	0.568150  
1086.000000	0.565502  
1084.000000	0.563329  
1082.000000	0.561415  
1080.000000	0.560006  
1078.000000	0.557685  
1076.000000	0.555160  
1074.000000	0.553221  
1072.000000	0.551150  
1070.000000	0.548763  
1068.000000	0.546417  
1066.000000	0.544109  
1064.000000	0.542063  
1062.000000	0.540051  
1060.000000	0.537627  
1058.000000	0.535285  
1056.000000	0.532864  
1054.000000	0.530793  
1052.000000	0.529074  
1050.000000	0.526177  
1048.000000	0.523053  
1046.000000	0.520814  
1044.000000	0.518849  
1042.000000	0.516608  
1040.000000	0.513537  
1038.000000	0.511040  
1036.000000	0.509561  
1034.000000	0.507994  
1032.000000	0.504876  
1030.000000	0.501219  
1028.000000	0.498552  
1026.000000	0.496640  
1024.000000	0.493962  
1022.000000	0.490868  
1020.000000	0.487871  
1018.000000	0.485223  
1016.000000	0.482082  
1014.000000	0.478885  
1012.000000	0.475497  
1010.000000	0.471720  
1008.000000	0.469119  
1006.000000	0.466966  
1004.000000	0.463672  
1002.000000	0.460290  
1000.000000	0.457617  
998.000000	 0.455626  
996.000000	 0.453330  
994.000000	 0.450021  
992.000000	 0.447185  
990.000000	 0.445278  
988.000000	 0.443156  
986.000000	 0.439807  
984.000000	 0.436625  
982.000000	 0.434890  
980.000000	 0.433406  
978.000000	 0.431107  
976.000000	 0.428589  
974.000000	 0.425998  
972.000000	 0.423766  
970.000000	 0.421117  
968.000000	 0.417402  
966.000000	 0.414723  
964.000000	 0.412847  
962.000000	 0.410332  
960.000000	 0.407850  
958.000000	 0.405257  
956.000000	 0.402380  
954.000000	 0.400079  
952.000000	 0.398095  
950.000000	 0.395788  
948.000000	 0.393464  
946.000000	 0.391705  
944.000000	 0.390118  
942.000000	 0.388230  
940.000000	 0.386104  
938.000000	 0.384463  
936.000000	 0.383686  
934.000000	 0.382662  
932.000000	 0.381485  
930.000000	 0.381006  
928.000000	 0.381732  
926.000000	 0.384817  
924.000000	 0.391705  
922.000000	 0.405290  
920.000000	 0.427129  
918.000000	 0.456262  
916.000000	 0.487421  
914.000000	 0.514945  
912.000000	 0.538424  
910.000000	 0.560800  
908.000000	 0.581685  
906.000000	 0.594886  
904.000000	 0.598494  
902.000000	 0.598805  
900.000000	 0.596115  
898.000000	 0.586951  
896.000000	 0.570592  
894.000000	 0.548227  
892.000000	 0.522359  
890.000000	 0.494000  
888.000000	 0.463990  
886.000000	 0.435569  
884.000000	 0.412303  
882.000000	 0.393976  
880.000000	 0.379323  
878.000000	 0.368342  
876.000000	 0.359594  
874.000000	 0.352457  
872.000000	 0.347545  
870.000000	 0.343082  
868.000000	 0.339585  
866.000000	 0.337267  
864.000000	 0.336222  
862.000000	 0.335623  
860.000000	 0.333352  
858.000000	 0.329014  
856.000000	 0.324761  
854.000000	 0.321051  
852.000000	 0.316931  
850.000000	 0.312628  
848.000000	 0.309533  
846.000000	 0.307147  
844.000000	 0.304595  
842.000000	 0.301904  
840.000000	 0.299044  
838.000000	 0.296415  
836.000000	 0.294155  
834.000000	 0.291654  
832.000000	 0.288742  
830.000000	 0.286878  
828.000000	 0.285137  
826.000000	 0.283358  
824.000000	 0.281788  
822.000000	 0.279869  
820.000000	 0.278667  
818.000000	 0.278108  
816.000000	 0.277097  
814.000000	 0.276056  
812.000000	 0.275248  
810.000000	 0.275053  
808.000000	 0.272940  
806.000000	 0.268701  
804.000000	 0.264828  
802.000000	 0.261388  
800.000000	 0.257929  
798.000000	 0.254313  
796.000000	 0.251183  
794.000000	 0.248744  
792.000000	 0.246077  
790.000000	 0.242912  
788.000000	 0.239788  
786.000000	 0.237610  
784.000000	 0.235544  
782.000000	 0.232361  
780.000000	 0.228731  
778.000000	 0.225497  
776.000000	 0.222807  
774.000000	 0.219957  
772.000000	 0.217310  
770.000000	 0.214368  
768.000000	 0.211122  
766.000000	 0.208402  
764.000000	 0.206260  
762.000000	 0.203359  
760.000000	 0.200526  
758.000000	 0.198818  
756.000000	 0.197345  
754.000000	 0.194600  
752.000000	 0.192096  
750.000000	 0.191042  
748.000000	 0.191298  
746.000000	 0.191266  
744.000000	 0.192180  
742.000000	 0.195754  
740.000000	 0.202473  
738.000000	 0.210344  
736.000000	 0.216501  
734.000000	 0.221189  
732.000000	 0.225538  
730.000000	 0.231425  
728.000000	 0.239888  
726.000000	 0.249510  
724.000000	 0.258854  
722.000000	 0.267255  
720.000000	 0.275085  
718.000000	 0.281852  
716.000000	 0.286630  
714.000000	 0.291941  
712.000000	 0.297219  
710.000000	 0.301341  
708.000000	 0.304427  
706.000000	 0.308493  
704.000000	 0.315305  
702.000000	 0.323887  
700.000000	 0.332286  
698.000000	 0.343784  
696.000000	 0.357773  
694.000000	 0.373361  
692.000000	 0.390595  
690.000000	 0.409281  
688.000000	 0.428215  
686.000000	 0.448100  
684.000000	 0.468003  
682.000000	 0.485377  
680.000000	 0.501704  
678.000000	 0.517618  
676.000000	 0.531821  
674.000000	 0.543607  
672.000000	 0.552347  
670.000000	 0.556512  
668.000000	 0.560270  
666.000000	 0.561347  
664.000000	 0.555037  
662.000000	 0.545108  
660.000000	 0.535154  
658.000000	 0.528434  
656.000000	 0.522791  
654.000000	 0.514847  
652.000000	 0.509019  
650.000000	 0.508705  
648.000000	 0.510457  
646.000000	 0.513054  
644.000000	 0.518056  
642.000000	 0.526840  
640.000000	 0.537562  
638.000000	 0.548682  
636.000000	 0.560632  
634.000000	 0.574011  
632.000000	 0.584762  
630.000000	 0.589272  
628.000000	 0.588868  
626.000000	 0.580246  
624.000000	 0.560055  
622.000000	 0.532889  
620.000000	 0.497742  
618.000000	 0.455635  
616.000000	 0.413490  
614.000000	 0.374934  
612.000000	 0.342447  
610.000000	 0.314728  
608.000000	 0.288029  
606.000000	 0.263476  
604.000000	 0.244617  
602.000000	 0.228595  
600.000000	 0.213266  
598.000000	 0.199731  
596.000000	 0.189759  
594.000000	 0.181256  
592.000000	 0.172351  
590.000000	 0.164290  
588.000000	 0.158347  
586.000000	 0.154015  
584.000000	 0.149433  
582.000000	 0.144024  
580.000000	 0.140240  
578.000000	 0.136333  
576.000000	 0.130074  
574.000000	 0.123219  
572.000000	 0.117349  
570.000000	 0.112008  
568.000000	 0.107469  
566.000000	 0.104542  
564.000000	 0.101629  
562.000000	 0.097382  
560.000000	 0.093564  
558.000000	 0.090063  
556.000000	 0.085968  
554.000000	 0.082533  
552.000000	 0.081172  
550.000000	 0.080992  
548.000000	 0.079554  
546.000000	 0.075974  
544.000000	 0.072199  
542.000000	 0.068763  
540.000000	 0.065165  
538.000000	 0.061703  
536.000000	 0.058649  
534.000000	 0.056221  
532.000000	 0.053384  
530.000000	 0.050358  
528.000000	 0.047398  
526.000000	 0.044805  
524.000000	 0.042488  
522.000000	 0.041565  
520.000000	 0.040769  
518.000000	 0.039251  
516.000000	 0.038914  
514.000000	 0.040254  
512.000000	 0.041946  
510.000000	 0.042001  
508.000000	 0.040467  
506.000000	 0.039601  
504.000000	 0.038740  
502.000000	 0.036369  
500.000000	 0.034045  
498.000000	 0.032999  
496.000000	 0.032327  
494.000000	 0.030931  
492.000000	 0.029442  
490.000000	 0.028212  
488.000000	 0.027369  
486.000000	 0.025252  
484.000000	 0.022028  
482.000000	 0.020210  
480.000000	 0.019462  
478.000000	 0.017880  
476.000000	 0.015984  
474.000000	 0.012450  
472.000000	 0.009570  
470.000000	 0.008405  
468.000000	 0.005708  
466.000000	 0.001911  
464.000000	 -0.001277 
462.000000	 -0.004681 
460.000000	 -0.007679 
458.000000	 -0.009458 
456.000000	 -0.011186 
454.000000	 -0.013280 
452.000000	 -0.013319 
450.000000	 -0.014236 

