4400.000000	1.271921  
4398.000000	1.267883  
4396.000000	1.263844  
4394.000000	1.263083  
4392.000000	1.262351  
4390.000000	1.262334  
4388.000000	1.265364  
4386.000000	1.267021  
4384.000000	1.266372  
4382.000000	1.268050  
4380.000000	1.268595  
4378.000000	1.266707  
4376.000000	1.264480  
4374.000000	1.266255  
4372.000000	1.272559  
4370.000000	1.272999  
4368.000000	1.268156  
4366.000000	1.266443  
4364.000000	1.266368  
4362.000000	1.261780  
4360.000000	1.259881  
4358.000000	1.263316  
4356.000000	1.267030  
4354.000000	1.266967  
4352.000000	1.264821  
4350.000000	1.263111  
4348.000000	1.263130  
4346.000000	1.263928  
4344.000000	1.264986  
4342.000000	1.264514  
4340.000000	1.263668  
4338.000000	1.263151  
4336.000000	1.263993  
4334.000000	1.264866  
4332.000000	1.265026  
4330.000000	1.264868  
4328.000000	1.266179  
4326.000000	1.266856  
4324.000000	1.264097  
4322.000000	1.259647  
4320.000000	1.256347  
4318.000000	1.259167  
4316.000000	1.262251  
4314.000000	1.265455  
4312.000000	1.268451  
4310.000000	1.267467  
4308.000000	1.264170  
4306.000000	1.261647  
4304.000000	1.262368  
4302.000000	1.261462  
4300.000000	1.261008  
4298.000000	1.260548  
4296.000000	1.260050  
4294.000000	1.265099  
4292.000000	1.265669  
4290.000000	1.264232  
4288.000000	1.262908  
4286.000000	1.261288  
4284.000000	1.260814  
4282.000000	1.262463  
4280.000000	1.265105  
4278.000000	1.266684  
4276.000000	1.268386  
4274.000000	1.266057  
4272.000000	1.263286  
4270.000000	1.263704  
4268.000000	1.263216  
4266.000000	1.259480  
4264.000000	1.257649  
4262.000000	1.261439  
4260.000000	1.264796  
4258.000000	1.265209  
4256.000000	1.264763  
4254.000000	1.265660  
4252.000000	1.265799  
4250.000000	1.266185  
4248.000000	1.265400  
4246.000000	1.264927  
4244.000000	1.264813  
4242.000000	1.264994  
4240.000000	1.267799  
4238.000000	1.266854  
4236.000000	1.264209  
4234.000000	1.264200  
4232.000000	1.262948  
4230.000000	1.262620  
4228.000000	1.264438  
4226.000000	1.262707  
4224.000000	1.262009  
4222.000000	1.264090  
4220.000000	1.262520  
4218.000000	1.259070  
4216.000000	1.258923  
4214.000000	1.260569  
4212.000000	1.260818  
4210.000000	1.259451  
4208.000000	1.259090  
4206.000000	1.260846  
4204.000000	1.262249  
4202.000000	1.263371  
4200.000000	1.268440  
4198.000000	1.270429  
4196.000000	1.268056  
4194.000000	1.263941  
4192.000000	1.260912  
4190.000000	1.263275  
4188.000000	1.263049  
4186.000000	1.256311  
4184.000000	1.255399  
4182.000000	1.259730  
4180.000000	1.261160  
4178.000000	1.261504  
4176.000000	1.259634  
4174.000000	1.258463  
4172.000000	1.260767  
4170.000000	1.260899  
4168.000000	1.260373  
4166.000000	1.259060  
4164.000000	1.260354  
4162.000000	1.262692  
4160.000000	1.261787  
4158.000000	1.259977  
4156.000000	1.259280  
4154.000000	1.257761  
4152.000000	1.257804  
4150.000000	1.259681  
4148.000000	1.259632  
4146.000000	1.260501  
4144.000000	1.261721  
4142.000000	1.262001  
4140.000000	1.260882  
4138.000000	1.262158  
4136.000000	1.261265  
4134.000000	1.255663  
4132.000000	1.252041  
4130.000000	1.256655  
4128.000000	1.260344  
4126.000000	1.259689  
4124.000000	1.260031  
4122.000000	1.258174  
4120.000000	1.257265  
4118.000000	1.258457  
4116.000000	1.258561  
4114.000000	1.257053  
4112.000000	1.256674  
4110.000000	1.258529  
4108.000000	1.258688  
4106.000000	1.254337  
4104.000000	1.252693  
4102.000000	1.257694  
4100.000000	1.262614  
4098.000000	1.261109  
4096.000000	1.256550  
4094.000000	1.254981  
4092.000000	1.256248  
4090.000000	1.258125  
4088.000000	1.256098  
4086.000000	1.252597  
4084.000000	1.251686  
4082.000000	1.256838  
4080.000000	1.259679  
4078.000000	1.257703  
4076.000000	1.255999  
4074.000000	1.253167  
4072.000000	1.253873  
4070.000000	1.253997  
4068.000000	1.252782  
4066.000000	1.251723  
4064.000000	1.253084  
4062.000000	1.255742  
4060.000000	1.254870  
4058.000000	1.251976  
4056.000000	1.254853  
4054.000000	1.257074  
4052.000000	1.255542  
4050.000000	1.254140  
4048.000000	1.253774  
4046.000000	1.252635  
4044.000000	1.252580  
4042.000000	1.253763  
4040.000000	1.254920  
4038.000000	1.256610  
4036.000000	1.256257  
4034.000000	1.254440  
4032.000000	1.253000  
4030.000000	1.255520  
4028.000000	1.257400  
4026.000000	1.253988  
4024.000000	1.251930  
4022.000000	1.253488  
4020.000000	1.254170  
4018.000000	1.253028  
4016.000000	1.251333  
4014.000000	1.252865  
4012.000000	1.252887  
4010.000000	1.253386  
4008.000000	1.257909  
4006.000000	1.255346  
4004.000000	1.249182  
4002.000000	1.250111  
4000.000000	1.251441  
3998.000000	1.251402  
3996.000000	1.252897  
3994.000000	1.253767  
3992.000000	1.255889  
3990.000000	1.256760  
3988.000000	1.256177  
3986.000000	1.256694  
3984.000000	1.255380  
3982.000000	1.253377  
3980.000000	1.253862  
3978.000000	1.259134  
3976.000000	1.259361  
3974.000000	1.254693  
3972.000000	1.253648  
3970.000000	1.255205  
3968.000000	1.254596  
3966.000000	1.252075  
3964.000000	1.251468  
3962.000000	1.251429  
3960.000000	1.252460  
3958.000000	1.250907  
3956.000000	1.251971  
3954.000000	1.254114  
3952.000000	1.254287  
3950.000000	1.255563  
3948.000000	1.254114  
3946.000000	1.248337  
3944.000000	1.248449  
3942.000000	1.251104  
3940.000000	1.250453  
3938.000000	1.248818  
3936.000000	1.247736  
3934.000000	1.251932  
3932.000000	1.253995  
3930.000000	1.250396  
3928.000000	1.246871  
3926.000000	1.251753  
3924.000000	1.255015  
3922.000000	1.252069  
3920.000000	1.250372  
3918.000000	1.250262  
3916.000000	1.250592  
3914.000000	1.250520  
3912.000000	1.250405  
3910.000000	1.245584  
3908.000000	1.246095  
3906.000000	1.253527  
3904.000000	1.255619  
3902.000000	1.252747  
3900.000000	1.257456  
3898.000000	1.255652  
3896.000000	1.248924  
3894.000000	1.249343  
3892.000000	1.255833  
3890.000000	1.253249  
3888.000000	1.249340  
3886.000000	1.254460  
3884.000000	1.250975  
3882.000000	1.252975  
3880.000000	1.258448  
3878.000000	1.249732  
3876.000000	1.248948  
3874.000000	1.249667  
3872.000000	1.247588  
3870.000000	1.259182  
3868.000000	1.249742  
3866.000000	1.250057  
3864.000000	1.253854  
3862.000000	1.249884  
3860.000000	1.247366  
3858.000000	1.242830  
3856.000000	1.243468  
3854.000000	1.262166  
3852.000000	1.260258  
3850.000000	1.247602  
3848.000000	1.245699  
3846.000000	1.245411  
3844.000000	1.243922  
3842.000000	1.240286  
3840.000000	1.242937  
3838.000000	1.252993  
3836.000000	1.253210  
3834.000000	1.247701  
3832.000000	1.247862  
3830.000000	1.248563  
3828.000000	1.251973  
3826.000000	1.252017  
3824.000000	1.244628  
3822.000000	1.254315  
3820.000000	1.251315  
3818.000000	1.242235  
3816.000000	1.253516  
3814.000000	1.250083  
3812.000000	1.245327  
3810.000000	1.239219  
3808.000000	1.246471  
3806.000000	1.249413  
3804.000000	1.240307  
3802.000000	1.253832  
3800.000000	1.253919  
3798.000000	1.249266  
3796.000000	1.253683  
3794.000000	1.248882  
3792.000000	1.246204  
3790.000000	1.247348  
3788.000000	1.246219  
3786.000000	1.247103  
3784.000000	1.247998  
3782.000000	1.246865  
3780.000000	1.248855  
3778.000000	1.249645  
3776.000000	1.249007  
3774.000000	1.246080  
3772.000000	1.244963  
3770.000000	1.249127  
3768.000000	1.247897  
3766.000000	1.250175  
3764.000000	1.248059  
3762.000000	1.244949  
3760.000000	1.247148  
3758.000000	1.244978  
3756.000000	1.239309  
3754.000000	1.237601  
3752.000000	1.246487  
3750.000000	1.252054  
3748.000000	1.240725  
3746.000000	1.240527  
3744.000000	1.258514  
3742.000000	1.246695  
3740.000000	1.242861  
3738.000000	1.246628  
3736.000000	1.248809  
3734.000000	1.247533  
3732.000000	1.250680  
3730.000000	1.244967  
3728.000000	1.243160  
3726.000000	1.248335  
3724.000000	1.246840  
3722.000000	1.245770  
3720.000000	1.245072  
3718.000000	1.244303  
3716.000000	1.239926  
3714.000000	1.240214  
3712.000000	1.247313  
3710.000000	1.246944  
3708.000000	1.244699  
3706.000000	1.242998  
3704.000000	1.242050  
3702.000000	1.244939  
3700.000000	1.245947  
3698.000000	1.245874  
3696.000000	1.245468  
3694.000000	1.240709  
3692.000000	1.240439  
3690.000000	1.249342  
3688.000000	1.254780  
3686.000000	1.247088  
3684.000000	1.243377  
3682.000000	1.245675  
3680.000000	1.243149  
3678.000000	1.237214  
3676.000000	1.248803  
3674.000000	1.246674  
3672.000000	1.238326  
3670.000000	1.248574  
3668.000000	1.249805  
3666.000000	1.243499  
3664.000000	1.240723  
3662.000000	1.241911  
3660.000000	1.240684  
3658.000000	1.240405  
3656.000000	1.245389  
3654.000000	1.239404  
3652.000000	1.240561  
3650.000000	1.248207  
3648.000000	1.250461  
3646.000000	1.245799  
3644.000000	1.241701  
3642.000000	1.243520  
3640.000000	1.244410  
3638.000000	1.243943  
3636.000000	1.243842  
3634.000000	1.244899  
3632.000000	1.238564  
3630.000000	1.244185  
3628.000000	1.252012  
3626.000000	1.244617  
3624.000000	1.241270  
3622.000000	1.241575  
3620.000000	1.245071  
3618.000000	1.243582  
3616.000000	1.241279  
3614.000000	1.245595  
3612.000000	1.246179  
3610.000000	1.245213  
3608.000000	1.244952  
3606.000000	1.242327  
3604.000000	1.242736  
3602.000000	1.243865  
3600.000000	1.242671  
3598.000000	1.241528  
3596.000000	1.241559  
3594.000000	1.242036  
3592.000000	1.239173  
3590.000000	1.239347  
3588.000000	1.245911  
3586.000000	1.246739  
3584.000000	1.242586  
3582.000000	1.239236  
3580.000000	1.236916  
3578.000000	1.238430  
3576.000000	1.238860  
3574.000000	1.236420  
3572.000000	1.235436  
3570.000000	1.236557  
3568.000000	1.239822  
3566.000000	1.241241  
3564.000000	1.240077  
3562.000000	1.239130  
3560.000000	1.237989  
3558.000000	1.236011  
3556.000000	1.234605  
3554.000000	1.240347  
3552.000000	1.243887  
3550.000000	1.240460  
3548.000000	1.239694  
3546.000000	1.239902  
3544.000000	1.238131  
3542.000000	1.236198  
3540.000000	1.236368  
3538.000000	1.241689  
3536.000000	1.243932  
3534.000000	1.237789  
3532.000000	1.235543  
3530.000000	1.238627  
3528.000000	1.239104  
3526.000000	1.240646  
3524.000000	1.243452  
3522.000000	1.241200  
3520.000000	1.240814  
3518.000000	1.241338  
3516.000000	1.238846  
3514.000000	1.238875  
3512.000000	1.242520  
3510.000000	1.242915  
3508.000000	1.239642  
3506.000000	1.237626  
3504.000000	1.237381  
3502.000000	1.236147  
3500.000000	1.235265  
3498.000000	1.234163  
3496.000000	1.233911  
3494.000000	1.238401  
3492.000000	1.239027  
3490.000000	1.237425  
3488.000000	1.238446  
3486.000000	1.238242  
3484.000000	1.235936  
3482.000000	1.237327  
3480.000000	1.237665  
3478.000000	1.235324  
3476.000000	1.235535  
3474.000000	1.235858  
3472.000000	1.234884  
3470.000000	1.235908  
3468.000000	1.237164  
3466.000000	1.236927  
3464.000000	1.235187  
3462.000000	1.235037  
3460.000000	1.236685  
3458.000000	1.237467  
3456.000000	1.236536  
3454.000000	1.236156  
3452.000000	1.235267  
3450.000000	1.234504  
3448.000000	1.236980  
3446.000000	1.236093  
3444.000000	1.233455  
3442.000000	1.233916  
3440.000000	1.236232  
3438.000000	1.237574  
3436.000000	1.237427  
3434.000000	1.237141  
3432.000000	1.235877  
3430.000000	1.236107  
3428.000000	1.236587  
3426.000000	1.234840  
3424.000000	1.235144  
3422.000000	1.234777  
3420.000000	1.234975  
3418.000000	1.234358  
3416.000000	1.234230  
3414.000000	1.234612  
3412.000000	1.233569  
3410.000000	1.234078  
3408.000000	1.235345  
3406.000000	1.234410  
3404.000000	1.233790  
3402.000000	1.234658  
3400.000000	1.235632  
3398.000000	1.237161  
3396.000000	1.235487  
3394.000000	1.232195  
3392.000000	1.232031  
3390.000000	1.231664  
3388.000000	1.230015  
3386.000000	1.231311  
3384.000000	1.234278  
3382.000000	1.235160  
3380.000000	1.234570  
3378.000000	1.234294  
3376.000000	1.233870  
3374.000000	1.234399  
3372.000000	1.233143  
3370.000000	1.231591  
3368.000000	1.230900  
3366.000000	1.231777  
3364.000000	1.232671  
3362.000000	1.231092  
3360.000000	1.229895  
3358.000000	1.232881  
3356.000000	1.234907  
3354.000000	1.232148  
3352.000000	1.231892  
3350.000000	1.233496  
3348.000000	1.230384  
3346.000000	1.229254  
3344.000000	1.231142  
3342.000000	1.229846  
3340.000000	1.228174  
3338.000000	1.227961  
3336.000000	1.228101  
3334.000000	1.228568  
3332.000000	1.229261  
3330.000000	1.231300  
3328.000000	1.233900  
3326.000000	1.234017  
3324.000000	1.229887  
3322.000000	1.226713  
3320.000000	1.226886  
3318.000000	1.228486  
3316.000000	1.228674  
3314.000000	1.227148  
3312.000000	1.227172  
3310.000000	1.230376  
3308.000000	1.231032  
3306.000000	1.228384  
3304.000000	1.228339  
3302.000000	1.227038  
3300.000000	1.225601  
3298.000000	1.225507  
3296.000000	1.224414  
3294.000000	1.224305  
3292.000000	1.226080  
3290.000000	1.226954  
3288.000000	1.227480  
3286.000000	1.228912  
3284.000000	1.229857  
3282.000000	1.228481  
3280.000000	1.226800  
3278.000000	1.227010  
3276.000000	1.228141  
3274.000000	1.228346  
3272.000000	1.226739  
3270.000000	1.227488  
3268.000000	1.229293  
3266.000000	1.228386  
3264.000000	1.226936  
3262.000000	1.226559  
3260.000000	1.225055  
3258.000000	1.226258  
3256.000000	1.225492  
3254.000000	1.223807  
3252.000000	1.223566  
3250.000000	1.223911  
3248.000000	1.224779  
3246.000000	1.226408  
3244.000000	1.225963  
3242.000000	1.224308  
3240.000000	1.224798  
3238.000000	1.224753  
3236.000000	1.223185  
3234.000000	1.222751  
3232.000000	1.223137  
3230.000000	1.223554  
3228.000000	1.225617  
3226.000000	1.225911  
3224.000000	1.223769  
3222.000000	1.221980  
3220.000000	1.221535  
3218.000000	1.221118  
3216.000000	1.221166  
3214.000000	1.220831  
3212.000000	1.219812  
3210.000000	1.219018  
3208.000000	1.219310  
3206.000000	1.218778  
3204.000000	1.216925  
3202.000000	1.218785  
3200.000000	1.219519  
3198.000000	1.219023  
3196.000000	1.220424  
3194.000000	1.220884  
3192.000000	1.219905  
3190.000000	1.219440  
3188.000000	1.220672  
3186.000000	1.221666  
3184.000000	1.221290  
3182.000000	1.219670  
3180.000000	1.217301  
3178.000000	1.217270  
3176.000000	1.217958  
3174.000000	1.217915  
3172.000000	1.218555  
3170.000000	1.217111  
3168.000000	1.215508  
3166.000000	1.216738  
3164.000000	1.218461  
3162.000000	1.219310  
3160.000000	1.219358  
3158.000000	1.219160  
3156.000000	1.216874  
3154.000000	1.214925  
3152.000000	1.214985  
3150.000000	1.214194  
3148.000000	1.214636  
3146.000000	1.216813  
3144.000000	1.216105  
3142.000000	1.215474  
3140.000000	1.216197  
3138.000000	1.217492  
3136.000000	1.217174  
3134.000000	1.214849  
3132.000000	1.213328  
3130.000000	1.212953  
3128.000000	1.212508  
3126.000000	1.213113  
3124.000000	1.213393  
3122.000000	1.212125  
3120.000000	1.212571  
3118.000000	1.214102  
3116.000000	1.214428  
3114.000000	1.212545  
3112.000000	1.212481  
3110.000000	1.213569  
3108.000000	1.211363  
3106.000000	1.209944  
3104.000000	1.210066  
3102.000000	1.211585  
3100.000000	1.213856  
3098.000000	1.211798  
3096.000000	1.211121  
3094.000000	1.212995  
3092.000000	1.210855  
3090.000000	1.209622  
3088.000000	1.210372  
3086.000000	1.211766  
3084.000000	1.213457  
3082.000000	1.214569  
3080.000000	1.213482  
3078.000000	1.209922  
3076.000000	1.208004  
3074.000000	1.209417  
3072.000000	1.209752  
3070.000000	1.208603  
3068.000000	1.208517  
3066.000000	1.210365  
3064.000000	1.211587  
3062.000000	1.212010  
3060.000000	1.211444  
3058.000000	1.210581  
3056.000000	1.210631  
3054.000000	1.208732  
3052.000000	1.205122  
3050.000000	1.204752  
3048.000000	1.207788  
3046.000000	1.208686  
3044.000000	1.207932  
3042.000000	1.208019  
3040.000000	1.207636  
3038.000000	1.207314  
3036.000000	1.207498  
3034.000000	1.208877  
3032.000000	1.207603  
3030.000000	1.208191  
3028.000000	1.208424  
3026.000000	1.207775  
3024.000000	1.208029  
3022.000000	1.207950  
3020.000000	1.207618  
3018.000000	1.205996  
3016.000000	1.204616  
3014.000000	1.206224  
3012.000000	1.208088  
3010.000000	1.207026  
3008.000000	1.205600  
3006.000000	1.207424  
3004.000000	1.209566  
3002.000000	1.209486  
3000.000000	1.209115  
2998.000000	1.207728  
2996.000000	1.207162  
2994.000000	1.206716  
2992.000000	1.206536  
2990.000000	1.205735  
2988.000000	1.204218  
2986.000000	1.203387  
2984.000000	1.205642  
2982.000000	1.208455  
2980.000000	1.207067  
2978.000000	1.205099  
2976.000000	1.205557  
2974.000000	1.207224  
2972.000000	1.206243  
2970.000000	1.205032  
2968.000000	1.204871  
2966.000000	1.206314  
2964.000000	1.207884  
2962.000000	1.206749  
2960.000000	1.205354  
2958.000000	1.205446  
2956.000000	1.205275  
2954.000000	1.205149  
2952.000000	1.205511  
2950.000000	1.205300  
2948.000000	1.205629  
2946.000000	1.206629  
2944.000000	1.207825  
2942.000000	1.207894  
2940.000000	1.207558  
2938.000000	1.207850  
2936.000000	1.206139  
2934.000000	1.202882  
2932.000000	1.205880  
2930.000000	1.210732  
2928.000000	1.210058  
2926.000000	1.208685  
2924.000000	1.208683  
2922.000000	1.209805  
2920.000000	1.210925  
2918.000000	1.210317  
2916.000000	1.208899  
2914.000000	1.207358  
2912.000000	1.204525  
2910.000000	1.202525  
2908.000000	1.202293  
2906.000000	1.202073  
2904.000000	1.201317  
2902.000000	1.201271  
2900.000000	1.201678  
2898.000000	1.202487  
2896.000000	1.201831  
2894.000000	1.199508  
2892.000000	1.198115  
2890.000000	1.197197  
2888.000000	1.197649  
2886.000000	1.198652  
2884.000000	1.199011  
2882.000000	1.197062  
2880.000000	1.196576  
2878.000000	1.196474  
2876.000000	1.196811  
2874.000000	1.197781  
2872.000000	1.199821  
2870.000000	1.199567  
2868.000000	1.197653  
2866.000000	1.197525  
2864.000000	1.196645  
2862.000000	1.196501  
2860.000000	1.196695  
2858.000000	1.196109  
2856.000000	1.196894  
2854.000000	1.197699  
2852.000000	1.198259  
2850.000000	1.199814  
2848.000000	1.198840  
2846.000000	1.196138  
2844.000000	1.194379  
2842.000000	1.194460  
2840.000000	1.194879  
2838.000000	1.193178  
2836.000000	1.191683  
2834.000000	1.191781  
2832.000000	1.192592  
2830.000000	1.192939  
2828.000000	1.192342  
2826.000000	1.192524  
2824.000000	1.192708  
2822.000000	1.190024  
2820.000000	1.187482  
2818.000000	1.186304  
2816.000000	1.185664  
2814.000000	1.186894  
2812.000000	1.187648  
2810.000000	1.187969  
2808.000000	1.188782  
2806.000000	1.187849  
2804.000000	1.185832  
2802.000000	1.186713  
2800.000000	1.188026  
2798.000000	1.187281  
2796.000000	1.186031  
2794.000000	1.185006  
2792.000000	1.184773  
2790.000000	1.185775  
2788.000000	1.186039  
2786.000000	1.185472  
2784.000000	1.185667  
2782.000000	1.184619  
2780.000000	1.183156  
2778.000000	1.183593  
2776.000000	1.185758  
2774.000000	1.186357  
2772.000000	1.186600  
2770.000000	1.186077  
2768.000000	1.183990  
2766.000000	1.181878  
2764.000000	1.181635  
2762.000000	1.181830  
2760.000000	1.183081  
2758.000000	1.185247  
2756.000000	1.183751  
2754.000000	1.183541  
2752.000000	1.184224  
2750.000000	1.182331  
2748.000000	1.181805  
2746.000000	1.181833  
2744.000000	1.182322  
2742.000000	1.182898  
2740.000000	1.181933  
2738.000000	1.181095  
2736.000000	1.180108  
2734.000000	1.179826  
2732.000000	1.180116  
2730.000000	1.182432  
2728.000000	1.183069  
2726.000000	1.182057  
2724.000000	1.181104  
2722.000000	1.180307  
2720.000000	1.179962  
2718.000000	1.180207  
2716.000000	1.181245  
2714.000000	1.179912  
2712.000000	1.179409  
2710.000000	1.180636  
2708.000000	1.180130  
2706.000000	1.178859  
2704.000000	1.177435  
2702.000000	1.176665  
2700.000000	1.176772  
2698.000000	1.176475  
2696.000000	1.175375  
2694.000000	1.174839  
2692.000000	1.175787  
2690.000000	1.176620  
2688.000000	1.177304  
2686.000000	1.177569  
2684.000000	1.176022  
2682.000000	1.175499  
2680.000000	1.176603  
2678.000000	1.176359  
2676.000000	1.175507  
2674.000000	1.177239  
2672.000000	1.177295  
2670.000000	1.175334  
2668.000000	1.174585  
2666.000000	1.173589  
2664.000000	1.170295  
2662.000000	1.169672  
2660.000000	1.172356  
2658.000000	1.173511  
2656.000000	1.172783  
2654.000000	1.170764  
2652.000000	1.170372  
2650.000000	1.169822  
2648.000000	1.169326  
2646.000000	1.170735  
2644.000000	1.170415  
2642.000000	1.169154  
2640.000000	1.168671  
2638.000000	1.168721  
2636.000000	1.168912  
2634.000000	1.168445  
2632.000000	1.168575  
2630.000000	1.168038  
2628.000000	1.166580  
2626.000000	1.166181  
2624.000000	1.167123  
2622.000000	1.168343  
2620.000000	1.167618  
2618.000000	1.167551  
2616.000000	1.167035  
2614.000000	1.165974  
2612.000000	1.165803  
2610.000000	1.165241  
2608.000000	1.166418  
2606.000000	1.168035  
2604.000000	1.167190  
2602.000000	1.165697  
2600.000000	1.164144  
2598.000000	1.163461  
2596.000000	1.165027  
2594.000000	1.165156  
2592.000000	1.163477  
2590.000000	1.163102  
2588.000000	1.163335  
2586.000000	1.164185  
2584.000000	1.165347  
2582.000000	1.164332  
2580.000000	1.162671  
2578.000000	1.163292  
2576.000000	1.164259  
2574.000000	1.162465  
2572.000000	1.159352  
2570.000000	1.160231  
2568.000000	1.161853  
2566.000000	1.159896  
2564.000000	1.158109  
2562.000000	1.157962  
2560.000000	1.158625  
2558.000000	1.159916  
2556.000000	1.158428  
2554.000000	1.157066  
2552.000000	1.157712  
2550.000000	1.158407  
2548.000000	1.157825  
2546.000000	1.157847  
2544.000000	1.158434  
2542.000000	1.157020  
2540.000000	1.156540  
2538.000000	1.156870  
2536.000000	1.155735  
2534.000000	1.155633  
2532.000000	1.158232  
2530.000000	1.157999  
2528.000000	1.155972  
2526.000000	1.156940  
2524.000000	1.158513  
2522.000000	1.157486  
2520.000000	1.156487  
2518.000000	1.157862  
2516.000000	1.157343  
2514.000000	1.154566  
2512.000000	1.154125  
2510.000000	1.153109  
2508.000000	1.151773  
2506.000000	1.153594  
2504.000000	1.154742  
2502.000000	1.152185  
2500.000000	1.150170  
2498.000000	1.152354  
2496.000000	1.153603  
2494.000000	1.153519  
2492.000000	1.152342  
2490.000000	1.151191  
2488.000000	1.151044  
2486.000000	1.152111  
2484.000000	1.152129  
2482.000000	1.150717  
2480.000000	1.150501  
2478.000000	1.151185  
2476.000000	1.151019  
2474.000000	1.150971  
2472.000000	1.151580  
2470.000000	1.151638  
2468.000000	1.149997  
2466.000000	1.147132  
2464.000000	1.147474  
2462.000000	1.149352  
2460.000000	1.149710  
2458.000000	1.149566  
2456.000000	1.148168  
2454.000000	1.148358  
2452.000000	1.148465  
2450.000000	1.147189  
2448.000000	1.147004  
2446.000000	1.147804  
2444.000000	1.146727  
2442.000000	1.145630  
2440.000000	1.145973  
2438.000000	1.146095  
2436.000000	1.144050  
2434.000000	1.144355  
2432.000000	1.146546  
2430.000000	1.147907  
2428.000000	1.146261  
2426.000000	1.142999  
2424.000000	1.141874  
2422.000000	1.143110  
2420.000000	1.143627  
2418.000000	1.142205  
2416.000000	1.141502  
2414.000000	1.143153  
2412.000000	1.144000  
2410.000000	1.142151  
2408.000000	1.139822  
2406.000000	1.139444  
2404.000000	1.140381  
2402.000000	1.140598  
2400.000000	1.140009  
2398.000000	1.140391  
2396.000000	1.140520  
2394.000000	1.139000  
2392.000000	1.140196  
2390.000000	1.142536  
2388.000000	1.139993  
2386.000000	1.138046  
2384.000000	1.138666  
2382.000000	1.136749  
2380.000000	1.132692  
2378.000000	1.133183  
2376.000000	1.135360  
2374.000000	1.135055  
2372.000000	1.137366  
2370.000000	1.138610  
2368.000000	1.135012  
2366.000000	1.134025  
2364.000000	1.138699  
2362.000000	1.139046  
2360.000000	1.137050  
2358.000000	1.138779  
2356.000000	1.139908  
2354.000000	1.139501  
2352.000000	1.141631  
2350.000000	1.138127  
2348.000000	1.131955  
2346.000000	1.130934  
2344.000000	1.132259  
2342.000000	1.132119  
2340.000000	1.128401  
2338.000000	1.126350  
2336.000000	1.125528  
2334.000000	1.125875  
2332.000000	1.130046  
2330.000000	1.134229  
2328.000000	1.131990  
2326.000000	1.130042  
2324.000000	1.132151  
2322.000000	1.132807  
2320.000000	1.131124  
2318.000000	1.131391  
2316.000000	1.130792  
2314.000000	1.130514  
2312.000000	1.131275  
2310.000000	1.132022  
2308.000000	1.132462  
2306.000000	1.133115  
2304.000000	1.132424  
2302.000000	1.129436  
2300.000000	1.127494  
2298.000000	1.128251  
2296.000000	1.128097  
2294.000000	1.126502  
2292.000000	1.126141  
2290.000000	1.127201  
2288.000000	1.128393  
2286.000000	1.128731  
2284.000000	1.126131  
2282.000000	1.124697  
2280.000000	1.125835  
2278.000000	1.125962  
2276.000000	1.124588  
2274.000000	1.124590  
2272.000000	1.125011  
2270.000000	1.125097  
2268.000000	1.125521  
2266.000000	1.125699  
2264.000000	1.124291  
2262.000000	1.124211  
2260.000000	1.125707  
2258.000000	1.125601  
2256.000000	1.124213  
2254.000000	1.124572  
2252.000000	1.126320  
2250.000000	1.126858  
2248.000000	1.127199  
2246.000000	1.127831  
2244.000000	1.126550  
2242.000000	1.124992  
2240.000000	1.125444  
2238.000000	1.126721  
2236.000000	1.126044  
2234.000000	1.125115  
2232.000000	1.126153  
2230.000000	1.127555  
2228.000000	1.126893  
2226.000000	1.125616  
2224.000000	1.125656  
2222.000000	1.126512  
2220.000000	1.126369  
2218.000000	1.126570  
2216.000000	1.125018  
2214.000000	1.122960  
2212.000000	1.122748  
2210.000000	1.123055  
2208.000000	1.123491  
2206.000000	1.124390  
2204.000000	1.125867  
2202.000000	1.127209  
2200.000000	1.126016  
2198.000000	1.123742  
2196.000000	1.124485  
2194.000000	1.126340  
2192.000000	1.127104  
2190.000000	1.126592  
2188.000000	1.126355  
2186.000000	1.127152  
2184.000000	1.127998  
2182.000000	1.128280  
2180.000000	1.128280  
2178.000000	1.125926  
2176.000000	1.125334  
2174.000000	1.126807  
2172.000000	1.127502  
2170.000000	1.127442  
2168.000000	1.127648  
2166.000000	1.128586  
2164.000000	1.131206  
2162.000000	1.134030  
2160.000000	1.135716  
2158.000000	1.138610  
2156.000000	1.142099  
2154.000000	1.146383  
2152.000000	1.152596  
2150.000000	1.162513  
2148.000000	1.172732  
2146.000000	1.179208  
2144.000000	1.183495  
2142.000000	1.187559  
2140.000000	1.190976  
2138.000000	1.193808  
2136.000000	1.193760  
2134.000000	1.192273  
2132.000000	1.192887  
2130.000000	1.194690  
2128.000000	1.197802  
2126.000000	1.203636  
2124.000000	1.211651  
2122.000000	1.219837  
2120.000000	1.228525  
2118.000000	1.240262  
2116.000000	1.248143  
2114.000000	1.251533  
2112.000000	1.255781  
2110.000000	1.255925  
2108.000000	1.253171  
2106.000000	1.253169  
2104.000000	1.251381  
2102.000000	1.247200  
2100.000000	1.242095  
2098.000000	1.237057  
2096.000000	1.233634  
2094.000000	1.234603  
2092.000000	1.242832  
2090.000000	1.250695  
2088.000000	1.250306  
2086.000000	1.246683  
2084.000000	1.242497  
2082.000000	1.237842  
2080.000000	1.234525  
2078.000000	1.230293  
2076.000000	1.224268  
2074.000000	1.216047  
2072.000000	1.205193  
2070.000000	1.190704  
2068.000000	1.176548  
2066.000000	1.161805  
2064.000000	1.147850  
2062.000000	1.136325  
2060.000000	1.126909  
2058.000000	1.117548  
2056.000000	1.109585  
2054.000000	1.104824  
2052.000000	1.101118  
2050.000000	1.099473  
2048.000000	1.098554  
2046.000000	1.095414  
2044.000000	1.092230  
2042.000000	1.090917  
2040.000000	1.090726  
2038.000000	1.090563  
2036.000000	1.089465  
2034.000000	1.088469  
2032.000000	1.088224  
2030.000000	1.087505  
2028.000000	1.086591  
2026.000000	1.084903  
2024.000000	1.083801  
2022.000000	1.083507  
2020.000000	1.083408  
2018.000000	1.082408  
2016.000000	1.081279  
2014.000000	1.081039  
2012.000000	1.082093  
2010.000000	1.082176  
2008.000000	1.082052  
2006.000000	1.080589  
2004.000000	1.078405  
2002.000000	1.077658  
2000.000000	1.078044  
1998.000000	1.077970  
1996.000000	1.076587  
1994.000000	1.075385  
1992.000000	1.075938  
1990.000000	1.075438  
1988.000000	1.073703  
1986.000000	1.074004  
1984.000000	1.074307  
1982.000000	1.072784  
1980.000000	1.072306  
1978.000000	1.072684  
1976.000000	1.073150  
1974.000000	1.071975  
1972.000000	1.070186  
1970.000000	1.070132  
1968.000000	1.069992  
1966.000000	1.068706  
1964.000000	1.068115  
1962.000000	1.067784  
1960.000000	1.067140  
1958.000000	1.065906  
1956.000000	1.064245  
1954.000000	1.062840  
1952.000000	1.063252  
1950.000000	1.064041  
1948.000000	1.063898  
1946.000000	1.063564  
1944.000000	1.063716  
1942.000000	1.063564  
1940.000000	1.062642  
1938.000000	1.061976  
1936.000000	1.060952  
1934.000000	1.060095  
1932.000000	1.059900  
1930.000000	1.059679  
1928.000000	1.058386  
1926.000000	1.057139  
1924.000000	1.057495  
1922.000000	1.056202  
1920.000000	1.054544  
1918.000000	1.056753  
1916.000000	1.057039  
1914.000000	1.055092  
1912.000000	1.052943  
1910.000000	1.052351  
1908.000000	1.052941  
1906.000000	1.053548  
1904.000000	1.052929  
1902.000000	1.050952  
1900.000000	1.050577  
1898.000000	1.050652  
1896.000000	1.050936  
1894.000000	1.051880  
1892.000000	1.049952  
1890.000000	1.048215  
1888.000000	1.047968  
1886.000000	1.046983  
1884.000000	1.046592  
1882.000000	1.046293  
1880.000000	1.045447  
1878.000000	1.044922  
1876.000000	1.045812  
1874.000000	1.045793  
1872.000000	1.043912  
1870.000000	1.043170  
1868.000000	1.043767  
1866.000000	1.043464  
1864.000000	1.042060  
1862.000000	1.041268  
1860.000000	1.040459  
1858.000000	1.039280  
1856.000000	1.038938  
1854.000000	1.038948  
1852.000000	1.038707  
1850.000000	1.038022  
1848.000000	1.038098  
1846.000000	1.037768  
1844.000000	1.038708  
1842.000000	1.036215  
1840.000000	1.034467  
1838.000000	1.035395  
1836.000000	1.034868  
1834.000000	1.033147  
1832.000000	1.030548  
1830.000000	1.030964  
1828.000000	1.030557  
1826.000000	1.029524  
1824.000000	1.029347  
1822.000000	1.027772  
1820.000000	1.027871  
1818.000000	1.027815  
1816.000000	1.026461  
1814.000000	1.024428  
1812.000000	1.023493  
1810.000000	1.023846  
1808.000000	1.023812  
1806.000000	1.023677  
1804.000000	1.023040  
1802.000000	1.022195  
1800.000000	1.022292  
1798.000000	1.021875  
1796.000000	1.020145  
1794.000000	1.019168  
1792.000000	1.022194  
1790.000000	1.020984  
1788.000000	1.018756  
1786.000000	1.018008  
1784.000000	1.017227  
1782.000000	1.016430  
1780.000000	1.016836  
1778.000000	1.015966  
1776.000000	1.013056  
1774.000000	1.011599  
1772.000000	1.015375  
1770.000000	1.014501  
1768.000000	1.013391  
1766.000000	1.011967  
1764.000000	1.010910  
1762.000000	1.013228  
1760.000000	1.010682  
1758.000000	1.009220  
1756.000000	1.010798  
1754.000000	1.007287  
1752.000000	1.007709  
1750.000000	1.010919  
1748.000000	1.009287  
1746.000000	1.006842  
1744.000000	1.006572  
1742.000000	1.005866  
1740.000000	1.005802  
1738.000000	1.003798  
1736.000000	1.000862  
1734.000000	1.009074  
1732.000000	1.009177  
1730.000000	1.004219  
1728.000000	1.002518  
1726.000000	1.003062  
1724.000000	1.003664  
1722.000000	0.999961  
1720.000000	0.996996  
1718.000000	1.001607  
1716.000000	1.004117  
1714.000000	1.000593  
1712.000000	0.997205  
1710.000000	0.994827  
1708.000000	0.992857  
1706.000000	0.992655  
1704.000000	0.988095  
1702.000000	0.986193  
1700.000000	0.994755  
1698.000000	0.991587  
1696.000000	0.993244  
1694.000000	0.991006  
1692.000000	0.985132  
1690.000000	0.984191  
1688.000000	0.980368  
1686.000000	0.977876  
1684.000000	0.986105  
1682.000000	0.984693  
1680.000000	0.981446  
1678.000000	0.978734  
1676.000000	0.977966  
1674.000000	0.978534  
1672.000000	0.974650  
1670.000000	0.976921  
1668.000000	0.977506  
1666.000000	0.973045  
1664.000000	0.972662  
1662.000000	0.974611  
1660.000000	0.972696  
1658.000000	0.968529  
1656.000000	0.962485  
1654.000000	0.968137  
1652.000000	0.976774  
1650.000000	0.966817  
1648.000000	0.964269  
1646.000000	0.968722  
1644.000000	0.967087  
1642.000000	0.963619  
1640.000000	0.961163  
1638.000000	0.958871  
1636.000000	0.964425  
1634.000000	0.965197  
1632.000000	0.959828  
1630.000000	0.957607  
1628.000000	0.957968  
1626.000000	0.957148  
1624.000000	0.958613  
1622.000000	0.959460  
1620.000000	0.953634  
1618.000000	0.951450  
1616.000000	0.955422  
1614.000000	0.953872  
1612.000000	0.951521  
1610.000000	0.951035  
1608.000000	0.950854  
1606.000000	0.949029  
1604.000000	0.946894  
1602.000000	0.946741  
1600.000000	0.947136  
1598.000000	0.945935  
1596.000000	0.944661  
1594.000000	0.943253  
1592.000000	0.941624  
1590.000000	0.941363  
1588.000000	0.940914  
1586.000000	0.940266  
1584.000000	0.939311  
1582.000000	0.937952  
1580.000000	0.935531  
1578.000000	0.934009  
1576.000000	0.939299  
1574.000000	0.937564  
1572.000000	0.931551  
1570.000000	0.931969  
1568.000000	0.932389  
1566.000000	0.929729  
1564.000000	0.926942  
1562.000000	0.922425  
1560.000000	0.927006  
1558.000000	0.934930  
1556.000000	0.927848  
1554.000000	0.924734  
1552.000000	0.922956  
1550.000000	0.921325  
1548.000000	0.919322  
1546.000000	0.918236  
1544.000000	0.918325  
1542.000000	0.917450  
1540.000000	0.921730  
1538.000000	0.920086  
1536.000000	0.914135  
1534.000000	0.916004  
1532.000000	0.916723  
1530.000000	0.912026  
1528.000000	0.909635  
1526.000000	0.909916  
1524.000000	0.908435  
1522.000000	0.909960  
1520.000000	0.911424  
1518.000000	0.908021  
1516.000000	0.907300  
1514.000000	0.904849  
1512.000000	0.903492  
1510.000000	0.901140  
1508.000000	0.901924  
1506.000000	0.907529  
1504.000000	0.902220  
1502.000000	0.896927  
1500.000000	0.896517  
1498.000000	0.897675  
1496.000000	0.898349  
1494.000000	0.896860  
1492.000000	0.894827  
1490.000000	0.894666  
1488.000000	0.894596  
1486.000000	0.893426  
1484.000000	0.891323  
1482.000000	0.890670  
1480.000000	0.889596  
1478.000000	0.887946  
1476.000000	0.887279  
1474.000000	0.887410  
1472.000000	0.890365  
1470.000000	0.888031  
1468.000000	0.884199  
1466.000000	0.883726  
1464.000000	0.883948  
1462.000000	0.880777  
1460.000000	0.878054  
1458.000000	0.880268  
1456.000000	0.885357  
1454.000000	0.881877  
1452.000000	0.878289  
1450.000000	0.877546  
1448.000000	0.877819  
1446.000000	0.875674  
1444.000000	0.872864  
1442.000000	0.871505  
1440.000000	0.868868  
1438.000000	0.868053  
1436.000000	0.869505  
1434.000000	0.865984  
1432.000000	0.862695  
1430.000000	0.862447  
1428.000000	0.860821  
1426.000000	0.857243  
1424.000000	0.856517  
1422.000000	0.854537  
1420.000000	0.854713  
1418.000000	0.855199  
1416.000000	0.851769  
1414.000000	0.848341  
1412.000000	0.846272  
1410.000000	0.844785  
1408.000000	0.842789  
1406.000000	0.841088  
1404.000000	0.840301  
1402.000000	0.838458  
1400.000000	0.837542  
1398.000000	0.836930  
1396.000000	0.834499  
1394.000000	0.833031  
1392.000000	0.831329  
1390.000000	0.829510  
1388.000000	0.829384  
1386.000000	0.828362  
1384.000000	0.825335  
1382.000000	0.822412  
1380.000000	0.820190  
1378.000000	0.819085  
1376.000000	0.818093  
1374.000000	0.816636  
1372.000000	0.814521  
1370.000000	0.812918  
1368.000000	0.811031  
1366.000000	0.808503  
1364.000000	0.807842  
1362.000000	0.807715  
1360.000000	0.804988  
1358.000000	0.803104  
1356.000000	0.801893  
1354.000000	0.799288  
1352.000000	0.797181  
1350.000000	0.795751  
1348.000000	0.793655  
1346.000000	0.792449  
1344.000000	0.791237  
1342.000000	0.789155  
1340.000000	0.788476  
1338.000000	0.787665  
1336.000000	0.784666  
1334.000000	0.782572  
1332.000000	0.781773  
1330.000000	0.780395  
1328.000000	0.778665  
1326.000000	0.777399  
1324.000000	0.776273  
1322.000000	0.774433  
1320.000000	0.772466  
1318.000000	0.770161  
1316.000000	0.768264  
1314.000000	0.767413  
1312.000000	0.766245  
1310.000000	0.764094  
1308.000000	0.762386  
1306.000000	0.760499  
1304.000000	0.758929  
1302.000000	0.756781  
1300.000000	0.755133  
1298.000000	0.753479  
1296.000000	0.751914  
1294.000000	0.750334  
1292.000000	0.748604  
1290.000000	0.747170  
1288.000000	0.745672  
1286.000000	0.743597  
1284.000000	0.741100  
1282.000000	0.738466  
1280.000000	0.736805  
1278.000000	0.735514  
1276.000000	0.733363  
1274.000000	0.731454  
1272.000000	0.729873  
1270.000000	0.727706  
1268.000000	0.725344  
1266.000000	0.723401  
1264.000000	0.721293  
1262.000000	0.719500  
1260.000000	0.718062  
1258.000000	0.716768  
1256.000000	0.715009  
1254.000000	0.712349  
1252.000000	0.709646  
1250.000000	0.707360  
1248.000000	0.705292  
1246.000000	0.703448  
1244.000000	0.701169  
1242.000000	0.698849  
1240.000000	0.696648  
1238.000000	0.694628  
1236.000000	0.692841  
1234.000000	0.690604  
1232.000000	0.688182  
1230.000000	0.686508  
1228.000000	0.684757  
1226.000000	0.682791  
1224.000000	0.680508  
1222.000000	0.678147  
1220.000000	0.676302  
1218.000000	0.674515  
1216.000000	0.672330  
1214.000000	0.670115  
1212.000000	0.668211  
1210.000000	0.666496  
1208.000000	0.664519  
1206.000000	0.662550  
1204.000000	0.660851  
1202.000000	0.659341  
1200.000000	0.657568  
1198.000000	0.655302  
1196.000000	0.653639  
1194.000000	0.651992  
1192.000000	0.649921  
1190.000000	0.647967  
1188.000000	0.645811  
1186.000000	0.643482  
1184.000000	0.641919  
1182.000000	0.640255  
1180.000000	0.638154  
1178.000000	0.636424  
1176.000000	0.634947  
1174.000000	0.633011  
1172.000000	0.630875  
1170.000000	0.628992  
1168.000000	0.627369  
1166.000000	0.625293  
1164.000000	0.623015  
1162.000000	0.621519  
1160.000000	0.620549  
1158.000000	0.619572  
1156.000000	0.618129  
1154.000000	0.616427  
1152.000000	0.614551  
1150.000000	0.612820  
1148.000000	0.611234  
1146.000000	0.609773  
1144.000000	0.609303  
1142.000000	0.609176  
1140.000000	0.607827  
1138.000000	0.606559  
1136.000000	0.605545  
1134.000000	0.604054  
1132.000000	0.602622  
1130.000000	0.600779  
1128.000000	0.599333  
1126.000000	0.598620  
1124.000000	0.597420  
1122.000000	0.596071  
1120.000000	0.595199  
1118.000000	0.594766  
1116.000000	0.594237  
1114.000000	0.593900  
1112.000000	0.593626  
1110.000000	0.592900  
1108.000000	0.592826  
1106.000000	0.593684  
1104.000000	0.593980  
1102.000000	0.594611  
1100.000000	0.595288  
1098.000000	0.594928  
1096.000000	0.594971  
1094.000000	0.594571  
1092.000000	0.593286  
1090.000000	0.592151  
1088.000000	0.591846  
1086.000000	0.591948  
1084.000000	0.590626  
1082.000000	0.588442  
1080.000000	0.587209  
1078.000000	0.586403  
1076.000000	0.585716  
1074.000000	0.585248  
1072.000000	0.584231  
1070.000000	0.582732  
1068.000000	0.581380  
1066.000000	0.579896  
1064.000000	0.578264  
1062.000000	0.576338  
1060.000000	0.574630  
1058.000000	0.573117  
1056.000000	0.571535  
1054.000000	0.569766  
1052.000000	0.567674  
1050.000000	0.565933  
1048.000000	0.564195  
1046.000000	0.562059  
1044.000000	0.559800  
1042.000000	0.557307  
1040.000000	0.554895  
1038.000000	0.552399  
1036.000000	0.549942  
1034.000000	0.547357  
1032.000000	0.544457  
1030.000000	0.540989  
1028.000000	0.537674  
1026.000000	0.534320  
1024.000000	0.530533  
1022.000000	0.527292  
1020.000000	0.523789  
1018.000000	0.519630  
1016.000000	0.515178  
1014.000000	0.510910  
1012.000000	0.506714  
1010.000000	0.502537  
1008.000000	0.498049  
1006.000000	0.493585  
1004.000000	0.490331  
1002.000000	0.486769  
1000.000000	0.481911  
998.000000	 0.477524  
996.000000	 0.474041  
994.000000	 0.470764  
992.000000	 0.467452  
990.000000	 0.463870  
988.000000	 0.460770  
986.000000	 0.458500  
984.000000	 0.456344  
982.000000	 0.454827  
980.000000	 0.453942  
978.000000	 0.453252  
976.000000	 0.452404  
974.000000	 0.450221  
972.000000	 0.447456  
970.000000	 0.444473  
968.000000	 0.440147  
966.000000	 0.435479  
964.000000	 0.431817  
962.000000	 0.428181  
960.000000	 0.424554  
958.000000	 0.421922  
956.000000	 0.419801  
954.000000	 0.417347  
952.000000	 0.414637  
950.000000	 0.412136  
948.000000	 0.410159  
946.000000	 0.408818  
944.000000	 0.407927  
942.000000	 0.407183  
940.000000	 0.406862  
938.000000	 0.407122  
936.000000	 0.407446  
934.000000	 0.407715  
932.000000	 0.408451  
930.000000	 0.409324  
928.000000	 0.409899  
926.000000	 0.412377  
924.000000	 0.418284  
922.000000	 0.430132  
920.000000	 0.449203  
918.000000	 0.474081  
916.000000	 0.499750  
914.000000	 0.522857  
912.000000	 0.542328  
910.000000	 0.560266  
908.000000	 0.577185  
906.000000	 0.587889  
904.000000	 0.589852  
902.000000	 0.588336  
900.000000	 0.584136  
898.000000	 0.573761  
896.000000	 0.557139  
894.000000	 0.535491  
892.000000	 0.509890  
890.000000	 0.482596  
888.000000	 0.455734  
886.000000	 0.430529  
884.000000	 0.409779  
882.000000	 0.394114  
880.000000	 0.382273  
878.000000	 0.372937  
876.000000	 0.366179  
874.000000	 0.361045  
872.000000	 0.357384  
870.000000	 0.354525  
868.000000	 0.353052  
866.000000	 0.352641  
864.000000	 0.352914  
862.000000	 0.353511  
860.000000	 0.352535  
858.000000	 0.349590  
856.000000	 0.346333  
854.000000	 0.343192  
852.000000	 0.340048  
850.000000	 0.336979  
848.000000	 0.334134  
846.000000	 0.332017  
844.000000	 0.330091  
842.000000	 0.328392  
840.000000	 0.326868  
838.000000	 0.324934  
836.000000	 0.322918  
834.000000	 0.320783  
832.000000	 0.318388  
830.000000	 0.316137  
828.000000	 0.314239  
826.000000	 0.312325  
824.000000	 0.309603  
822.000000	 0.307865  
820.000000	 0.307037  
818.000000	 0.305949  
816.000000	 0.305553  
814.000000	 0.305281  
812.000000	 0.304837  
810.000000	 0.304097  
808.000000	 0.302156  
806.000000	 0.299290  
804.000000	 0.295469  
802.000000	 0.291713  
800.000000	 0.288141  
798.000000	 0.284901  
796.000000	 0.282172  
794.000000	 0.279496  
792.000000	 0.276464  
790.000000	 0.272956  
788.000000	 0.269062  
786.000000	 0.265259  
784.000000	 0.261704  
782.000000	 0.258164  
780.000000	 0.254270  
778.000000	 0.249820  
776.000000	 0.245110  
774.000000	 0.240917  
772.000000	 0.237424  
770.000000	 0.233427  
768.000000	 0.229348  
766.000000	 0.225207  
764.000000	 0.221877  
762.000000	 0.218702  
760.000000	 0.216012  
758.000000	 0.213591  
756.000000	 0.210933  
754.000000	 0.208307  
752.000000	 0.206579  
750.000000	 0.205276  
748.000000	 0.204528  
746.000000	 0.205040  
744.000000	 0.206498  
742.000000	 0.208857  
740.000000	 0.214061  
738.000000	 0.220734  
736.000000	 0.225810  
734.000000	 0.229703  
732.000000	 0.234169  
730.000000	 0.239784  
728.000000	 0.246856  
726.000000	 0.255242  
724.000000	 0.263605  
722.000000	 0.271080  
720.000000	 0.278130  
718.000000	 0.284828  
716.000000	 0.290509  
714.000000	 0.295779  
712.000000	 0.300505  
710.000000	 0.304443  
708.000000	 0.308670  
706.000000	 0.313982  
704.000000	 0.320094  
702.000000	 0.328120  
700.000000	 0.336571  
698.000000	 0.346860  
696.000000	 0.359423  
694.000000	 0.373382  
692.000000	 0.388684  
690.000000	 0.405878  
688.000000	 0.423663  
686.000000	 0.441653  
684.000000	 0.458754  
682.000000	 0.474690  
680.000000	 0.490103  
678.000000	 0.505059  
676.000000	 0.519417  
674.000000	 0.531336  
672.000000	 0.539086  
670.000000	 0.542812  
668.000000	 0.546937  
666.000000	 0.546247  
664.000000	 0.539556  
662.000000	 0.531170  
660.000000	 0.522730  
658.000000	 0.515296  
656.000000	 0.508873  
654.000000	 0.503717  
652.000000	 0.500012  
650.000000	 0.498452  
648.000000	 0.500103  
646.000000	 0.504693  
644.000000	 0.511755  
642.000000	 0.520495  
640.000000	 0.528948  
638.000000	 0.538323  
636.000000	 0.550852  
634.000000	 0.563976  
632.000000	 0.573760  
630.000000	 0.579423  
628.000000	 0.579868  
626.000000	 0.573163  
624.000000	 0.554815  
622.000000	 0.524118  
620.000000	 0.486740  
618.000000	 0.446007  
616.000000	 0.406085  
614.000000	 0.368896  
612.000000	 0.334977  
610.000000	 0.307415  
608.000000	 0.283212  
606.000000	 0.260691  
604.000000	 0.241615  
602.000000	 0.225642  
600.000000	 0.211688  
598.000000	 0.198960  
596.000000	 0.187983  
594.000000	 0.178877  
592.000000	 0.171293  
590.000000	 0.164168  
588.000000	 0.158486  
586.000000	 0.153591  
584.000000	 0.148494  
582.000000	 0.142806  
580.000000	 0.138259  
578.000000	 0.134043  
576.000000	 0.128253  
574.000000	 0.121880  
572.000000	 0.116209  
570.000000	 0.110182  
568.000000	 0.105023  
566.000000	 0.102069  
564.000000	 0.099040  
562.000000	 0.095036  
560.000000	 0.091250  
558.000000	 0.087189  
556.000000	 0.083065  
554.000000	 0.079963  
552.000000	 0.078120  
550.000000	 0.076681  
548.000000	 0.074992  
546.000000	 0.072849  
544.000000	 0.069027  
542.000000	 0.065309  
540.000000	 0.062467  
538.000000	 0.059661  
536.000000	 0.056692  
534.000000	 0.054374  
532.000000	 0.051637  
530.000000	 0.048731  
528.000000	 0.046547  
526.000000	 0.044502  
524.000000	 0.042347  
522.000000	 0.041424  
520.000000	 0.040921  
518.000000	 0.040095  
516.000000	 0.040107  
514.000000	 0.041854  
512.000000	 0.043526  
510.000000	 0.044290  
508.000000	 0.044616  
506.000000	 0.043528  
504.000000	 0.041320  
502.000000	 0.039423  
500.000000	 0.037521  
498.000000	 0.036007  
496.000000	 0.035126  
494.000000	 0.034167  
492.000000	 0.032837  
490.000000	 0.031216  
488.000000	 0.029880  
486.000000	 0.029139  
484.000000	 0.027525  
482.000000	 0.024485  
480.000000	 0.022143  
478.000000	 0.020378  
476.000000	 0.018756  
474.000000	 0.015929  
472.000000	 0.013451  
470.000000	 0.012015  
468.000000	 0.009950  
466.000000	 0.006482  
464.000000	 0.002744  
462.000000	 -0.000412 
460.000000	 -0.002948 
458.000000	 -0.004926 
456.000000	 -0.005944 
454.000000	 -0.006958 
452.000000	 -0.008507 
450.000000	 -0.010838 

