4400.000000	1.296898  
4398.000000	1.283071  
4396.000000	1.274119  
4394.000000	1.281040  
4392.000000	1.295962  
4390.000000	1.301472  
4388.000000	1.294065  
4386.000000	1.283823  
4384.000000	1.281495  
4382.000000	1.285294  
4380.000000	1.290168  
4378.000000	1.285680  
4376.000000	1.274436  
4374.000000	1.276801  
4372.000000	1.292972  
4370.000000	1.306211  
4368.000000	1.304141  
4366.000000	1.285049  
4364.000000	1.277597  
4362.000000	1.287031  
4360.000000	1.300215  
4358.000000	1.300912  
4356.000000	1.289841  
4354.000000	1.277620  
4352.000000	1.286875  
4350.000000	1.299839  
4348.000000	1.303818  
4346.000000	1.295058  
4344.000000	1.280854  
4342.000000	1.271714  
4340.000000	1.281814  
4338.000000	1.293627  
4336.000000	1.295872  
4334.000000	1.283909  
4332.000000	1.274456  
4330.000000	1.283117  
4328.000000	1.296685  
4326.000000	1.299769  
4324.000000	1.292574  
4322.000000	1.275983  
4320.000000	1.266498  
4318.000000	1.281392  
4316.000000	1.294840  
4314.000000	1.293405  
4312.000000	1.283453  
4310.000000	1.273166  
4308.000000	1.275087  
4306.000000	1.292832  
4304.000000	1.298938  
4302.000000	1.293021  
4300.000000	1.283185  
4298.000000	1.281087  
4296.000000	1.288286  
4294.000000	1.298505  
4292.000000	1.292639  
4290.000000	1.282752  
4288.000000	1.280939  
4286.000000	1.288467  
4284.000000	1.298195  
4282.000000	1.300889  
4280.000000	1.287774  
4278.000000	1.277878  
4276.000000	1.278282  
4274.000000	1.288077  
4272.000000	1.298592  
4270.000000	1.296823  
4268.000000	1.285552  
4266.000000	1.278313  
4264.000000	1.283620  
4262.000000	1.288932  
4260.000000	1.288664  
4258.000000	1.278545  
4256.000000	1.273168  
4254.000000	1.281321  
4252.000000	1.292340  
4250.000000	1.294458  
4248.000000	1.288978  
4246.000000	1.277426  
4244.000000	1.277644  
4242.000000	1.286544  
4240.000000	1.295741  
4238.000000	1.291734  
4236.000000	1.280899  
4234.000000	1.277383  
4232.000000	1.284564  
4230.000000	1.295394  
4228.000000	1.300486  
4226.000000	1.292885  
4224.000000	1.281285  
4222.000000	1.277565  
4220.000000	1.288278  
4218.000000	1.297229  
4216.000000	1.291159  
4214.000000	1.280070  
4212.000000	1.275792  
4210.000000	1.283457  
4208.000000	1.296021  
4206.000000	1.298660  
4204.000000	1.291248  
4202.000000	1.282097  
4200.000000	1.284538  
4198.000000	1.294769  
4196.000000	1.294271  
4194.000000	1.284947  
4192.000000	1.276280  
4190.000000	1.276371  
4188.000000	1.288212  
4186.000000	1.300542  
4184.000000	1.295412  
4182.000000	1.280860  
4180.000000	1.273998  
4178.000000	1.276981  
4176.000000	1.288650  
4174.000000	1.295933  
4172.000000	1.289712  
4170.000000	1.280708  
4168.000000	1.278868  
4166.000000	1.287529  
4164.000000	1.299177  
4162.000000	1.296267  
4160.000000	1.277609  
4158.000000	1.268545  
4156.000000	1.279096  
4154.000000	1.293735  
4152.000000	1.295768  
4150.000000	1.288087  
4148.000000	1.280007  
4146.000000	1.283871  
4144.000000	1.293637  
4142.000000	1.295721  
4140.000000	1.287366  
4138.000000	1.281881  
4136.000000	1.278565  
4134.000000	1.283147  
4132.000000	1.287045  
4130.000000	1.282127  
4128.000000	1.272861  
4126.000000	1.271685  
4124.000000	1.277721  
4122.000000	1.291392  
4120.000000	1.295944  
4118.000000	1.283767  
4116.000000	1.269700  
4114.000000	1.267304  
4112.000000	1.278074  
4110.000000	1.288383  
4108.000000	1.288851  
4106.000000	1.280763  
4104.000000	1.273951  
4102.000000	1.278882  
4100.000000	1.290467  
4098.000000	1.285582  
4096.000000	1.271650  
4094.000000	1.267360  
4092.000000	1.276731  
4090.000000	1.288735  
4088.000000	1.295921  
4086.000000	1.286420  
4084.000000	1.276707  
4082.000000	1.268432  
4080.000000	1.276032  
4078.000000	1.288280  
4076.000000	1.291576  
4074.000000	1.280350  
4072.000000	1.273693  
4070.000000	1.276187  
4068.000000	1.284381  
4066.000000	1.288976  
4064.000000	1.283688  
4062.000000	1.268056  
4060.000000	1.264598  
4058.000000	1.275712  
4056.000000	1.285666  
4054.000000	1.285960  
4052.000000	1.277120  
4050.000000	1.270660  
4048.000000	1.273776  
4046.000000	1.283195  
4044.000000	1.285035  
4042.000000	1.277944  
4040.000000	1.267705  
4038.000000	1.270913  
4036.000000	1.277244  
4034.000000	1.282907  
4032.000000	1.278644  
4030.000000	1.268451  
4028.000000	1.260763  
4026.000000	1.275214  
4024.000000	1.293304  
4022.000000	1.298129  
4020.000000	1.284373  
4018.000000	1.271197  
4016.000000	1.269600  
4014.000000	1.281301  
4012.000000	1.287362  
4010.000000	1.282742  
4008.000000	1.275598  
4006.000000	1.275948  
4004.000000	1.283367  
4002.000000	1.289746  
4000.000000	1.282061  
3998.000000	1.269265  
3996.000000	1.261685  
3994.000000	1.264354  
3992.000000	1.277738  
3990.000000	1.284819  
3988.000000	1.277562  
3986.000000	1.264642  
3984.000000	1.263797  
3982.000000	1.274594  
3980.000000	1.286044  
3978.000000	1.281036  
3976.000000	1.267000  
3974.000000	1.265503  
3972.000000	1.277111  
3970.000000	1.285490  
3968.000000	1.287408  
3966.000000	1.275308  
3964.000000	1.267544  
3962.000000	1.271058  
3960.000000	1.279963  
3958.000000	1.283328  
3956.000000	1.279616  
3954.000000	1.267931  
3952.000000	1.263654  
3950.000000	1.277118  
3948.000000	1.289734  
3946.000000	1.287181  
3944.000000	1.275317  
3942.000000	1.266156  
3940.000000	1.270099  
3938.000000	1.281976  
3936.000000	1.282400  
3934.000000	1.273217  
3932.000000	1.264830  
3930.000000	1.265301  
3928.000000	1.271708  
3926.000000	1.283807  
3924.000000	1.282404  
3922.000000	1.267534  
3920.000000	1.262798  
3918.000000	1.271269  
3916.000000	1.283316  
3914.000000	1.281683  
3912.000000	1.268945  
3910.000000	1.257928  
3908.000000	1.258825  
3906.000000	1.271747  
3904.000000	1.287374  
3902.000000	1.279660  
3900.000000	1.265400  
3898.000000	1.263109  
3896.000000	1.266466  
3894.000000	1.274401  
3892.000000	1.281010  
3890.000000	1.269018  
3888.000000	1.259181  
3886.000000	1.271141  
3884.000000	1.278078  
3882.000000	1.282587  
3880.000000	1.277069  
3878.000000	1.260833  
3876.000000	1.261129  
3874.000000	1.271045  
3872.000000	1.273870  
3870.000000	1.281921  
3868.000000	1.263533  
3866.000000	1.257651  
3864.000000	1.269719  
3862.000000	1.280943  
3860.000000	1.278571  
3858.000000	1.266181  
3856.000000	1.247094  
3854.000000	1.254510  
3852.000000	1.274485  
3850.000000	1.275149  
3848.000000	1.266439  
3846.000000	1.261984  
3844.000000	1.261590  
3842.000000	1.261311  
3840.000000	1.269854  
3838.000000	1.277320  
3836.000000	1.266745  
3834.000000	1.258437  
3832.000000	1.267249  
3830.000000	1.270255  
3828.000000	1.274317  
3826.000000	1.272609  
3824.000000	1.257473  
3822.000000	1.261696  
3820.000000	1.273292  
3818.000000	1.274904  
3816.000000	1.280003  
3814.000000	1.262578  
3812.000000	1.252208  
3810.000000	1.249623  
3808.000000	1.275064  
3806.000000	1.289950  
3804.000000	1.271575  
3802.000000	1.263603  
3800.000000	1.262707  
3798.000000	1.268317  
3796.000000	1.279896  
3794.000000	1.273308  
3792.000000	1.263865  
3790.000000	1.260090  
3788.000000	1.266020  
3786.000000	1.277413  
3784.000000	1.276721  
3782.000000	1.259920  
3780.000000	1.252474  
3778.000000	1.257870  
3776.000000	1.267519  
3774.000000	1.274230  
3772.000000	1.268136  
3770.000000	1.259971  
3768.000000	1.258427  
3766.000000	1.276494  
3764.000000	1.282486  
3762.000000	1.280232  
3760.000000	1.271880  
3758.000000	1.262779  
3756.000000	1.260542  
3754.000000	1.268480  
3752.000000	1.278243  
3750.000000	1.271517  
3748.000000	1.246484  
3746.000000	1.248330  
3744.000000	1.285722  
3742.000000	1.285562  
3740.000000	1.271882  
3738.000000	1.262039  
3736.000000	1.260244  
3734.000000	1.262997  
3732.000000	1.273440  
3730.000000	1.276241  
3728.000000	1.268476  
3726.000000	1.264375  
3724.000000	1.267540  
3722.000000	1.278058  
3720.000000	1.283469  
3718.000000	1.269357  
3716.000000	1.246977  
3714.000000	1.243167  
3712.000000	1.261519  
3710.000000	1.274602  
3708.000000	1.275126  
3706.000000	1.261980  
3704.000000	1.255481  
3702.000000	1.266055  
3700.000000	1.275317  
3698.000000	1.272099  
3696.000000	1.260241  
3694.000000	1.249989  
3692.000000	1.254010  
3690.000000	1.273679  
3688.000000	1.291774  
3686.000000	1.278728  
3684.000000	1.264346  
3682.000000	1.256139  
3680.000000	1.254205  
3678.000000	1.262724  
3676.000000	1.282240  
3674.000000	1.269211  
3672.000000	1.252580  
3670.000000	1.263375  
3668.000000	1.272853  
3666.000000	1.277962  
3664.000000	1.274902  
3662.000000	1.263102  
3660.000000	1.258423  
3658.000000	1.269178  
3656.000000	1.281487  
3654.000000	1.270938  
3652.000000	1.257598  
3650.000000	1.248844  
3648.000000	1.256453  
3646.000000	1.273098  
3644.000000	1.277085  
3642.000000	1.269348  
3640.000000	1.261869  
3638.000000	1.259585  
3636.000000	1.264491  
3634.000000	1.270448  
3632.000000	1.264348  
3630.000000	1.259730  
3628.000000	1.266649  
3626.000000	1.271758  
3624.000000	1.278429  
3622.000000	1.275142  
3620.000000	1.265879  
3618.000000	1.257428  
3616.000000	1.254363  
3614.000000	1.263976  
3612.000000	1.273166  
3610.000000	1.272078  
3608.000000	1.264697  
3606.000000	1.264272  
3604.000000	1.270581  
3602.000000	1.281125  
3600.000000	1.279642  
3598.000000	1.264731  
3596.000000	1.253897  
3594.000000	1.260094  
3592.000000	1.263328  
3590.000000	1.267425  
3588.000000	1.270398  
3586.000000	1.261710  
3584.000000	1.255783  
3582.000000	1.267254  
3580.000000	1.277565  
3578.000000	1.273903  
3576.000000	1.259075  
3574.000000	1.251152  
3572.000000	1.252424  
3570.000000	1.263313  
3568.000000	1.274884  
3566.000000	1.268179  
3564.000000	1.256182  
3562.000000	1.258363  
3560.000000	1.268517  
3558.000000	1.272028  
3556.000000	1.267515  
3554.000000	1.259275  
3552.000000	1.257156  
3550.000000	1.258369  
3548.000000	1.271911  
3546.000000	1.278815  
3544.000000	1.270178  
3542.000000	1.259312  
3540.000000	1.262696  
3538.000000	1.273156  
3536.000000	1.279551  
3534.000000	1.266041  
3532.000000	1.252698  
3530.000000	1.250004  
3528.000000	1.263875  
3526.000000	1.277220  
3524.000000	1.275850  
3522.000000	1.259203  
3520.000000	1.251062  
3518.000000	1.254079  
3516.000000	1.263900  
3514.000000	1.269860  
3512.000000	1.259028  
3510.000000	1.248315  
3508.000000	1.252637  
3506.000000	1.265259  
3504.000000	1.273473  
3502.000000	1.269737  
3500.000000	1.256085  
3498.000000	1.249641  
3496.000000	1.255156  
3494.000000	1.265971  
3492.000000	1.265881  
3490.000000	1.259160  
3488.000000	1.254769  
3486.000000	1.261080  
3484.000000	1.269355  
3482.000000	1.276668  
3480.000000	1.270274  
3478.000000	1.258917  
3476.000000	1.252884  
3474.000000	1.258728  
3472.000000	1.265270  
3470.000000	1.268017  
3468.000000	1.261520  
3466.000000	1.253013  
3464.000000	1.256451  
3462.000000	1.266227  
3460.000000	1.265402  
3458.000000	1.256640  
3456.000000	1.250413  
3454.000000	1.251518  
3452.000000	1.259544  
3450.000000	1.264788  
3448.000000	1.261007  
3446.000000	1.253381  
3444.000000	1.253193  
3442.000000	1.259335  
3440.000000	1.268766  
3438.000000	1.269411  
3436.000000	1.257643  
3434.000000	1.245856  
3432.000000	1.244248  
3430.000000	1.251007  
3428.000000	1.261916  
3426.000000	1.261783  
3424.000000	1.252522  
3422.000000	1.249424  
3420.000000	1.256274  
3418.000000	1.264904  
3416.000000	1.265936  
3414.000000	1.258247  
3412.000000	1.251897  
3410.000000	1.254361  
3408.000000	1.264065  
3406.000000	1.268743  
3404.000000	1.263003  
3402.000000	1.253563  
3400.000000	1.250997  
3398.000000	1.254105  
3396.000000	1.259523  
3394.000000	1.262292  
3392.000000	1.254209  
3390.000000	1.245225  
3388.000000	1.249568  
3386.000000	1.261171  
3384.000000	1.264868  
3382.000000	1.252810  
3380.000000	1.244758  
3378.000000	1.248991  
3376.000000	1.258859  
3374.000000	1.263795  
3372.000000	1.257312  
3370.000000	1.245889  
3368.000000	1.244356  
3366.000000	1.251529  
3364.000000	1.261999  
3362.000000	1.262599  
3360.000000	1.255100  
3358.000000	1.245996  
3356.000000	1.247238  
3354.000000	1.254765  
3352.000000	1.258916  
3350.000000	1.256676  
3348.000000	1.249004  
3346.000000	1.245830  
3344.000000	1.255091  
3342.000000	1.267969  
3340.000000	1.269211  
3338.000000	1.258313  
3336.000000	1.247079  
3334.000000	1.246429  
3332.000000	1.253401  
3330.000000	1.259318  
3328.000000	1.253006  
3326.000000	1.246443  
3324.000000	1.247989  
3322.000000	1.259886  
3320.000000	1.262635  
3318.000000	1.252773  
3316.000000	1.241414  
3314.000000	1.239642  
3312.000000	1.246128  
3310.000000	1.257263  
3308.000000	1.259292  
3306.000000	1.252452  
3304.000000	1.243582  
3302.000000	1.244118  
3300.000000	1.250813  
3298.000000	1.253193  
3296.000000	1.249617  
3294.000000	1.243522  
3292.000000	1.241106  
3290.000000	1.248915  
3288.000000	1.258245  
3286.000000	1.254801  
3284.000000	1.244619  
3282.000000	1.240862  
3280.000000	1.248598  
3278.000000	1.259173  
3276.000000	1.261770  
3274.000000	1.249787  
3272.000000	1.243149  
3270.000000	1.244452  
3268.000000	1.252243  
3266.000000	1.258748  
3264.000000	1.259068  
3262.000000	1.248301  
3260.000000	1.240992  
3258.000000	1.245832  
3256.000000	1.255958  
3254.000000	1.253396  
3252.000000	1.243628  
3250.000000	1.235126  
3248.000000	1.237799  
3246.000000	1.249239  
3244.000000	1.256704  
3242.000000	1.249632  
3240.000000	1.238907  
3238.000000	1.237087  
3236.000000	1.242801  
3234.000000	1.250251  
3232.000000	1.249290  
3230.000000	1.241348  
3228.000000	1.236900  
3226.000000	1.243716  
3224.000000	1.251243  
3222.000000	1.255686  
3220.000000	1.249691  
3218.000000	1.240936  
3216.000000	1.239182  
3214.000000	1.243051  
3212.000000	1.247339  
3210.000000	1.249305  
3208.000000	1.242300  
3206.000000	1.236577  
3204.000000	1.244043  
3202.000000	1.252667  
3200.000000	1.250464  
3198.000000	1.243488  
3196.000000	1.235208  
3194.000000	1.236140  
3192.000000	1.244610  
3190.000000	1.251199  
3188.000000	1.249492  
3186.000000	1.241808  
3184.000000	1.236371  
3182.000000	1.239444  
3180.000000	1.246814  
3178.000000	1.246014  
3176.000000	1.238807  
3174.000000	1.234152  
3172.000000	1.236377  
3170.000000	1.242823  
3168.000000	1.246193  
3166.000000	1.244085  
3164.000000	1.236730  
3162.000000	1.235776  
3160.000000	1.244899  
3158.000000	1.249059  
3156.000000	1.243225  
3154.000000	1.234635  
3152.000000	1.230370  
3150.000000	1.235899  
3148.000000	1.246642  
3146.000000	1.250157  
3144.000000	1.241586  
3142.000000	1.232984  
3140.000000	1.234172  
3138.000000	1.242866  
3136.000000	1.245489  
3134.000000	1.240282  
3132.000000	1.231530  
3130.000000	1.228770  
3128.000000	1.235441  
3126.000000	1.243579  
3124.000000	1.246871  
3122.000000	1.239741  
3120.000000	1.230819  
3118.000000	1.232123  
3116.000000	1.241328  
3114.000000	1.245054  
3112.000000	1.239933  
3110.000000	1.228868  
3108.000000	1.224246  
3106.000000	1.231973  
3104.000000	1.243793  
3102.000000	1.244643  
3100.000000	1.234621  
3098.000000	1.226284  
3096.000000	1.230710  
3094.000000	1.238064  
3092.000000	1.243357  
3090.000000	1.241135  
3088.000000	1.234241  
3086.000000	1.230200  
3084.000000	1.235295  
3082.000000	1.239306  
3080.000000	1.236814  
3078.000000	1.231699  
3076.000000	1.229509  
3074.000000	1.233414  
3072.000000	1.239615  
3070.000000	1.241173  
3068.000000	1.233920  
3066.000000	1.226023  
3064.000000	1.227574  
3062.000000	1.237799  
3060.000000	1.241273  
3058.000000	1.236809  
3056.000000	1.228835  
3054.000000	1.225983  
3052.000000	1.228236  
3050.000000	1.233345  
3048.000000	1.233388  
3046.000000	1.231590  
3044.000000	1.228367  
3042.000000	1.232747  
3040.000000	1.236293  
3038.000000	1.235790  
3036.000000	1.228665  
3034.000000	1.223183  
3032.000000	1.222272  
3030.000000	1.229133  
3028.000000	1.236596  
3026.000000	1.237329  
3024.000000	1.228916  
3022.000000	1.224187  
3020.000000	1.231076  
3018.000000	1.239865  
3016.000000	1.238938  
3014.000000	1.231182  
3012.000000	1.225359  
3010.000000	1.224669  
3008.000000	1.233680  
3006.000000	1.239778  
3004.000000	1.234159  
3002.000000	1.223166  
3000.000000	1.221630  
2998.000000	1.225615  
2996.000000	1.233067  
2994.000000	1.235332  
2992.000000	1.228747  
2990.000000	1.222880  
2988.000000	1.226786  
2986.000000	1.233290  
2984.000000	1.237243  
2982.000000	1.229209  
2980.000000	1.223154  
2978.000000	1.225404  
2976.000000	1.233381  
2974.000000	1.237746  
2972.000000	1.233244  
2970.000000	1.224169  
2968.000000	1.220187  
2966.000000	1.223278  
2964.000000	1.233620  
2962.000000	1.238270  
2960.000000	1.230441  
2958.000000	1.224700  
2956.000000	1.224475  
2954.000000	1.227665  
2952.000000	1.230402  
2950.000000	1.230164  
2948.000000	1.225965  
2946.000000	1.224636  
2944.000000	1.231166  
2942.000000	1.240886  
2940.000000	1.238581  
2938.000000	1.231173  
2936.000000	1.225377  
2934.000000	1.224176  
2932.000000	1.229973  
2930.000000	1.238891  
2928.000000	1.237844  
2926.000000	1.229172  
2924.000000	1.223925  
2922.000000	1.228388  
2920.000000	1.234141  
2918.000000	1.231789  
2916.000000	1.224164  
2914.000000	1.219849  
2912.000000	1.222072  
2910.000000	1.229869  
2908.000000	1.232618  
2906.000000	1.223059  
2904.000000	1.213680  
2902.000000	1.217048  
2900.000000	1.227744  
2898.000000	1.232904  
2896.000000	1.228036  
2894.000000	1.217485  
2892.000000	1.211744  
2890.000000	1.216970  
2888.000000	1.225652  
2886.000000	1.222832  
2884.000000	1.215721  
2882.000000	1.213426  
2880.000000	1.218148  
2878.000000	1.226274  
2876.000000	1.228209  
2874.000000	1.220781  
2872.000000	1.213980  
2870.000000	1.212645  
2868.000000	1.218603  
2866.000000	1.228491  
2864.000000	1.228756  
2862.000000	1.219701  
2860.000000	1.214711  
2858.000000	1.218944  
2856.000000	1.226432  
2854.000000	1.228556  
2852.000000	1.219634  
2850.000000	1.209165  
2848.000000	1.210591  
2846.000000	1.219754  
2844.000000	1.227525  
2842.000000	1.223133  
2840.000000	1.211237  
2838.000000	1.204056  
2836.000000	1.208591  
2834.000000	1.216213  
2832.000000	1.218288  
2830.000000	1.210861  
2828.000000	1.204465  
2826.000000	1.205991  
2824.000000	1.213751  
2822.000000	1.218294  
2820.000000	1.215122  
2818.000000	1.206023  
2816.000000	1.204866  
2814.000000	1.212535  
2812.000000	1.219579  
2810.000000	1.217347  
2808.000000	1.208874  
2806.000000	1.203277  
2804.000000	1.208357  
2802.000000	1.218816  
2800.000000	1.221654  
2798.000000	1.214811  
2796.000000	1.207910  
2794.000000	1.208961  
2792.000000	1.212301  
2790.000000	1.213075  
2788.000000	1.207513  
2786.000000	1.201584  
2784.000000	1.199262  
2782.000000	1.206614  
2780.000000	1.211992  
2778.000000	1.212407  
2776.000000	1.207523  
2774.000000	1.202722  
2772.000000	1.199770  
2770.000000	1.206682  
2768.000000	1.210949  
2766.000000	1.207418  
2764.000000	1.198903  
2762.000000	1.198913  
2760.000000	1.203806  
2758.000000	1.209596  
2756.000000	1.208722  
2754.000000	1.201941  
2752.000000	1.198490  
2750.000000	1.202182  
2748.000000	1.209199  
2746.000000	1.212927  
2744.000000	1.207690  
2742.000000	1.201459  
2740.000000	1.203042  
2738.000000	1.209238  
2736.000000	1.213536  
2734.000000	1.208941  
2732.000000	1.201493  
2730.000000	1.194311  
2728.000000	1.197668  
2726.000000	1.206267  
2724.000000	1.210589  
2722.000000	1.201739  
2720.000000	1.192677  
2718.000000	1.192440  
2716.000000	1.201612  
2714.000000	1.205104  
2712.000000	1.202375  
2710.000000	1.195927  
2708.000000	1.194703  
2706.000000	1.198737  
2704.000000	1.205632  
2702.000000	1.206168  
2700.000000	1.199424  
2698.000000	1.194587  
2696.000000	1.197771  
2694.000000	1.203940  
2692.000000	1.206599  
2690.000000	1.201689  
2688.000000	1.190160  
2686.000000	1.182856  
2684.000000	1.190157  
2682.000000	1.205017  
2680.000000	1.205990  
2678.000000	1.196220  
2676.000000	1.189966  
2674.000000	1.191328  
2672.000000	1.197604  
2670.000000	1.203483  
2668.000000	1.196951  
2666.000000	1.189257  
2664.000000	1.191741  
2662.000000	1.198356  
2660.000000	1.200110  
2658.000000	1.199120  
2656.000000	1.193065  
2654.000000	1.188016  
2652.000000	1.189570  
2650.000000	1.192881  
2648.000000	1.193764  
2646.000000	1.189431  
2644.000000	1.182799  
2642.000000	1.183598  
2640.000000	1.191686  
2638.000000	1.195935  
2636.000000	1.189546  
2634.000000	1.181459  
2632.000000	1.181624  
2630.000000	1.188767  
2628.000000	1.195872  
2626.000000	1.193166  
2624.000000	1.183640  
2622.000000	1.180818  
2620.000000	1.188542  
2618.000000	1.197360  
2616.000000	1.197037  
2614.000000	1.190337  
2612.000000	1.184661  
2610.000000	1.185608  
2608.000000	1.190905  
2606.000000	1.192594  
2604.000000	1.187409  
2602.000000	1.181236  
2600.000000	1.178589  
2598.000000	1.183162  
2596.000000	1.190117  
2594.000000	1.190390  
2592.000000	1.183324  
2590.000000	1.177311  
2588.000000	1.179281  
2586.000000	1.187858  
2584.000000	1.191141  
2582.000000	1.185516  
2580.000000	1.181572  
2578.000000	1.183925  
2576.000000	1.188382  
2574.000000	1.190557  
2572.000000	1.186082  
2570.000000	1.178851  
2568.000000	1.177040  
2566.000000	1.180392  
2564.000000	1.187755  
2562.000000	1.188940  
2560.000000	1.184580  
2558.000000	1.178351  
2556.000000	1.178066  
2554.000000	1.183697  
2552.000000	1.191371  
2550.000000	1.188489  
2548.000000	1.181037  
2546.000000	1.175268  
2544.000000	1.179707  
2542.000000	1.187546  
2540.000000	1.185936  
2538.000000	1.179538  
2536.000000	1.175955  
2534.000000	1.176920  
2532.000000	1.182583  
2530.000000	1.184656  
2528.000000	1.178241  
2526.000000	1.171755  
2524.000000	1.170910  
2522.000000	1.176805  
2520.000000	1.183697  
2518.000000	1.184809  
2516.000000	1.179859  
2514.000000	1.176747  
2512.000000	1.173775  
2510.000000	1.176579  
2508.000000	1.179187  
2506.000000	1.176214  
2504.000000	1.167675  
2502.000000	1.168431  
2500.000000	1.176368  
2498.000000	1.182210  
2496.000000	1.178884  
2494.000000	1.171048  
2492.000000	1.167388  
2490.000000	1.174783  
2488.000000	1.179433  
2486.000000	1.177631  
2484.000000	1.170746  
2482.000000	1.168395  
2480.000000	1.173949  
2478.000000	1.180235  
2476.000000	1.179237  
2474.000000	1.172658  
2472.000000	1.166000  
2470.000000	1.164763  
2468.000000	1.169472  
2466.000000	1.173898  
2464.000000	1.174474  
2462.000000	1.167278  
2460.000000	1.164270  
2458.000000	1.170453  
2456.000000	1.180025  
2454.000000	1.179571  
2452.000000	1.173216  
2450.000000	1.163619  
2448.000000	1.163838  
2446.000000	1.169684  
2444.000000	1.173310  
2442.000000	1.165886  
2440.000000	1.160314  
2438.000000	1.161724  
2436.000000	1.168616  
2434.000000	1.172938  
2432.000000	1.173161  
2430.000000	1.164598  
2428.000000	1.157301  
2426.000000	1.158397  
2424.000000	1.165144  
2422.000000	1.172008  
2420.000000	1.171441  
2418.000000	1.164846  
2416.000000	1.162530  
2414.000000	1.168602  
2412.000000	1.174969  
2410.000000	1.172250  
2408.000000	1.160461  
2406.000000	1.154800  
2404.000000	1.159534  
2402.000000	1.169207  
2400.000000	1.170084  
2398.000000	1.163005  
2396.000000	1.157878  
2394.000000	1.160473  
2392.000000	1.162387  
2390.000000	1.165655  
2388.000000	1.164400  
2386.000000	1.158595  
2384.000000	1.154235  
2382.000000	1.158928  
2380.000000	1.166504  
2378.000000	1.170097  
2376.000000	1.162071  
2374.000000	1.147568  
2372.000000	1.142631  
2370.000000	1.155572  
2368.000000	1.167458  
2366.000000	1.157856  
2364.000000	1.139372  
2362.000000	1.135668  
2360.000000	1.152729  
2358.000000	1.170787  
2356.000000	1.169492  
2354.000000	1.156992  
2352.000000	1.152073  
2350.000000	1.150318  
2348.000000	1.154626  
2346.000000	1.159454  
2344.000000	1.153222  
2342.000000	1.147073  
2340.000000	1.149613  
2338.000000	1.161180  
2336.000000	1.172493  
2334.000000	1.168381  
2332.000000	1.154358  
2330.000000	1.146801  
2328.000000	1.150666  
2326.000000	1.161012  
2324.000000	1.163248  
2322.000000	1.151511  
2320.000000	1.145216  
2318.000000	1.152523  
2316.000000	1.160892  
2314.000000	1.162456  
2312.000000	1.154571  
2310.000000	1.145846  
2308.000000	1.144150  
2306.000000	1.147222  
2304.000000	1.153417  
2302.000000	1.156005  
2300.000000	1.150953  
2298.000000	1.145102  
2296.000000	1.146466  
2294.000000	1.151012  
2292.000000	1.153594  
2290.000000	1.152758  
2288.000000	1.146088  
2286.000000	1.140164  
2284.000000	1.145210  
2282.000000	1.153573  
2280.000000	1.154215  
2278.000000	1.146408  
2276.000000	1.142595  
2274.000000	1.146359  
2272.000000	1.155454  
2270.000000	1.158053  
2268.000000	1.152354  
2266.000000	1.145714  
2264.000000	1.146077  
2262.000000	1.151616  
2260.000000	1.156435  
2258.000000	1.157701  
2256.000000	1.154013  
2254.000000	1.147976  
2252.000000	1.147655  
2250.000000	1.153303  
2248.000000	1.154048  
2246.000000	1.150422  
2244.000000	1.143762  
2242.000000	1.142067  
2240.000000	1.150589  
2238.000000	1.157810  
2236.000000	1.150411  
2234.000000	1.145200  
2232.000000	1.147667  
2230.000000	1.155512  
2228.000000	1.157780  
2226.000000	1.152058  
2224.000000	1.143249  
2222.000000	1.142049  
2220.000000	1.147773  
2218.000000	1.155409  
2216.000000	1.157371  
2214.000000	1.152718  
2212.000000	1.145948  
2210.000000	1.144762  
2208.000000	1.149652  
2206.000000	1.155306  
2204.000000	1.155716  
2202.000000	1.150893  
2200.000000	1.149378  
2198.000000	1.155278  
2196.000000	1.164011  
2194.000000	1.162981  
2192.000000	1.154726  
2190.000000	1.149336  
2188.000000	1.152601  
2186.000000	1.159310  
2184.000000	1.161767  
2182.000000	1.155384  
2180.000000	1.149794  
2178.000000	1.148962  
2176.000000	1.158670  
2174.000000	1.162469  
2172.000000	1.161973  
2170.000000	1.157230  
2168.000000	1.152880  
2166.000000	1.152838  
2164.000000	1.160094  
2162.000000	1.164052  
2160.000000	1.162370  
2158.000000	1.159654  
2156.000000	1.163836  
2154.000000	1.175023  
2152.000000	1.188842  
2150.000000	1.194054  
2148.000000	1.192513  
2146.000000	1.196355  
2144.000000	1.207646  
2142.000000	1.220225  
2140.000000	1.223500  
2138.000000	1.218485  
2136.000000	1.216806  
2134.000000	1.222967  
2132.000000	1.226113  
2130.000000	1.229916  
2128.000000	1.230545  
2126.000000	1.228339  
2124.000000	1.231410  
2122.000000	1.241237  
2120.000000	1.257892  
2118.000000	1.276926  
2116.000000	1.278252  
2114.000000	1.273708  
2112.000000	1.278286  
2110.000000	1.288735  
2108.000000	1.291588  
2106.000000	1.284062  
2104.000000	1.271112  
2102.000000	1.270087  
2100.000000	1.275864  
2098.000000	1.275395  
2096.000000	1.268643  
2094.000000	1.264204  
2092.000000	1.265599  
2090.000000	1.273551  
2088.000000	1.279376  
2086.000000	1.276083  
2084.000000	1.271441  
2082.000000	1.263417  
2080.000000	1.255826  
2078.000000	1.255346  
2076.000000	1.254062  
2074.000000	1.241052  
2072.000000	1.226385  
2070.000000	1.212899  
2068.000000	1.201378  
2066.000000	1.192698  
2064.000000	1.177532  
2062.000000	1.153838  
2060.000000	1.138507  
2058.000000	1.137097  
2056.000000	1.140500  
2054.000000	1.136130  
2052.000000	1.124973  
2050.000000	1.117192  
2048.000000	1.114519  
2046.000000	1.117659  
2044.000000	1.121097  
2042.000000	1.115617  
2040.000000	1.109757  
2038.000000	1.110028  
2036.000000	1.109496  
2034.000000	1.111496  
2032.000000	1.114693  
2030.000000	1.108583  
2028.000000	1.100192  
2026.000000	1.098499  
2024.000000	1.105188  
2022.000000	1.111723  
2020.000000	1.111513  
2018.000000	1.103826  
2016.000000	1.101515  
2014.000000	1.106841  
2012.000000	1.112258  
2010.000000	1.109481  
2008.000000	1.100885  
2006.000000	1.095043  
2004.000000	1.097957  
2002.000000	1.102019  
2000.000000	1.102442  
1998.000000	1.100233  
1996.000000	1.097948  
1994.000000	1.094684  
1992.000000	1.096913  
1990.000000	1.101204  
1988.000000	1.101190  
1986.000000	1.096176  
1984.000000	1.089200  
1982.000000	1.089322  
1980.000000	1.097153  
1978.000000	1.100001  
1976.000000	1.093282  
1974.000000	1.086928  
1972.000000	1.087174  
1970.000000	1.094600  
1968.000000	1.097983  
1966.000000	1.092324  
1964.000000	1.084563  
1962.000000	1.083749  
1960.000000	1.086259  
1958.000000	1.092625  
1956.000000	1.092421  
1954.000000	1.088917  
1952.000000	1.085564  
1950.000000	1.085822  
1948.000000	1.087614  
1946.000000	1.091454  
1944.000000	1.089728  
1942.000000	1.083251  
1940.000000	1.080549  
1938.000000	1.085393  
1936.000000	1.092329  
1934.000000	1.090513  
1932.000000	1.079186  
1930.000000	1.073458  
1928.000000	1.077426  
1926.000000	1.081008  
1924.000000	1.083939  
1922.000000	1.079996  
1920.000000	1.073536  
1918.000000	1.076753  
1916.000000	1.082414  
1914.000000	1.080970  
1912.000000	1.078522  
1910.000000	1.073106  
1908.000000	1.071003  
1906.000000	1.071088  
1904.000000	1.073593  
1902.000000	1.074533  
1900.000000	1.072821  
1898.000000	1.065197  
1896.000000	1.064806  
1894.000000	1.072044  
1892.000000	1.076274  
1890.000000	1.073327  
1888.000000	1.066675  
1886.000000	1.061934  
1884.000000	1.068241  
1882.000000	1.075857  
1880.000000	1.073006  
1878.000000	1.067067  
1876.000000	1.065058  
1874.000000	1.064915  
1872.000000	1.067642  
1870.000000	1.069812  
1868.000000	1.066314  
1866.000000	1.062360  
1864.000000	1.058807  
1862.000000	1.057809  
1860.000000	1.061668  
1858.000000	1.065097  
1856.000000	1.059466  
1854.000000	1.055806  
1852.000000	1.055985  
1850.000000	1.061483  
1848.000000	1.064615  
1846.000000	1.057119  
1844.000000	1.049189  
1842.000000	1.049464  
1840.000000	1.053280  
1838.000000	1.058758  
1836.000000	1.055634  
1834.000000	1.048069  
1832.000000	1.046625  
1830.000000	1.050340  
1828.000000	1.048610  
1826.000000	1.046970  
1824.000000	1.046230  
1822.000000	1.044126  
1820.000000	1.045152  
1818.000000	1.047167  
1816.000000	1.047227  
1814.000000	1.046870  
1812.000000	1.042166  
1810.000000	1.037978  
1808.000000	1.043155  
1806.000000	1.049001  
1804.000000	1.047672  
1802.000000	1.040279  
1800.000000	1.034212  
1798.000000	1.038154  
1796.000000	1.044493  
1794.000000	1.043818  
1792.000000	1.040480  
1790.000000	1.036659  
1788.000000	1.033635  
1786.000000	1.037260  
1784.000000	1.040323  
1782.000000	1.036212  
1780.000000	1.033099  
1778.000000	1.029863  
1776.000000	1.028390  
1774.000000	1.033578  
1772.000000	1.038429  
1770.000000	1.033641  
1768.000000	1.027336  
1766.000000	1.022550  
1764.000000	1.024486  
1762.000000	1.032568  
1760.000000	1.029182  
1758.000000	1.021114  
1756.000000	1.021572  
1754.000000	1.023694  
1752.000000	1.031948  
1750.000000	1.034512  
1748.000000	1.024619  
1746.000000	1.018868  
1744.000000	1.024179  
1742.000000	1.025671  
1740.000000	1.027368  
1738.000000	1.024551  
1736.000000	1.017326  
1734.000000	1.023161  
1732.000000	1.025993  
1730.000000	1.024672  
1728.000000	1.026307  
1726.000000	1.020189  
1724.000000	1.013635  
1722.000000	1.013824  
1720.000000	1.019458  
1718.000000	1.028279  
1716.000000	1.024498  
1714.000000	1.012483  
1712.000000	1.008448  
1710.000000	1.012586  
1708.000000	1.014689  
1706.000000	1.012911  
1704.000000	1.004367  
1702.000000	0.997206  
1700.000000	1.007794  
1698.000000	1.010496  
1696.000000	1.006844  
1694.000000	1.004556  
1692.000000	0.999911  
1690.000000	0.999535  
1688.000000	0.998900  
1686.000000	0.999111  
1684.000000	1.001590  
1682.000000	0.997295  
1680.000000	0.991140  
1678.000000	0.993340  
1676.000000	1.001353  
1674.000000	1.002532  
1672.000000	0.992082  
1670.000000	0.990561  
1668.000000	0.992103  
1666.000000	0.993932  
1664.000000	0.995378  
1662.000000	0.989677  
1660.000000	0.983663  
1658.000000	0.984015  
1656.000000	0.983078  
1654.000000	0.986851  
1652.000000	0.990617  
1650.000000	0.977493  
1648.000000	0.972932  
1646.000000	0.979922  
1644.000000	0.982314  
1642.000000	0.980185  
1640.000000	0.977170  
1638.000000	0.966783  
1636.000000	0.967648  
1634.000000	0.977173  
1632.000000	0.981376  
1630.000000	0.979012  
1628.000000	0.970450  
1626.000000	0.963563  
1624.000000	0.971667  
1622.000000	0.979738  
1620.000000	0.974337  
1618.000000	0.964501  
1616.000000	0.961342  
1614.000000	0.964734  
1612.000000	0.968536  
1610.000000	0.967077  
1608.000000	0.965770  
1606.000000	0.963418  
1604.000000	0.959252  
1602.000000	0.961622  
1600.000000	0.964727  
1598.000000	0.963997  
1596.000000	0.961856  
1594.000000	0.957949  
1592.000000	0.956160  
1590.000000	0.961517  
1588.000000	0.963016  
1586.000000	0.957625  
1584.000000	0.950257  
1582.000000	0.946704  
1580.000000	0.948222  
1578.000000	0.952960  
1576.000000	0.952234  
1574.000000	0.944648  
1572.000000	0.941306  
1570.000000	0.946281  
1568.000000	0.950555  
1566.000000	0.948145  
1564.000000	0.938911  
1562.000000	0.930833  
1560.000000	0.937206  
1558.000000	0.947396  
1556.000000	0.945093  
1554.000000	0.943194  
1552.000000	0.936380  
1550.000000	0.932937  
1548.000000	0.932891  
1546.000000	0.934978  
1544.000000	0.936385  
1542.000000	0.925468  
1540.000000	0.917353  
1538.000000	0.925516  
1536.000000	0.928638  
1534.000000	0.932208  
1532.000000	0.930750  
1530.000000	0.922802  
1528.000000	0.921697  
1526.000000	0.929230  
1524.000000	0.927315  
1522.000000	0.921595  
1520.000000	0.918407  
1518.000000	0.913189  
1516.000000	0.916684  
1514.000000	0.919722  
1512.000000	0.918365  
1510.000000	0.914271  
1508.000000	0.907850  
1506.000000	0.908400  
1504.000000	0.912864  
1502.000000	0.913293  
1500.000000	0.910729  
1498.000000	0.907223  
1496.000000	0.904688  
1494.000000	0.908057  
1492.000000	0.916027  
1490.000000	0.915034  
1488.000000	0.904865  
1486.000000	0.901168  
1484.000000	0.901577  
1482.000000	0.904297  
1480.000000	0.904508  
1478.000000	0.898066  
1476.000000	0.895338  
1474.000000	0.895530  
1472.000000	0.901022  
1470.000000	0.904379  
1468.000000	0.902725  
1466.000000	0.895761  
1464.000000	0.893253  
1462.000000	0.889646  
1460.000000	0.890509  
1458.000000	0.902616  
1456.000000	0.903877  
1454.000000	0.889596  
1452.000000	0.886966  
1450.000000	0.890710  
1448.000000	0.893655  
1446.000000	0.890930  
1444.000000	0.881519  
1442.000000	0.876204  
1440.000000	0.877877  
1438.000000	0.880686  
1436.000000	0.881507  
1434.000000	0.877063  
1432.000000	0.871831  
1430.000000	0.871960  
1428.000000	0.872465  
1426.000000	0.870805  
1424.000000	0.868307  
1422.000000	0.861752  
1420.000000	0.855660  
1418.000000	0.859264  
1416.000000	0.860546  
1414.000000	0.859685  
1412.000000	0.856552  
1410.000000	0.851658  
1408.000000	0.850424  
1406.000000	0.856928  
1404.000000	0.856598  
1402.000000	0.848530  
1400.000000	0.842927  
1398.000000	0.841349  
1396.000000	0.844129  
1394.000000	0.848314  
1392.000000	0.842811  
1390.000000	0.837075  
1388.000000	0.836050  
1386.000000	0.834855  
1384.000000	0.835031  
1382.000000	0.834215  
1380.000000	0.829353  
1378.000000	0.825077  
1376.000000	0.822443  
1374.000000	0.822401  
1372.000000	0.826330  
1370.000000	0.824647  
1368.000000	0.818055  
1366.000000	0.813130  
1364.000000	0.812505  
1362.000000	0.814617  
1360.000000	0.815596  
1358.000000	0.808814  
1356.000000	0.803711  
1354.000000	0.806395  
1352.000000	0.808505  
1350.000000	0.806270  
1348.000000	0.802050  
1346.000000	0.796520  
1344.000000	0.794728  
1342.000000	0.795551  
1340.000000	0.795117  
1338.000000	0.794470  
1336.000000	0.791345  
1334.000000	0.786397  
1332.000000	0.785940  
1330.000000	0.787892  
1328.000000	0.788764  
1326.000000	0.787155  
1324.000000	0.779739  
1322.000000	0.775063  
1320.000000	0.779294  
1318.000000	0.780919  
1316.000000	0.775880  
1314.000000	0.771320  
1312.000000	0.768610  
1310.000000	0.770880  
1308.000000	0.775112  
1306.000000	0.771476  
1304.000000	0.764180  
1302.000000	0.759832  
1300.000000	0.756861  
1298.000000	0.757414  
1296.000000	0.758716  
1294.000000	0.755569  
1292.000000	0.752575  
1290.000000	0.749454  
1288.000000	0.746943  
1286.000000	0.748855  
1284.000000	0.748879  
1282.000000	0.742567  
1280.000000	0.738026  
1278.000000	0.737303  
1276.000000	0.739132  
1274.000000	0.740882  
1272.000000	0.736175  
1270.000000	0.729338  
1268.000000	0.728218  
1266.000000	0.728764  
1264.000000	0.727045  
1262.000000	0.723600  
1260.000000	0.716971  
1258.000000	0.715259  
1256.000000	0.716965  
1254.000000	0.716287  
1252.000000	0.714727  
1250.000000	0.711619  
1248.000000	0.705044  
1246.000000	0.703330  
1244.000000	0.703985  
1242.000000	0.703528  
1240.000000	0.702247  
1238.000000	0.696835  
1236.000000	0.690932  
1234.000000	0.692564  
1232.000000	0.694172  
1230.000000	0.691189  
1228.000000	0.686329  
1226.000000	0.680690  
1224.000000	0.678496  
1222.000000	0.680108  
1220.000000	0.678259  
1218.000000	0.672821  
1216.000000	0.669784  
1214.000000	0.668363  
1212.000000	0.669180  
1210.000000	0.670583  
1208.000000	0.668920  
1206.000000	0.664626  
1204.000000	0.661257  
1202.000000	0.657233  
1200.000000	0.658355  
1198.000000	0.659659  
1196.000000	0.656464  
1194.000000	0.651749  
1192.000000	0.648486  
1190.000000	0.647746  
1188.000000	0.651477  
1186.000000	0.648550  
1184.000000	0.641177  
1182.000000	0.638095  
1180.000000	0.638941  
1178.000000	0.640546  
1176.000000	0.640034  
1174.000000	0.634965  
1172.000000	0.631681  
1170.000000	0.631681  
1168.000000	0.630728  
1166.000000	0.630313  
1164.000000	0.629044  
1162.000000	0.625060  
1160.000000	0.622912  
1158.000000	0.623742  
1156.000000	0.623593  
1154.000000	0.624923  
1152.000000	0.622450  
1150.000000	0.617185  
1148.000000	0.616871  
1146.000000	0.621495  
1144.000000	0.622587  
1142.000000	0.620519  
1140.000000	0.615500  
1138.000000	0.613732  
1136.000000	0.618064  
1134.000000	0.621704  
1132.000000	0.618777  
1130.000000	0.614874  
1128.000000	0.611976  
1126.000000	0.613123  
1124.000000	0.615704  
1122.000000	0.614326  
1120.000000	0.612401  
1118.000000	0.611585  
1116.000000	0.609734  
1114.000000	0.612689  
1112.000000	0.617156  
1110.000000	0.617043  
1108.000000	0.615981  
1106.000000	0.613981  
1104.000000	0.614073  
1102.000000	0.620578  
1100.000000	0.624027  
1098.000000	0.618731  
1096.000000	0.616063  
1094.000000	0.616866  
1092.000000	0.620577  
1090.000000	0.624127  
1088.000000	0.621073  
1086.000000	0.615622  
1084.000000	0.615758  
1082.000000	0.616357  
1080.000000	0.617858  
1078.000000	0.619314  
1076.000000	0.615806  
1074.000000	0.612681  
1072.000000	0.613021  
1070.000000	0.613064  
1068.000000	0.615272  
1066.000000	0.614516  
1064.000000	0.606516  
1062.000000	0.602426  
1060.000000	0.605587  
1058.000000	0.608793  
1056.000000	0.608468  
1054.000000	0.602083  
1052.000000	0.595842  
1050.000000	0.598058  
1048.000000	0.601016  
1046.000000	0.598022  
1044.000000	0.592339  
1042.000000	0.585694  
1040.000000	0.583644  
1038.000000	0.584506  
1036.000000	0.581607  
1034.000000	0.578547  
1032.000000	0.576108  
1030.000000	0.569203  
1028.000000	0.565931  
1026.000000	0.564899  
1024.000000	0.560067  
1022.000000	0.555915  
1020.000000	0.550302  
1018.000000	0.542223  
1016.000000	0.540864  
1014.000000	0.541093  
1012.000000	0.534403  
1010.000000	0.526235  
1008.000000	0.520703  
1006.000000	0.516617  
1004.000000	0.514095  
1002.000000	0.507785  
1000.000000	0.498752  
998.000000	 0.494218  
996.000000	 0.491557  
994.000000	 0.488824  
992.000000	 0.486111  
990.000000	 0.481062  
988.000000	 0.476000  
986.000000	 0.474090  
984.000000	 0.471765  
982.000000	 0.472843  
980.000000	 0.474546  
978.000000	 0.471894  
976.000000	 0.468713  
974.000000	 0.468409  
972.000000	 0.467072  
970.000000	 0.464432  
968.000000	 0.456284  
966.000000	 0.446425  
964.000000	 0.442944  
962.000000	 0.443506  
960.000000	 0.441702  
958.000000	 0.437785  
956.000000	 0.432361  
954.000000	 0.428929  
952.000000	 0.428572  
950.000000	 0.426854  
948.000000	 0.424595  
946.000000	 0.423292  
944.000000	 0.421356  
942.000000	 0.421031  
940.000000	 0.424203  
938.000000	 0.425654  
936.000000	 0.426431  
934.000000	 0.425622  
932.000000	 0.422726  
930.000000	 0.425328  
928.000000	 0.431988  
926.000000	 0.433576  
924.000000	 0.435483  
922.000000	 0.443232  
920.000000	 0.461351  
918.000000	 0.490446  
916.000000	 0.517534  
914.000000	 0.533506  
912.000000	 0.548915  
910.000000	 0.564973  
908.000000	 0.581902  
906.000000	 0.592954  
904.000000	 0.590216  
902.000000	 0.584647  
900.000000	 0.579785  
898.000000	 0.567298  
896.000000	 0.553025  
894.000000	 0.535967  
892.000000	 0.508137  
890.000000	 0.478439  
888.000000	 0.452971  
886.000000	 0.431769  
884.000000	 0.417517  
882.000000	 0.403055  
880.000000	 0.385298  
878.000000	 0.376299  
876.000000	 0.374588  
874.000000	 0.373084  
872.000000	 0.370287  
870.000000	 0.365684  
868.000000	 0.362835  
866.000000	 0.366175  
864.000000	 0.368620  
862.000000	 0.368010  
860.000000	 0.367653  
858.000000	 0.364779  
856.000000	 0.360511  
854.000000	 0.359185  
852.000000	 0.357805  
850.000000	 0.355779  
848.000000	 0.352938  
846.000000	 0.347743  
844.000000	 0.346031  
842.000000	 0.349095  
840.000000	 0.348738  
838.000000	 0.344134  
836.000000	 0.338690  
834.000000	 0.336177  
832.000000	 0.338914  
830.000000	 0.340049  
828.000000	 0.333866  
826.000000	 0.328070  
824.000000	 0.324622  
822.000000	 0.323908  
820.000000	 0.326855  
818.000000	 0.324996  
816.000000	 0.321428  
814.000000	 0.322089  
812.000000	 0.321242  
810.000000	 0.320871  
808.000000	 0.322793  
806.000000	 0.319250  
804.000000	 0.311828  
802.000000	 0.306497  
800.000000	 0.302755  
798.000000	 0.303981  
796.000000	 0.304519  
794.000000	 0.297140  
792.000000	 0.290252  
790.000000	 0.288566  
788.000000	 0.287631  
786.000000	 0.285532  
784.000000	 0.279209  
782.000000	 0.269957  
780.000000	 0.265076  
778.000000	 0.262523  
776.000000	 0.258662  
774.000000	 0.254636  
772.000000	 0.249325  
770.000000	 0.243120  
768.000000	 0.239878  
766.000000	 0.235657  
764.000000	 0.232385  
762.000000	 0.229393  
760.000000	 0.223520  
758.000000	 0.218110  
756.000000	 0.219022  
754.000000	 0.218827  
752.000000	 0.216582  
750.000000	 0.211888  
748.000000	 0.207475  
746.000000	 0.209680  
744.000000	 0.215564  
742.000000	 0.217461  
740.000000	 0.219805  
738.000000	 0.224070  
736.000000	 0.229555  
734.000000	 0.236994  
732.000000	 0.241435  
730.000000	 0.244395  
728.000000	 0.251270  
726.000000	 0.258868  
724.000000	 0.266601  
722.000000	 0.276998  
720.000000	 0.283829  
718.000000	 0.287678  
716.000000	 0.291802  
714.000000	 0.295673  
712.000000	 0.302291  
710.000000	 0.312767  
708.000000	 0.315598  
706.000000	 0.315246  
704.000000	 0.319268  
702.000000	 0.329074  
700.000000	 0.340908  
698.000000	 0.351701  
696.000000	 0.357329  
694.000000	 0.369811  
692.000000	 0.388639  
690.000000	 0.407348  
688.000000	 0.425135  
686.000000	 0.437927  
684.000000	 0.448318  
682.000000	 0.466052  
680.000000	 0.482342  
678.000000	 0.497481  
676.000000	 0.515653  
674.000000	 0.522672  
672.000000	 0.524737  
670.000000	 0.534213  
668.000000	 0.546472  
666.000000	 0.546970  
664.000000	 0.536866  
662.000000	 0.516492  
660.000000	 0.508120  
658.000000	 0.513164  
656.000000	 0.510497  
654.000000	 0.499166  
652.000000	 0.488115  
650.000000	 0.484298  
648.000000	 0.494875  
646.000000	 0.506120  
644.000000	 0.507167  
642.000000	 0.510857  
640.000000	 0.518703  
638.000000	 0.527340  
636.000000	 0.546445  
634.000000	 0.563086  
632.000000	 0.570561  
630.000000	 0.574991  
628.000000	 0.567447  
626.000000	 0.557581  
624.000000	 0.556189  
622.000000	 0.530776  
620.000000	 0.480615  
618.000000	 0.431929  
616.000000	 0.392234  
614.000000	 0.366959  
612.000000	 0.339712  
610.000000	 0.302061  
608.000000	 0.272801  
606.000000	 0.253299  
604.000000	 0.236791  
602.000000	 0.223838  
600.000000	 0.208097  
598.000000	 0.191097  
596.000000	 0.183185  
594.000000	 0.176849  
592.000000	 0.169225  
590.000000	 0.164249  
588.000000	 0.156107  
586.000000	 0.145634  
584.000000	 0.140555  
582.000000	 0.136716  
580.000000	 0.135309  
578.000000	 0.132693  
576.000000	 0.121112  
574.000000	 0.111626  
572.000000	 0.111348  
570.000000	 0.109239  
568.000000	 0.102853  
566.000000	 0.095262  
564.000000	 0.087810  
562.000000	 0.087265  
560.000000	 0.088416  
558.000000	 0.082661  
556.000000	 0.076090  
554.000000	 0.071539  
552.000000	 0.067628  
550.000000	 0.069770  
548.000000	 0.070408  
546.000000	 0.066687  
544.000000	 0.062323  
542.000000	 0.055509  
540.000000	 0.049464  
538.000000	 0.051772  
536.000000	 0.053049  
534.000000	 0.049210  
532.000000	 0.043386  
530.000000	 0.038686  
528.000000	 0.039510  
526.000000	 0.043419  
524.000000	 0.038942  
522.000000	 0.033171  
520.000000	 0.032302  
518.000000	 0.033787  
516.000000	 0.038161  
514.000000	 0.040008  
512.000000	 0.036128  
510.000000	 0.036045  
508.000000	 0.038732  
506.000000	 0.037683  
504.000000	 0.038529  
502.000000	 0.036796  
500.000000	 0.031110  
498.000000	 0.028546  
496.000000	 0.029109  
494.000000	 0.030160  
492.000000	 0.033943  
490.000000	 0.029484  
488.000000	 0.021359  
486.000000	 0.019861  
484.000000	 0.022145  
482.000000	 0.021822  
480.000000	 0.018673  
478.000000	 0.009668  
476.000000	 0.007411  
474.000000	 0.011907  
472.000000	 0.012127  
470.000000	 0.008834  
468.000000	 0.004616  
466.000000	 -0.001983 
464.000000	 -0.002512 
462.000000	 -0.001240 
460.000000	 -0.004599 
458.000000	 -0.004601 
456.000000	 -0.007637 
454.000000	 -0.015085 
452.000000	 -0.012474 
450.000000	 -0.007632 

