4400.000000	1.274596  
4398.000000	1.277211  
4396.000000	1.279882  
4394.000000	1.279977  
4392.000000	1.282571  
4390.000000	1.285342  
4388.000000	1.283769  
4386.000000	1.281748  
4384.000000	1.279910  
4382.000000	1.278659  
4380.000000	1.282073  
4378.000000	1.284907  
4376.000000	1.281507  
4374.000000	1.281028  
4372.000000	1.278958  
4370.000000	1.275667  
4368.000000	1.281216  
4366.000000	1.284474  
4364.000000	1.282706  
4362.000000	1.282640  
4360.000000	1.283696  
4358.000000	1.284718  
4356.000000	1.282404  
4354.000000	1.280621  
4352.000000	1.282043  
4350.000000	1.280664  
4348.000000	1.280465  
4346.000000	1.281643  
4344.000000	1.280899  
4342.000000	1.280107  
4340.000000	1.281301  
4338.000000	1.283775  
4336.000000	1.283829  
4334.000000	1.280007  
4332.000000	1.278536  
4330.000000	1.282607  
4328.000000	1.282877  
4326.000000	1.279356  
4324.000000	1.281364  
4322.000000	1.282954  
4320.000000	1.279908  
4318.000000	1.279283  
4316.000000	1.280959  
4314.000000	1.281697  
4312.000000	1.279427  
4310.000000	1.276721  
4308.000000	1.277930  
4306.000000	1.280017  
4304.000000	1.281245  
4302.000000	1.281412  
4300.000000	1.279553  
4298.000000	1.278602  
4296.000000	1.279136  
4294.000000	1.280802  
4292.000000	1.281695  
4290.000000	1.282525  
4288.000000	1.283423  
4286.000000	1.280577  
4284.000000	1.280157  
4282.000000	1.280196  
4280.000000	1.278003  
4278.000000	1.277212  
4276.000000	1.278815  
4274.000000	1.282075  
4272.000000	1.284275  
4270.000000	1.281105  
4268.000000	1.279116  
4266.000000	1.280844  
4264.000000	1.278549  
4262.000000	1.274902  
4260.000000	1.279721  
4258.000000	1.283200  
4256.000000	1.282097  
4254.000000	1.282384  
4252.000000	1.279772  
4250.000000	1.278003  
4248.000000	1.277269  
4246.000000	1.275985  
4244.000000	1.278215  
4242.000000	1.281497  
4240.000000	1.283419  
4238.000000	1.283487  
4236.000000	1.282172  
4234.000000	1.282236  
4232.000000	1.279735  
4230.000000	1.278545  
4228.000000	1.277666  
4226.000000	1.277424  
4224.000000	1.277766  
4222.000000	1.278215  
4220.000000	1.279608  
4218.000000	1.280674  
4216.000000	1.281231  
4214.000000	1.279033  
4212.000000	1.276519  
4210.000000	1.276247  
4208.000000	1.276627  
4206.000000	1.275698  
4204.000000	1.275758  
4202.000000	1.276005  
4200.000000	1.276584  
4198.000000	1.276173  
4196.000000	1.277030  
4194.000000	1.277093  
4192.000000	1.277128  
4190.000000	1.277430  
4188.000000	1.276335  
4186.000000	1.277609  
4184.000000	1.276799  
4182.000000	1.273967  
4180.000000	1.273747  
4178.000000	1.275803  
4176.000000	1.279877  
4174.000000	1.281040  
4172.000000	1.278652  
4170.000000	1.276872  
4168.000000	1.278488  
4166.000000	1.278027  
4164.000000	1.275169  
4162.000000	1.273901  
4160.000000	1.274407  
4158.000000	1.273969  
4156.000000	1.271596  
4154.000000	1.272609  
4152.000000	1.277721  
4150.000000	1.278870  
4148.000000	1.275770  
4146.000000	1.274553  
4144.000000	1.274191  
4142.000000	1.273772  
4140.000000	1.275975  
4138.000000	1.278268  
4136.000000	1.279847  
4134.000000	1.279575  
4132.000000	1.282777  
4130.000000	1.279520  
4128.000000	1.272657  
4126.000000	1.273508  
4124.000000	1.273079  
4122.000000	1.273492  
4120.000000	1.273942  
4118.000000	1.269885  
4116.000000	1.270180  
4114.000000	1.271658  
4112.000000	1.271209  
4110.000000	1.271995  
4108.000000	1.273850  
4106.000000	1.273339  
4104.000000	1.271826  
4102.000000	1.271159  
4100.000000	1.270931  
4098.000000	1.270821  
4096.000000	1.270655  
4094.000000	1.268938  
4092.000000	1.270944  
4090.000000	1.275196  
4088.000000	1.275913  
4086.000000	1.274292  
4084.000000	1.273197  
4082.000000	1.272696  
4080.000000	1.272927  
4078.000000	1.272842  
4076.000000	1.273265  
4074.000000	1.273372  
4072.000000	1.274325  
4070.000000	1.274442  
4068.000000	1.271228  
4066.000000	1.270732  
4064.000000	1.270732  
4062.000000	1.269068  
4060.000000	1.272343  
4058.000000	1.275634  
4056.000000	1.271275  
4054.000000	1.265474  
4052.000000	1.264754  
4050.000000	1.265623  
4048.000000	1.267032  
4046.000000	1.270274  
4044.000000	1.274549  
4042.000000	1.274002  
4040.000000	1.268054  
4038.000000	1.266041  
4036.000000	1.267684  
4034.000000	1.267513  
4032.000000	1.267787  
4030.000000	1.268451  
4028.000000	1.269546  
4026.000000	1.270139  
4024.000000	1.268094  
4022.000000	1.267044  
4020.000000	1.267639  
4018.000000	1.266795  
4016.000000	1.266099  
4014.000000	1.265644  
4012.000000	1.266053  
4010.000000	1.268394  
4008.000000	1.269417  
4006.000000	1.268818  
4004.000000	1.269269  
4002.000000	1.269802  
4000.000000	1.269638  
3998.000000	1.272115  
3996.000000	1.273792  
3994.000000	1.272679  
3992.000000	1.269013  
3990.000000	1.266181  
3988.000000	1.266435  
3986.000000	1.268938  
3984.000000	1.269461  
3982.000000	1.268868  
3980.000000	1.269463  
3978.000000	1.269259  
3976.000000	1.268834  
3974.000000	1.268707  
3972.000000	1.267941  
3970.000000	1.266240  
3968.000000	1.267350  
3966.000000	1.267979  
3964.000000	1.268990  
3962.000000	1.269679  
3960.000000	1.267831  
3958.000000	1.265362  
3956.000000	1.265988  
3954.000000	1.267362  
3952.000000	1.266133  
3950.000000	1.266537  
3948.000000	1.268417  
3946.000000	1.266154  
3944.000000	1.264642  
3942.000000	1.265925  
3940.000000	1.267787  
3938.000000	1.270991  
3936.000000	1.271439  
3934.000000	1.272150  
3932.000000	1.270925  
3930.000000	1.269342  
3928.000000	1.267749  
3926.000000	1.266477  
3924.000000	1.265851  
3922.000000	1.263453  
3920.000000	1.263892  
3918.000000	1.266397  
3916.000000	1.268380  
3914.000000	1.265507  
3912.000000	1.264527  
3910.000000	1.265337  
3908.000000	1.261819  
3906.000000	1.261691  
3904.000000	1.263707  
3902.000000	1.261855  
3900.000000	1.264548  
3898.000000	1.262599  
3896.000000	1.255442  
3894.000000	1.256339  
3892.000000	1.267256  
3890.000000	1.266640  
3888.000000	1.262150  
3886.000000	1.267502  
3884.000000	1.261517  
3882.000000	1.262022  
3880.000000	1.271424  
3878.000000	1.265938  
3876.000000	1.263514  
3874.000000	1.264289  
3872.000000	1.261626  
3870.000000	1.269176  
3868.000000	1.261746  
3866.000000	1.263362  
3864.000000	1.267956  
3862.000000	1.267956  
3860.000000	1.265085  
3858.000000	1.257767  
3856.000000	1.253765  
3854.000000	1.271724  
3852.000000	1.277405  
3850.000000	1.268008  
3848.000000	1.263290  
3846.000000	1.259689  
3844.000000	1.259303  
3842.000000	1.260312  
3840.000000	1.267065  
3838.000000	1.273815  
3836.000000	1.268309  
3834.000000	1.262254  
3832.000000	1.262971  
3830.000000	1.262397  
3828.000000	1.261522  
3826.000000	1.258333  
3824.000000	1.252802  
3822.000000	1.265978  
3820.000000	1.264775  
3818.000000	1.258795  
3816.000000	1.271565  
3814.000000	1.266596  
3812.000000	1.259770  
3810.000000	1.256306  
3808.000000	1.263860  
3806.000000	1.262711  
3804.000000	1.253397  
3802.000000	1.265341  
3800.000000	1.267582  
3798.000000	1.263280  
3796.000000	1.265623  
3794.000000	1.263782  
3792.000000	1.262884  
3790.000000	1.261483  
3788.000000	1.260878  
3786.000000	1.263396  
3784.000000	1.261332  
3782.000000	1.258170  
3780.000000	1.263478  
3778.000000	1.263189  
3776.000000	1.258876  
3774.000000	1.254925  
3772.000000	1.257119  
3770.000000	1.265635  
3768.000000	1.264211  
3766.000000	1.265040  
3764.000000	1.262188  
3762.000000	1.257789  
3760.000000	1.259376  
3758.000000	1.261154  
3756.000000	1.256681  
3754.000000	1.251886  
3752.000000	1.258484  
3750.000000	1.261553  
3748.000000	1.253414  
3746.000000	1.258583  
3744.000000	1.274195  
3742.000000	1.260254  
3740.000000	1.254373  
3738.000000	1.258035  
3736.000000	1.266223  
3734.000000	1.266477  
3732.000000	1.262444  
3730.000000	1.258378  
3728.000000	1.259510  
3726.000000	1.260160  
3724.000000	1.258121  
3722.000000	1.260226  
3720.000000	1.260933  
3718.000000	1.260759  
3716.000000	1.256821  
3714.000000	1.255501  
3712.000000	1.260650  
3710.000000	1.261290  
3708.000000	1.256341  
3706.000000	1.254148  
3704.000000	1.256941  
3702.000000	1.261515  
3700.000000	1.261971  
3698.000000	1.260013  
3696.000000	1.257057  
3694.000000	1.255173  
3692.000000	1.258427  
3690.000000	1.263100  
3688.000000	1.269419  
3686.000000	1.261547  
3684.000000	1.253956  
3682.000000	1.253095  
3680.000000	1.252530  
3678.000000	1.251725  
3676.000000	1.264712  
3674.000000	1.260242  
3672.000000	1.255428  
3670.000000	1.267852  
3668.000000	1.265915  
3666.000000	1.261659  
3664.000000	1.260508  
3662.000000	1.258626  
3660.000000	1.255552  
3658.000000	1.255100  
3656.000000	1.260859  
3654.000000	1.253384  
3652.000000	1.251489  
3650.000000	1.257070  
3648.000000	1.260480  
3646.000000	1.259626  
3644.000000	1.255930  
3642.000000	1.253535  
3640.000000	1.253036  
3638.000000	1.256128  
3636.000000	1.256154  
3634.000000	1.253145  
3632.000000	1.250313  
3630.000000	1.259687  
3628.000000	1.265599  
3626.000000	1.256519  
3624.000000	1.250505  
3622.000000	1.248941  
3620.000000	1.256577  
3618.000000	1.260748  
3616.000000	1.257272  
3614.000000	1.257014  
3612.000000	1.254765  
3610.000000	1.254728  
3608.000000	1.257915  
3606.000000	1.255994  
3604.000000	1.254592  
3602.000000	1.255518  
3600.000000	1.254914  
3598.000000	1.253462  
3596.000000	1.254428  
3594.000000	1.259348  
3592.000000	1.258009  
3590.000000	1.254404  
3588.000000	1.256543  
3586.000000	1.255225  
3584.000000	1.252895  
3582.000000	1.254085  
3580.000000	1.255378  
3578.000000	1.257108  
3576.000000	1.254730  
3574.000000	1.253691  
3572.000000	1.255809  
3570.000000	1.254685  
3568.000000	1.255229  
3566.000000	1.255680  
3564.000000	1.254202  
3562.000000	1.255132  
3560.000000	1.255376  
3558.000000	1.252145  
3556.000000	1.251538  
3554.000000	1.254163  
3552.000000	1.253002  
3550.000000	1.249024  
3548.000000	1.251101  
3546.000000	1.255960  
3544.000000	1.259218  
3542.000000	1.257108  
3540.000000	1.252975  
3538.000000	1.251291  
3536.000000	1.252428  
3534.000000	1.251670  
3532.000000	1.252732  
3530.000000	1.254525  
3528.000000	1.255017  
3526.000000	1.254881  
3524.000000	1.255430  
3522.000000	1.252232  
3520.000000	1.249391  
3518.000000	1.252667  
3516.000000	1.253841  
3514.000000	1.252826  
3512.000000	1.251108  
3510.000000	1.252415  
3508.000000	1.255456  
3506.000000	1.255783  
3504.000000	1.253787  
3502.000000	1.251882  
3500.000000	1.253370  
3498.000000	1.254441  
3496.000000	1.251335  
3494.000000	1.248726  
3492.000000	1.250000  
3490.000000	1.251433  
3488.000000	1.250949  
3486.000000	1.251014  
3484.000000	1.249809  
3482.000000	1.248724  
3480.000000	1.249842  
3478.000000	1.250509  
3476.000000	1.248750  
3474.000000	1.249325  
3472.000000	1.252298  
3470.000000	1.253923  
3468.000000	1.253119  
3466.000000	1.251055  
3464.000000	1.249647  
3462.000000	1.250238  
3460.000000	1.250758  
3458.000000	1.250780  
3456.000000	1.248801  
3454.000000	1.247306  
3452.000000	1.249239  
3450.000000	1.252452  
3448.000000	1.251973  
3446.000000	1.249654  
3444.000000	1.250916  
3442.000000	1.251884  
3440.000000	1.250710  
3438.000000	1.249960  
3436.000000	1.249772  
3434.000000	1.250586  
3432.000000	1.251849  
3430.000000	1.249629  
3428.000000	1.248176  
3426.000000	1.246011  
3424.000000	1.243856  
3422.000000	1.245111  
3420.000000	1.247291  
3418.000000	1.246666  
3416.000000	1.245872  
3414.000000	1.247152  
3412.000000	1.249544  
3410.000000	1.249645  
3408.000000	1.250656  
3406.000000	1.251492  
3404.000000	1.247992  
3402.000000	1.243740  
3400.000000	1.245080  
3398.000000	1.248785  
3396.000000	1.246898  
3394.000000	1.243633  
3392.000000	1.245233  
3390.000000	1.246569  
3388.000000	1.246179  
3386.000000	1.245907  
3384.000000	1.245202  
3382.000000	1.245245  
3380.000000	1.246500  
3378.000000	1.247709  
3376.000000	1.247074  
3374.000000	1.246739  
3372.000000	1.247927  
3370.000000	1.248926  
3368.000000	1.247231  
3366.000000	1.245653  
3364.000000	1.245949  
3362.000000	1.246327  
3360.000000	1.247679  
3358.000000	1.248020  
3356.000000	1.245125  
3354.000000	1.243740  
3352.000000	1.244343  
3350.000000	1.243943  
3348.000000	1.243006  
3346.000000	1.242079  
3344.000000	1.242705  
3342.000000	1.245807  
3340.000000	1.246438  
3338.000000	1.245216  
3336.000000	1.244725  
3334.000000	1.242614  
3332.000000	1.241438  
3330.000000	1.242311  
3328.000000	1.242260  
3326.000000	1.240978  
3324.000000	1.241169  
3322.000000	1.242296  
3320.000000	1.242101  
3318.000000	1.240338  
3316.000000	1.240960  
3314.000000	1.242318  
3312.000000	1.242844  
3310.000000	1.244656  
3308.000000	1.244287  
3306.000000	1.241987  
3304.000000	1.239692  
3302.000000	1.238661  
3300.000000	1.238416  
3298.000000	1.239537  
3296.000000	1.241346  
3294.000000	1.242121  
3292.000000	1.240711  
3290.000000	1.237481  
3288.000000	1.236348  
3286.000000	1.239480  
3284.000000	1.241981  
3282.000000	1.241887  
3280.000000	1.240036  
3278.000000	1.238258  
3276.000000	1.238835  
3274.000000	1.240605  
3272.000000	1.240250  
3270.000000	1.238853  
3268.000000	1.239241  
3266.000000	1.242549  
3264.000000	1.242209  
3262.000000	1.239866  
3260.000000	1.239590  
3258.000000	1.239854  
3256.000000	1.238505  
3254.000000	1.238586  
3252.000000	1.239214  
3250.000000	1.239701  
3248.000000	1.239757  
3246.000000	1.239616  
3244.000000	1.239367  
3242.000000	1.240194  
3240.000000	1.238229  
3238.000000	1.235329  
3236.000000	1.237298  
3234.000000	1.240010  
3232.000000	1.239618  
3230.000000	1.238988  
3228.000000	1.239685  
3226.000000	1.238443  
3224.000000	1.237361  
3222.000000	1.237248  
3220.000000	1.237238  
3218.000000	1.236225  
3216.000000	1.235885  
3214.000000	1.236632  
3212.000000	1.236280  
3210.000000	1.237214  
3208.000000	1.236379  
3206.000000	1.232975  
3204.000000	1.232844  
3202.000000	1.235309  
3200.000000	1.237298  
3198.000000	1.237973  
3196.000000	1.236561  
3194.000000	1.234390  
3192.000000	1.233423  
3190.000000	1.231791  
3188.000000	1.232860  
3186.000000	1.234943  
3184.000000	1.234225  
3182.000000	1.233569  
3180.000000	1.235386  
3178.000000	1.236555  
3176.000000	1.235281  
3174.000000	1.234863  
3172.000000	1.234298  
3170.000000	1.232372  
3168.000000	1.231524  
3166.000000	1.232934  
3164.000000	1.232190  
3162.000000	1.231895  
3160.000000	1.232252  
3158.000000	1.233202  
3156.000000	1.232793  
3154.000000	1.232058  
3152.000000	1.232259  
3150.000000	1.230643  
3148.000000	1.229855  
3146.000000	1.229637  
3144.000000	1.228632  
3142.000000	1.228071  
3140.000000	1.227593  
3138.000000	1.228777  
3136.000000	1.230414  
3134.000000	1.231262  
3132.000000	1.229198  
3130.000000	1.226790  
3128.000000	1.228341  
3126.000000	1.230712  
3124.000000	1.230412  
3122.000000	1.230620  
3120.000000	1.231895  
3118.000000	1.229240  
3116.000000	1.227767  
3114.000000	1.228973  
3112.000000	1.228402  
3110.000000	1.228225  
3108.000000	1.229402  
3106.000000	1.228493  
3104.000000	1.227522  
3102.000000	1.227954  
3100.000000	1.226936  
3098.000000	1.226312  
3096.000000	1.225173  
3094.000000	1.225140  
3092.000000	1.227805  
3090.000000	1.227662  
3088.000000	1.225916  
3086.000000	1.226150  
3084.000000	1.226879  
3082.000000	1.227041  
3080.000000	1.227337  
3078.000000	1.227205  
3076.000000	1.227218  
3074.000000	1.227108  
3072.000000	1.226689  
3070.000000	1.226833  
3068.000000	1.227148  
3066.000000	1.226303  
3064.000000	1.224864  
3062.000000	1.223826  
3060.000000	1.222412  
3058.000000	1.223455  
3056.000000	1.225199  
3054.000000	1.225817  
3052.000000	1.226867  
3050.000000	1.226206  
3048.000000	1.224556  
3046.000000	1.223544  
3044.000000	1.223854  
3042.000000	1.224004  
3040.000000	1.224313  
3038.000000	1.224874  
3036.000000	1.223887  
3034.000000	1.224102  
3032.000000	1.224277  
3030.000000	1.223894  
3028.000000	1.224799  
3026.000000	1.225596  
3024.000000	1.224523  
3022.000000	1.223710  
3020.000000	1.224727  
3018.000000	1.224230  
3016.000000	1.223980  
3014.000000	1.225617  
3012.000000	1.226005  
3010.000000	1.223474  
3008.000000	1.220263  
3006.000000	1.218996  
3004.000000	1.221813  
3002.000000	1.224431  
3000.000000	1.224650  
2998.000000	1.223906  
2996.000000	1.223315  
2994.000000	1.224643  
2992.000000	1.222806  
2990.000000	1.220937  
2988.000000	1.221389  
2986.000000	1.221658  
2984.000000	1.223008  
2982.000000	1.224369  
2980.000000	1.224398  
2978.000000	1.224431  
2976.000000	1.223961  
2974.000000	1.222217  
2972.000000	1.222036  
2970.000000	1.222595  
2968.000000	1.223339  
2966.000000	1.223336  
2964.000000	1.221977  
2962.000000	1.220691  
2960.000000	1.221596  
2958.000000	1.223528  
2956.000000	1.225767  
2954.000000	1.227116  
2952.000000	1.224482  
2950.000000	1.220701  
2948.000000	1.220057  
2946.000000	1.222042  
2944.000000	1.222089  
2942.000000	1.222010  
2940.000000	1.223673  
2938.000000	1.223831  
2936.000000	1.223705  
2934.000000	1.225347  
2932.000000	1.224207  
2930.000000	1.221380  
2928.000000	1.220942  
2926.000000	1.222236  
2924.000000	1.222834  
2922.000000	1.225321  
2920.000000	1.226373  
2918.000000	1.222422  
2916.000000	1.220800  
2914.000000	1.221556  
2912.000000	1.219943  
2910.000000	1.217656  
2908.000000	1.217389  
2906.000000	1.217519  
2904.000000	1.218651  
2902.000000	1.219246  
2900.000000	1.217859  
2898.000000	1.216381  
2896.000000	1.215852  
2894.000000	1.214672  
2892.000000	1.215282  
2890.000000	1.217191  
2888.000000	1.218008  
2886.000000	1.216458  
2884.000000	1.214837  
2882.000000	1.214034  
2880.000000	1.214262  
2878.000000	1.215622  
2876.000000	1.215221  
2874.000000	1.214379  
2872.000000	1.214596  
2870.000000	1.214019  
2868.000000	1.212551  
2866.000000	1.212449  
2864.000000	1.215187  
2862.000000	1.216044  
2860.000000	1.214189  
2858.000000	1.213945  
2856.000000	1.214392  
2854.000000	1.213338  
2852.000000	1.215093  
2850.000000	1.215990  
2848.000000	1.213438  
2846.000000	1.212156  
2844.000000	1.211535  
2842.000000	1.210989  
2840.000000	1.210357  
2838.000000	1.210399  
2836.000000	1.209082  
2834.000000	1.209021  
2832.000000	1.210853  
2830.000000	1.208713  
2828.000000	1.207483  
2826.000000	1.207934  
2824.000000	1.206794  
2822.000000	1.205915  
2820.000000	1.205650  
2818.000000	1.206561  
2816.000000	1.206128  
2814.000000	1.205935  
2812.000000	1.205165  
2810.000000	1.204046  
2808.000000	1.203819  
2806.000000	1.204457  
2804.000000	1.205561  
2802.000000	1.205566  
2800.000000	1.204096  
2798.000000	1.202897  
2796.000000	1.204448  
2794.000000	1.204341  
2792.000000	1.202953  
2790.000000	1.203120  
2788.000000	1.202505  
2786.000000	1.201928  
2784.000000	1.201375  
2782.000000	1.200648  
2780.000000	1.201067  
2778.000000	1.202743  
2776.000000	1.203566  
2774.000000	1.202403  
2772.000000	1.200508  
2770.000000	1.201097  
2768.000000	1.202230  
2766.000000	1.199478  
2764.000000	1.199113  
2762.000000	1.200834  
2760.000000	1.200870  
2758.000000	1.200489  
2756.000000	1.200471  
2754.000000	1.199306  
2752.000000	1.198359  
2750.000000	1.198181  
2748.000000	1.197423  
2746.000000	1.197190  
2744.000000	1.197910  
2742.000000	1.196625  
2740.000000	1.197145  
2738.000000	1.198974  
2736.000000	1.197583  
2734.000000	1.196900  
2732.000000	1.198308  
2730.000000	1.199283  
2728.000000	1.198745  
2726.000000	1.198437  
2724.000000	1.197766  
2722.000000	1.196732  
2720.000000	1.196015  
2718.000000	1.194705  
2716.000000	1.194115  
2714.000000	1.193533  
2712.000000	1.191207  
2710.000000	1.189933  
2708.000000	1.191104  
2706.000000	1.192174  
2704.000000	1.192961  
2702.000000	1.193606  
2700.000000	1.192684  
2698.000000	1.190900  
2696.000000	1.190006  
2694.000000	1.191362  
2692.000000	1.192411  
2690.000000	1.192160  
2688.000000	1.192828  
2686.000000	1.192821  
2684.000000	1.190732  
2682.000000	1.189916  
2680.000000	1.190027  
2678.000000	1.189500  
2676.000000	1.188293  
2674.000000	1.187399  
2672.000000	1.187830  
2670.000000	1.188988  
2668.000000	1.189798  
2666.000000	1.188444  
2664.000000	1.187191  
2662.000000	1.187003  
2660.000000	1.186891  
2658.000000	1.186732  
2656.000000	1.186673  
2654.000000	1.185731  
2652.000000	1.185412  
2650.000000	1.185453  
2648.000000	1.185423  
2646.000000	1.186028  
2644.000000	1.185732  
2642.000000	1.184436  
2640.000000	1.183838  
2638.000000	1.184659  
2636.000000	1.184841  
2634.000000	1.184130  
2632.000000	1.184505  
2630.000000	1.185065  
2628.000000	1.185432  
2626.000000	1.186210  
2624.000000	1.185934  
2622.000000	1.182889  
2620.000000	1.180290  
2618.000000	1.180828  
2616.000000	1.181846  
2614.000000	1.183197  
2612.000000	1.183843  
2610.000000	1.183680  
2608.000000	1.184542  
2606.000000	1.184431  
2604.000000	1.182985  
2602.000000	1.181525  
2600.000000	1.181392  
2598.000000	1.180319  
2596.000000	1.178595  
2594.000000	1.180119  
2592.000000	1.179195  
2590.000000	1.177780  
2588.000000	1.180409  
2586.000000	1.182973  
2584.000000	1.182277  
2582.000000	1.179693  
2580.000000	1.179372  
2578.000000	1.180663  
2576.000000	1.179724  
2574.000000	1.178380  
2572.000000	1.177494  
2570.000000	1.176584  
2568.000000	1.176651  
2566.000000	1.176405  
2564.000000	1.175829  
2562.000000	1.176624  
2560.000000	1.177311  
2558.000000	1.176634  
2556.000000	1.175497  
2554.000000	1.176188  
2552.000000	1.176363  
2550.000000	1.176155  
2548.000000	1.175510  
2546.000000	1.172677  
2544.000000	1.172741  
2542.000000	1.173392  
2540.000000	1.173779  
2538.000000	1.173759  
2536.000000	1.172319  
2534.000000	1.172639  
2532.000000	1.173261  
2530.000000	1.172812  
2528.000000	1.172744  
2526.000000	1.173588  
2524.000000	1.172713  
2522.000000	1.170228  
2520.000000	1.170711  
2518.000000	1.171389  
2516.000000	1.170166  
2514.000000	1.170229  
2512.000000	1.171438  
2510.000000	1.171559  
2508.000000	1.171463  
2506.000000	1.169911  
2504.000000	1.168605  
2502.000000	1.168760  
2500.000000	1.169355  
2498.000000	1.169563  
2496.000000	1.169623  
2494.000000	1.170566  
2492.000000	1.169626  
2490.000000	1.168979  
2488.000000	1.168903  
2486.000000	1.168079  
2484.000000	1.167570  
2482.000000	1.166362  
2480.000000	1.165394  
2478.000000	1.166304  
2476.000000	1.167115  
2474.000000	1.167625  
2472.000000	1.168689  
2470.000000	1.168023  
2468.000000	1.166802  
2466.000000	1.165953  
2464.000000	1.165012  
2462.000000	1.164169  
2460.000000	1.163645  
2458.000000	1.164356  
2456.000000	1.165721  
2454.000000	1.164673  
2452.000000	1.163483  
2450.000000	1.163619  
2448.000000	1.164214  
2446.000000	1.164280  
2444.000000	1.163349  
2442.000000	1.162996  
2440.000000	1.163265  
2438.000000	1.161573  
2436.000000	1.161356  
2434.000000	1.161330  
2432.000000	1.160714  
2430.000000	1.160954  
2428.000000	1.160916  
2426.000000	1.159970  
2424.000000	1.159460  
2422.000000	1.159805  
2420.000000	1.159473  
2418.000000	1.158733  
2416.000000	1.159088  
2414.000000	1.159962  
2412.000000	1.160504  
2410.000000	1.159419  
2408.000000	1.156503  
2406.000000	1.157166  
2404.000000	1.159209  
2402.000000	1.158616  
2400.000000	1.157987  
2398.000000	1.158038  
2396.000000	1.157502  
2394.000000	1.157431  
2392.000000	1.157190  
2390.000000	1.156533  
2388.000000	1.156063  
2386.000000	1.155838  
2384.000000	1.154859  
2382.000000	1.154001  
2380.000000	1.154326  
2378.000000	1.154321  
2376.000000	1.154083  
2374.000000	1.153352  
2372.000000	1.153616  
2370.000000	1.153822  
2368.000000	1.150674  
2366.000000	1.148140  
2364.000000	1.150059  
2362.000000	1.154614  
2360.000000	1.156118  
2358.000000	1.155037  
2356.000000	1.158994  
2354.000000	1.159672  
2352.000000	1.155913  
2350.000000	1.150811  
2348.000000	1.146752  
2346.000000	1.149158  
2344.000000	1.150993  
2342.000000	1.148095  
2340.000000	1.146293  
2338.000000	1.148310  
2336.000000	1.151800  
2334.000000	1.151448  
2332.000000	1.149130  
2330.000000	1.150725  
2328.000000	1.151845  
2326.000000	1.149897  
2324.000000	1.148083  
2322.000000	1.149769  
2320.000000	1.150617  
2318.000000	1.149484  
2316.000000	1.148831  
2314.000000	1.148095  
2312.000000	1.147799  
2310.000000	1.148618  
2308.000000	1.149149  
2306.000000	1.148325  
2304.000000	1.146821  
2302.000000	1.146427  
2300.000000	1.145841  
2298.000000	1.145231  
2296.000000	1.145394  
2294.000000	1.144982  
2292.000000	1.143771  
2290.000000	1.143055  
2288.000000	1.143960  
2286.000000	1.144860  
2284.000000	1.144501  
2282.000000	1.143804  
2280.000000	1.143556  
2278.000000	1.143824  
2276.000000	1.142938  
2274.000000	1.142050  
2272.000000	1.143455  
2270.000000	1.143716  
2268.000000	1.141697  
2266.000000	1.140996  
2264.000000	1.141359  
2262.000000	1.140873  
2260.000000	1.140653  
2258.000000	1.140673  
2256.000000	1.140239  
2254.000000	1.140092  
2252.000000	1.140485  
2250.000000	1.138489  
2248.000000	1.138662  
2246.000000	1.141052  
2244.000000	1.140794  
2242.000000	1.139715  
2240.000000	1.138873  
2238.000000	1.138164  
2236.000000	1.139011  
2234.000000	1.138274  
2232.000000	1.135927  
2230.000000	1.135204  
2228.000000	1.135251  
2226.000000	1.136327  
2224.000000	1.137043  
2222.000000	1.136626  
2220.000000	1.137327  
2218.000000	1.138677  
2216.000000	1.137523  
2214.000000	1.135970  
2212.000000	1.135687  
2210.000000	1.135699  
2208.000000	1.134761  
2206.000000	1.133717  
2204.000000	1.134820  
2202.000000	1.136150  
2200.000000	1.135664  
2198.000000	1.134792  
2196.000000	1.135343  
2194.000000	1.136157  
2192.000000	1.136142  
2190.000000	1.135240  
2188.000000	1.133311  
2186.000000	1.132433  
2184.000000	1.133486  
2182.000000	1.133387  
2180.000000	1.133437  
2178.000000	1.134978  
2176.000000	1.136086  
2174.000000	1.137278  
2172.000000	1.136039  
2170.000000	1.135323  
2168.000000	1.137514  
2166.000000	1.139609  
2164.000000	1.139676  
2162.000000	1.140058  
2160.000000	1.143431  
2158.000000	1.147028  
2156.000000	1.150763  
2154.000000	1.156930  
2152.000000	1.164208  
2150.000000	1.174201  
2148.000000	1.186131  
2146.000000	1.194114  
2144.000000	1.198519  
2142.000000	1.202897  
2140.000000	1.206761  
2138.000000	1.209388  
2136.000000	1.211656  
2134.000000	1.212007  
2132.000000	1.211471  
2130.000000	1.214803  
2128.000000	1.222260  
2126.000000	1.229880  
2124.000000	1.236725  
2122.000000	1.246544  
2120.000000	1.258795  
2118.000000	1.270481  
2116.000000	1.276298  
2114.000000	1.280062  
2112.000000	1.283570  
2110.000000	1.284995  
2108.000000	1.283827  
2106.000000	1.282295  
2104.000000	1.281156  
2102.000000	1.278251  
2100.000000	1.271461  
2098.000000	1.265408  
2096.000000	1.263056  
2094.000000	1.265467  
2092.000000	1.273821  
2090.000000	1.280581  
2088.000000	1.279143  
2086.000000	1.275819  
2084.000000	1.273936  
2082.000000	1.270475  
2080.000000	1.265751  
2078.000000	1.259905  
2076.000000	1.251062  
2074.000000	1.241691  
2072.000000	1.229244  
2070.000000	1.214153  
2068.000000	1.197952  
2066.000000	1.180308  
2064.000000	1.164911  
2062.000000	1.153293  
2060.000000	1.142884  
2058.000000	1.134081  
2056.000000	1.128542  
2054.000000	1.125618  
2052.000000	1.121678  
2050.000000	1.117055  
2048.000000	1.114632  
2046.000000	1.113110  
2044.000000	1.111666  
2042.000000	1.110533  
2040.000000	1.110228  
2038.000000	1.110229  
2036.000000	1.109496  
2034.000000	1.107835  
2032.000000	1.106182  
2030.000000	1.106415  
2028.000000	1.105755  
2026.000000	1.103789  
2024.000000	1.103552  
2022.000000	1.104472  
2020.000000	1.104456  
2018.000000	1.104139  
2016.000000	1.103514  
2014.000000	1.102782  
2012.000000	1.101285  
2010.000000	1.100516  
2008.000000	1.100599  
2006.000000	1.099800  
2004.000000	1.097498  
2002.000000	1.095708  
2000.000000	1.096312  
1998.000000	1.097248  
1996.000000	1.096195  
1994.000000	1.095214  
1992.000000	1.096262  
1990.000000	1.096203  
1988.000000	1.094313  
1986.000000	1.093615  
1984.000000	1.093909  
1982.000000	1.094168  
1980.000000	1.093579  
1978.000000	1.091974  
1976.000000	1.090576  
1974.000000	1.090247  
1972.000000	1.091241  
1970.000000	1.090319  
1968.000000	1.089716  
1966.000000	1.090039  
1964.000000	1.089141  
1962.000000	1.087805  
1960.000000	1.087693  
1958.000000	1.087285  
1956.000000	1.085824  
1954.000000	1.085374  
1952.000000	1.085390  
1950.000000	1.085234  
1948.000000	1.085857  
1946.000000	1.086077  
1944.000000	1.085131  
1942.000000	1.084757  
1940.000000	1.083058  
1938.000000	1.082592  
1936.000000	1.083094  
1934.000000	1.081480  
1932.000000	1.080392  
1930.000000	1.080588  
1928.000000	1.079919  
1926.000000	1.078314  
1924.000000	1.077804  
1922.000000	1.078027  
1920.000000	1.077543  
1918.000000	1.078615  
1916.000000	1.078543  
1914.000000	1.076739  
1912.000000	1.074543  
1910.000000	1.075913  
1908.000000	1.076795  
1906.000000	1.075172  
1904.000000	1.073828  
1902.000000	1.073061  
1900.000000	1.072333  
1898.000000	1.072680  
1896.000000	1.072614  
1894.000000	1.070071  
1892.000000	1.069414  
1890.000000	1.071399  
1888.000000	1.071142  
1886.000000	1.069029  
1884.000000	1.067652  
1882.000000	1.067061  
1880.000000	1.066589  
1878.000000	1.066816  
1876.000000	1.067499  
1874.000000	1.067147  
1872.000000	1.064803  
1870.000000	1.064418  
1868.000000	1.065695  
1866.000000	1.065081  
1864.000000	1.063475  
1862.000000	1.062657  
1860.000000	1.062473  
1858.000000	1.061173  
1856.000000	1.059569  
1854.000000	1.058443  
1852.000000	1.058441  
1850.000000	1.058778  
1848.000000	1.057911  
1846.000000	1.057502  
1844.000000	1.060254  
1842.000000	1.057640  
1840.000000	1.054375  
1838.000000	1.054575  
1836.000000	1.054881  
1834.000000	1.052928  
1832.000000	1.051025  
1830.000000	1.053591  
1828.000000	1.052943  
1826.000000	1.050172  
1824.000000	1.049618  
1822.000000	1.047978  
1820.000000	1.046936  
1818.000000	1.047268  
1816.000000	1.047686  
1814.000000	1.046047  
1812.000000	1.044511  
1810.000000	1.044284  
1808.000000	1.043936  
1806.000000	1.042252  
1804.000000	1.040342  
1802.000000	1.041120  
1800.000000	1.042053  
1798.000000	1.040550  
1796.000000	1.038810  
1794.000000	1.038085  
1792.000000	1.041337  
1790.000000	1.040477  
1788.000000	1.037042  
1786.000000	1.035353  
1784.000000	1.036261  
1782.000000	1.036479  
1780.000000	1.036804  
1778.000000	1.035709  
1776.000000	1.034282  
1774.000000	1.035755  
1772.000000	1.038703  
1770.000000	1.035624  
1768.000000	1.034096  
1766.000000	1.032202  
1764.000000	1.028979  
1762.000000	1.029849  
1760.000000	1.028848  
1758.000000	1.028495  
1756.000000	1.029111  
1754.000000	1.026328  
1752.000000	1.028007  
1750.000000	1.030095  
1748.000000	1.028173  
1746.000000	1.025327  
1744.000000	1.024841  
1742.000000	1.024305  
1740.000000	1.026085  
1738.000000	1.023604  
1736.000000	1.021473  
1734.000000	1.031194  
1732.000000	1.029254  
1730.000000	1.025189  
1728.000000	1.024660  
1726.000000	1.022657  
1724.000000	1.022108  
1722.000000	1.020790  
1720.000000	1.019435  
1718.000000	1.023685  
1716.000000	1.025264  
1714.000000	1.021295  
1712.000000	1.016872  
1710.000000	1.014567  
1708.000000	1.014560  
1706.000000	1.017205  
1704.000000	1.012432  
1702.000000	1.010172  
1700.000000	1.018181  
1698.000000	1.011774  
1696.000000	1.012888  
1694.000000	1.011316  
1692.000000	1.006278  
1690.000000	1.005781  
1688.000000	1.003520  
1686.000000	1.003016  
1684.000000	1.009765  
1682.000000	1.003967  
1680.000000	0.999260  
1678.000000	0.998594  
1676.000000	1.001422  
1674.000000	1.002171  
1672.000000	0.997706  
1670.000000	1.000418  
1668.000000	0.999634  
1666.000000	0.994149  
1664.000000	0.994064  
1662.000000	0.995161  
1660.000000	0.992058  
1658.000000	0.988727  
1656.000000	0.985128  
1654.000000	0.992931  
1652.000000	0.998659  
1650.000000	0.986840  
1648.000000	0.983669  
1646.000000	0.986714  
1644.000000	0.985281  
1642.000000	0.982712  
1640.000000	0.980930  
1638.000000	0.979857  
1636.000000	0.986833  
1634.000000	0.986691  
1632.000000	0.980381  
1630.000000	0.978276  
1628.000000	0.979126  
1626.000000	0.977514  
1624.000000	0.977992  
1622.000000	0.978184  
1620.000000	0.973400  
1618.000000	0.972870  
1616.000000	0.976736  
1614.000000	0.973364  
1612.000000	0.970401  
1610.000000	0.970458  
1608.000000	0.969504  
1606.000000	0.968098  
1604.000000	0.967507  
1602.000000	0.966978  
1600.000000	0.966287  
1598.000000	0.965137  
1596.000000	0.964445  
1594.000000	0.964245  
1592.000000	0.962583  
1590.000000	0.961115  
1588.000000	0.960659  
1586.000000	0.960500  
1584.000000	0.959505  
1582.000000	0.958110  
1580.000000	0.956156  
1578.000000	0.955043  
1576.000000	0.959939  
1574.000000	0.957948  
1572.000000	0.952851  
1570.000000	0.954956  
1568.000000	0.954744  
1566.000000	0.950512  
1564.000000	0.948369  
1562.000000	0.945341  
1560.000000	0.952620  
1558.000000	0.960417  
1556.000000	0.951076  
1554.000000	0.947771  
1552.000000	0.947200  
1550.000000	0.945672  
1548.000000	0.942054  
1546.000000	0.940751  
1544.000000	0.942530  
1542.000000	0.944059  
1540.000000	0.949269  
1538.000000	0.944593  
1536.000000	0.936648  
1534.000000	0.937628  
1532.000000	0.938055  
1530.000000	0.934563  
1528.000000	0.932484  
1526.000000	0.932083  
1524.000000	0.930173  
1522.000000	0.931861  
1520.000000	0.932627  
1518.000000	0.929670  
1516.000000	0.930173  
1514.000000	0.927599  
1512.000000	0.924828  
1510.000000	0.921655  
1508.000000	0.925098  
1506.000000	0.932521  
1504.000000	0.924651  
1502.000000	0.918051  
1500.000000	0.918213  
1498.000000	0.920796  
1496.000000	0.922845  
1494.000000	0.920978  
1492.000000	0.918985  
1490.000000	0.920099  
1488.000000	0.919051  
1486.000000	0.915289  
1484.000000	0.911630  
1482.000000	0.910569  
1480.000000	0.909881  
1478.000000	0.909114  
1476.000000	0.908722  
1474.000000	0.909985  
1472.000000	0.912762  
1470.000000	0.909662  
1468.000000	0.906570  
1466.000000	0.907233  
1464.000000	0.907759  
1462.000000	0.904428  
1460.000000	0.902742  
1458.000000	0.907992  
1456.000000	0.911139  
1454.000000	0.904762  
1452.000000	0.900964  
1450.000000	0.899509  
1448.000000	0.898818  
1446.000000	0.896787  
1444.000000	0.893849  
1442.000000	0.891496  
1440.000000	0.888648  
1438.000000	0.889109  
1436.000000	0.890578  
1434.000000	0.886392  
1432.000000	0.883199  
1430.000000	0.882701  
1428.000000	0.881482  
1426.000000	0.878810  
1424.000000	0.877352  
1422.000000	0.874613  
1420.000000	0.874631  
1418.000000	0.874779  
1416.000000	0.870796  
1414.000000	0.868169  
1412.000000	0.866925  
1410.000000	0.864738  
1408.000000	0.862421  
1406.000000	0.861912  
1404.000000	0.861468  
1402.000000	0.859950  
1400.000000	0.858959  
1398.000000	0.856729  
1396.000000	0.854757  
1394.000000	0.854517  
1392.000000	0.851193  
1390.000000	0.848256  
1388.000000	0.848548  
1386.000000	0.848099  
1384.000000	0.845131  
1382.000000	0.842377  
1380.000000	0.841005  
1378.000000	0.839095  
1376.000000	0.836967  
1374.000000	0.835993  
1372.000000	0.833845  
1370.000000	0.831705  
1368.000000	0.830538  
1366.000000	0.828309  
1364.000000	0.827098  
1362.000000	0.826061  
1360.000000	0.822824  
1358.000000	0.820482  
1356.000000	0.819285  
1354.000000	0.817448  
1352.000000	0.815692  
1350.000000	0.815016  
1348.000000	0.813575  
1346.000000	0.812061  
1344.000000	0.810743  
1342.000000	0.808984  
1340.000000	0.806899  
1338.000000	0.805205  
1336.000000	0.803219  
1334.000000	0.801670  
1332.000000	0.800481  
1330.000000	0.799134  
1328.000000	0.798214  
1326.000000	0.796853  
1324.000000	0.795089  
1322.000000	0.793170  
1320.000000	0.791776  
1318.000000	0.790494  
1316.000000	0.789013  
1314.000000	0.787799  
1312.000000	0.786218  
1310.000000	0.784171  
1308.000000	0.782605  
1306.000000	0.781062  
1304.000000	0.779294  
1302.000000	0.777691  
1300.000000	0.775873  
1298.000000	0.773996  
1296.000000	0.772640  
1294.000000	0.770805  
1292.000000	0.769130  
1290.000000	0.767124  
1288.000000	0.764688  
1286.000000	0.762143  
1284.000000	0.759720  
1282.000000	0.757886  
1280.000000	0.756505  
1278.000000	0.754430  
1276.000000	0.751991  
1274.000000	0.750451  
1272.000000	0.749039  
1270.000000	0.746899  
1268.000000	0.744058  
1266.000000	0.741815  
1264.000000	0.740670  
1262.000000	0.739636  
1260.000000	0.737700  
1258.000000	0.735580  
1256.000000	0.733631  
1254.000000	0.731270  
1252.000000	0.729016  
1250.000000	0.727756  
1248.000000	0.725869  
1246.000000	0.723732  
1244.000000	0.721387  
1242.000000	0.718863  
1240.000000	0.716969  
1238.000000	0.715225  
1236.000000	0.713178  
1234.000000	0.710858  
1232.000000	0.708272  
1230.000000	0.706461  
1228.000000	0.705344  
1226.000000	0.703534  
1224.000000	0.700582  
1222.000000	0.698020  
1220.000000	0.696433  
1218.000000	0.694673  
1216.000000	0.692187  
1214.000000	0.689875  
1212.000000	0.688622  
1210.000000	0.687338  
1208.000000	0.684949  
1206.000000	0.682672  
1204.000000	0.680997  
1202.000000	0.679387  
1200.000000	0.678226  
1198.000000	0.676902  
1196.000000	0.675273  
1194.000000	0.673376  
1192.000000	0.671096  
1190.000000	0.668649  
1188.000000	0.666785  
1186.000000	0.665063  
1184.000000	0.662684  
1182.000000	0.660540  
1180.000000	0.659465  
1178.000000	0.657582  
1176.000000	0.655157  
1174.000000	0.652688  
1172.000000	0.650106  
1170.000000	0.648036  
1168.000000	0.646275  
1166.000000	0.644098  
1164.000000	0.641551  
1162.000000	0.639691  
1160.000000	0.637879  
1158.000000	0.635408  
1156.000000	0.632867  
1154.000000	0.630451  
1152.000000	0.628809  
1150.000000	0.627591  
1148.000000	0.625604  
1146.000000	0.623304  
1144.000000	0.621379  
1142.000000	0.620029  
1140.000000	0.617866  
1138.000000	0.615619  
1136.000000	0.614199  
1134.000000	0.612576  
1132.000000	0.610303  
1130.000000	0.608038  
1128.000000	0.605792  
1126.000000	0.604543  
1124.000000	0.604420  
1122.000000	0.603820  
1120.000000	0.602245  
1118.000000	0.601191  
1116.000000	0.599793  
1114.000000	0.597143  
1112.000000	0.593327  
1110.000000	0.589107  
1108.000000	0.587327  
1106.000000	0.586919  
1104.000000	0.584452  
1102.000000	0.581403  
1100.000000	0.579482  
1098.000000	0.577010  
1096.000000	0.574153  
1094.000000	0.571403  
1092.000000	0.568332  
1090.000000	0.564742  
1088.000000	0.561891  
1086.000000	0.559756  
1084.000000	0.557534  
1082.000000	0.554976  
1080.000000	0.552837  
1078.000000	0.550717  
1076.000000	0.548345  
1074.000000	0.546237  
1072.000000	0.544734  
1070.000000	0.542799  
1068.000000	0.540184  
1066.000000	0.537419  
1064.000000	0.534938  
1062.000000	0.532522  
1060.000000	0.529949  
1058.000000	0.527851  
1056.000000	0.525301  
1054.000000	0.521897  
1052.000000	0.519430  
1050.000000	0.517500  
1048.000000	0.515128  
1046.000000	0.512445  
1044.000000	0.509307  
1042.000000	0.506784  
1040.000000	0.504742  
1038.000000	0.502883  
1036.000000	0.500837  
1034.000000	0.498427  
1032.000000	0.496220  
1030.000000	0.493907  
1028.000000	0.491225  
1026.000000	0.488476  
1024.000000	0.485835  
1022.000000	0.483350  
1020.000000	0.480648  
1018.000000	0.478099  
1016.000000	0.474704  
1014.000000	0.471397  
1012.000000	0.468550  
1010.000000	0.465496  
1008.000000	0.462591  
1006.000000	0.460040  
1004.000000	0.458007  
1002.000000	0.455394  
1000.000000	0.451965  
998.000000	 0.449265  
996.000000	 0.447149  
994.000000	 0.444910  
992.000000	 0.442416  
990.000000	 0.439892  
988.000000	 0.437424  
986.000000	 0.434969  
984.000000	 0.432615  
982.000000	 0.429780  
980.000000	 0.427248  
978.000000	 0.424834  
976.000000	 0.421912  
974.000000	 0.419292  
972.000000	 0.417019  
970.000000	 0.414628  
968.000000	 0.412012  
966.000000	 0.409006  
964.000000	 0.406391  
962.000000	 0.403946  
960.000000	 0.401602  
958.000000	 0.399205  
956.000000	 0.396691  
954.000000	 0.394270  
952.000000	 0.391516  
950.000000	 0.389050  
948.000000	 0.387183  
946.000000	 0.385056  
944.000000	 0.382786  
942.000000	 0.380578  
940.000000	 0.377915  
938.000000	 0.375676  
936.000000	 0.374265  
934.000000	 0.373057  
932.000000	 0.371860  
930.000000	 0.371435  
928.000000	 0.372307  
926.000000	 0.375495  
924.000000	 0.382860  
922.000000	 0.397096  
920.000000	 0.420894  
918.000000	 0.452624  
916.000000	 0.485066  
914.000000	 0.513986  
912.000000	 0.538743  
910.000000	 0.561265  
908.000000	 0.582023  
906.000000	 0.595414  
904.000000	 0.599816  
902.000000	 0.600883  
900.000000	 0.598420  
898.000000	 0.589267  
896.000000	 0.573105  
894.000000	 0.550539  
892.000000	 0.523122  
890.000000	 0.492709  
888.000000	 0.460786  
886.000000	 0.431250  
884.000000	 0.407166  
882.000000	 0.387853  
880.000000	 0.372892  
878.000000	 0.361777  
876.000000	 0.353279  
874.000000	 0.345960  
872.000000	 0.339946  
870.000000	 0.335108  
868.000000	 0.331490  
866.000000	 0.328981  
864.000000	 0.327247  
862.000000	 0.325842  
860.000000	 0.323535  
858.000000	 0.319780  
856.000000	 0.314794  
854.000000	 0.309754  
852.000000	 0.305802  
850.000000	 0.302220  
848.000000	 0.298547  
846.000000	 0.295463  
844.000000	 0.292929  
842.000000	 0.290381  
840.000000	 0.287524  
838.000000	 0.285060  
836.000000	 0.283085  
834.000000	 0.280390  
832.000000	 0.277042  
830.000000	 0.274967  
828.000000	 0.273463  
826.000000	 0.271792  
824.000000	 0.269899  
822.000000	 0.268614  
820.000000	 0.267680  
818.000000	 0.266310  
816.000000	 0.265033  
814.000000	 0.264330  
812.000000	 0.263480  
810.000000	 0.262532  
808.000000	 0.260141  
806.000000	 0.256157  
804.000000	 0.252184  
802.000000	 0.247909  
800.000000	 0.243949  
798.000000	 0.240691  
796.000000	 0.237544  
794.000000	 0.234605  
792.000000	 0.231956  
790.000000	 0.229218  
788.000000	 0.226673  
786.000000	 0.224433  
784.000000	 0.221670  
782.000000	 0.218936  
780.000000	 0.216579  
778.000000	 0.213895  
776.000000	 0.210740  
774.000000	 0.207590  
772.000000	 0.205147  
770.000000	 0.202293  
768.000000	 0.199407  
766.000000	 0.196798  
764.000000	 0.194475  
762.000000	 0.192017  
760.000000	 0.189998  
758.000000	 0.188052  
756.000000	 0.185920  
754.000000	 0.183449  
752.000000	 0.181577  
750.000000	 0.180694  
748.000000	 0.180435  
746.000000	 0.180734  
744.000000	 0.182352  
742.000000	 0.186223  
740.000000	 0.193033  
738.000000	 0.200788  
736.000000	 0.206894  
734.000000	 0.211325  
732.000000	 0.215720  
730.000000	 0.222035  
728.000000	 0.230763  
726.000000	 0.240915  
724.000000	 0.250972  
722.000000	 0.259820  
720.000000	 0.267630  
718.000000	 0.274433  
716.000000	 0.279766  
714.000000	 0.284406  
712.000000	 0.288610  
710.000000	 0.292940  
708.000000	 0.297445  
706.000000	 0.302173  
704.000000	 0.308247  
702.000000	 0.316810  
700.000000	 0.325998  
698.000000	 0.338288  
696.000000	 0.353020  
694.000000	 0.368841  
692.000000	 0.386538  
690.000000	 0.406212  
688.000000	 0.426912  
686.000000	 0.447583  
684.000000	 0.467181  
682.000000	 0.485008  
680.000000	 0.500906  
678.000000	 0.515913  
676.000000	 0.530226  
674.000000	 0.542830  
672.000000	 0.551159  
670.000000	 0.555049  
668.000000	 0.558276  
666.000000	 0.556064  
664.000000	 0.548754  
662.000000	 0.540407  
660.000000	 0.532184  
658.000000	 0.523746  
656.000000	 0.515851  
654.000000	 0.509411  
652.000000	 0.504750  
650.000000	 0.503302  
648.000000	 0.504869  
646.000000	 0.509639  
644.000000	 0.516224  
642.000000	 0.523938  
640.000000	 0.533225  
638.000000	 0.543517  
636.000000	 0.556124  
634.000000	 0.569514  
632.000000	 0.580400  
630.000000	 0.588346  
628.000000	 0.589677  
626.000000	 0.579503  
624.000000	 0.556827  
622.000000	 0.523443  
620.000000	 0.482412  
618.000000	 0.439169  
616.000000	 0.397040  
614.000000	 0.357931  
612.000000	 0.324163  
610.000000	 0.295037  
608.000000	 0.268892  
606.000000	 0.245017  
604.000000	 0.225430  
602.000000	 0.208840  
600.000000	 0.194987  
598.000000	 0.183640  
596.000000	 0.174578  
594.000000	 0.166402  
592.000000	 0.159046  
590.000000	 0.151968  
588.000000	 0.146157  
586.000000	 0.141376  
584.000000	 0.136831  
582.000000	 0.132477  
580.000000	 0.128960  
578.000000	 0.124400  
576.000000	 0.118553  
574.000000	 0.112971  
572.000000	 0.107400  
570.000000	 0.101109  
568.000000	 0.095994  
566.000000	 0.093014  
564.000000	 0.089568  
562.000000	 0.085417  
560.000000	 0.082349  
558.000000	 0.078583  
556.000000	 0.074478  
554.000000	 0.071821  
552.000000	 0.070284  
550.000000	 0.069086  
548.000000	 0.067559  
546.000000	 0.064752  
544.000000	 0.060667  
542.000000	 0.056904  
540.000000	 0.053674  
538.000000	 0.050933  
536.000000	 0.048255  
534.000000	 0.045393  
532.000000	 0.041796  
530.000000	 0.038710  
528.000000	 0.036289  
526.000000	 0.033859  
524.000000	 0.031151  
522.000000	 0.029674  
520.000000	 0.029156  
518.000000	 0.029070  
516.000000	 0.029536  
514.000000	 0.029851  
512.000000	 0.029681  
510.000000	 0.029484  
508.000000	 0.028899  
506.000000	 0.027468  
504.000000	 0.025947  
502.000000	 0.024365  
500.000000	 0.022871  
498.000000	 0.021418  
496.000000	 0.019820  
494.000000	 0.018249  
492.000000	 0.017347  
490.000000	 0.016887  
488.000000	 0.015394  
486.000000	 0.013067  
484.000000	 0.011275  
482.000000	 0.008505  
480.000000	 0.006352  
478.000000	 0.005164  
476.000000	 0.003077  
474.000000	 0.000243  
472.000000	 -0.001634 
470.000000	 -0.003514 
468.000000	 -0.006464 
466.000000	 -0.009573 
464.000000	 -0.012318 
462.000000	 -0.015841 
460.000000	 -0.018963 
458.000000	 -0.019861 
456.000000	 -0.019982 
454.000000	 -0.021250 
452.000000	 -0.023425 
450.000000	 -0.026337 

