4400.000000	1.301101 
4398.000000	1.309403 
4396.000000	1.305721 
4394.000000	1.295899 
4392.000000	1.290940 
4390.000000	1.295347 
4388.000000	1.295659 
4386.000000	1.292030 
4384.000000	1.297161 
4382.000000	1.301239 
4380.000000	1.298369 
4378.000000	1.293243 
4376.000000	1.291084 
4374.000000	1.292970 
4372.000000	1.298143 
4370.000000	1.307724 
4368.000000	1.310651 
4366.000000	1.304790 
4364.000000	1.307270 
4362.000000	1.309978 
4360.000000	1.307884 
4358.000000	1.302148 
4356.000000	1.293609 
4354.000000	1.293552 
4352.000000	1.307006 
4350.000000	1.307802 
4348.000000	1.295991 
4346.000000	1.291833 
4344.000000	1.298682 
4342.000000	1.304721 
4340.000000	1.301532 
4338.000000	1.299270 
4336.000000	1.299930 
4334.000000	1.297761 
4332.000000	1.294624 
4330.000000	1.296810 
4328.000000	1.301548 
4326.000000	1.301990 
4324.000000	1.297812 
4322.000000	1.299344 
4320.000000	1.302447 
4318.000000	1.298458 
4316.000000	1.300317 
4314.000000	1.305053 
4312.000000	1.303495 
4310.000000	1.303037 
4308.000000	1.307846 
4306.000000	1.305026 
4304.000000	1.302507 
4302.000000	1.299940 
4300.000000	1.296519 
4298.000000	1.292848 
4296.000000	1.297824 
4294.000000	1.305907 
4292.000000	1.306253 
4290.000000	1.299971 
4288.000000	1.296007 
4286.000000	1.290530 
4284.000000	1.293729 
4282.000000	1.303905 
4280.000000	1.304723 
4278.000000	1.298042 
4276.000000	1.300875 
4274.000000	1.307739 
4272.000000	1.306047 
4270.000000	1.298862 
4268.000000	1.298859 
4266.000000	1.308307 
4264.000000	1.314115 
4262.000000	1.311314 
4260.000000	1.305806 
4258.000000	1.299788 
4256.000000	1.294993 
4254.000000	1.291446 
4252.000000	1.299852 
4250.000000	1.307363 
4248.000000	1.303749 
4246.000000	1.295968 
4244.000000	1.291996 
4242.000000	1.291697 
4240.000000	1.296743 
4238.000000	1.300004 
4236.000000	1.302108 
4234.000000	1.298717 
4232.000000	1.293664 
4230.000000	1.295439 
4228.000000	1.303006 
4226.000000	1.303185 
4224.000000	1.295152 
4222.000000	1.293572 
4220.000000	1.304087 
4218.000000	1.312146 
4216.000000	1.304287 
4214.000000	1.291511 
4212.000000	1.291479 
4210.000000	1.298378 
4208.000000	1.303289 
4206.000000	1.305277 
4204.000000	1.304613 
4202.000000	1.300401 
4200.000000	1.297083 
4198.000000	1.296413 
4196.000000	1.298413 
4194.000000	1.300778 
4192.000000	1.300515 
4190.000000	1.294354 
4188.000000	1.291704 
4186.000000	1.292265 
4184.000000	1.291807 
4182.000000	1.294275 
4180.000000	1.299268 
4178.000000	1.294960 
4176.000000	1.288954 
4174.000000	1.293741 
4172.000000	1.301683 
4170.000000	1.297440 
4168.000000	1.291416 
4166.000000	1.292142 
4164.000000	1.293058 
4162.000000	1.296880 
4160.000000	1.305449 
4158.000000	1.308052 
4156.000000	1.301793 
4154.000000	1.296640 
4152.000000	1.292182 
4150.000000	1.294171 
4148.000000	1.302960 
4146.000000	1.303524 
4144.000000	1.291965 
4142.000000	1.289978 
4140.000000	1.295345 
4138.000000	1.295516 
4136.000000	1.289274 
4134.000000	1.290637 
4132.000000	1.290463 
4130.000000	1.287765 
4128.000000	1.291892 
4126.000000	1.298264 
4124.000000	1.294330 
4122.000000	1.286941 
4120.000000	1.289434 
4118.000000	1.296570 
4116.000000	1.300021 
4114.000000	1.301223 
4112.000000	1.299942 
4110.000000	1.297348 
4108.000000	1.292747 
4106.000000	1.291070 
4104.000000	1.298511 
4102.000000	1.306745 
4100.000000	1.299554 
4098.000000	1.290089 
4096.000000	1.290815 
4094.000000	1.294358 
4092.000000	1.293440 
4090.000000	1.287456 
4088.000000	1.287362 
4086.000000	1.291783 
4084.000000	1.286716 
4082.000000	1.284727 
4080.000000	1.283735 
4078.000000	1.282736 
4076.000000	1.284614 
4074.000000	1.289157 
4072.000000	1.292517 
4070.000000	1.295985 
4068.000000	1.293084 
4066.000000	1.289343 
4064.000000	1.290886 
4062.000000	1.292338 
4060.000000	1.289813 
4058.000000	1.289286 
4056.000000	1.292836 
4054.000000	1.294199 
4052.000000	1.292428 
4050.000000	1.295441 
4048.000000	1.294744 
4046.000000	1.289555 
4044.000000	1.289579 
4042.000000	1.290598 
4040.000000	1.291108 
4038.000000	1.293086 
4036.000000	1.286296 
4034.000000	1.280435 
4032.000000	1.287470 
4030.000000	1.288356 
4028.000000	1.283280 
4026.000000	1.287804 
4024.000000	1.297163 
4022.000000	1.295001 
4020.000000	1.281936 
4018.000000	1.282603 
4016.000000	1.292278 
4014.000000	1.297214 
4012.000000	1.295320 
4010.000000	1.290259 
4008.000000	1.285420 
4006.000000	1.286710 
4004.000000	1.287073 
4002.000000	1.290350 
4000.000000	1.293957 
3998.000000	1.292164 
3996.000000	1.294073 
3994.000000	1.295547 
3992.000000	1.288208 
3990.000000	1.280822 
3988.000000	1.280498 
3986.000000	1.285288 
3984.000000	1.291114 
3982.000000	1.287755 
3980.000000	1.285568 
3978.000000	1.284426 
3976.000000	1.280362 
3974.000000	1.277956 
3972.000000	1.281261 
3970.000000	1.288630 
3968.000000	1.296298 
3966.000000	1.292304 
3964.000000	1.284357 
3962.000000	1.285344 
3960.000000	1.287605 
3958.000000	1.290455 
3956.000000	1.291402 
3954.000000	1.292194 
3952.000000	1.293886 
3950.000000	1.293533 
3948.000000	1.294720 
3946.000000	1.289888 
3944.000000	1.278976 
3942.000000	1.276488 
3940.000000	1.287739 
3938.000000	1.297360 
3936.000000	1.292560 
3934.000000	1.282807 
3932.000000	1.284397 
3930.000000	1.288664 
3928.000000	1.284520 
3926.000000	1.284291 
3924.000000	1.287956 
3922.000000	1.286871 
3920.000000	1.286210 
3918.000000	1.279539 
3916.000000	1.281600 
3914.000000	1.284347 
3912.000000	1.283771 
3910.000000	1.284295 
3908.000000	1.289377 
3906.000000	1.291653 
3904.000000	1.293190 
3902.000000	1.286364 
3900.000000	1.281251 
3898.000000	1.284171 
3896.000000	1.284391 
3894.000000	1.285678 
3892.000000	1.295606 
3890.000000	1.293717 
3888.000000	1.283429 
3886.000000	1.279384 
3884.000000	1.273316 
3882.000000	1.278201 
3880.000000	1.288968 
3878.000000	1.289113 
3876.000000	1.290221 
3874.000000	1.279126 
3872.000000	1.266919 
3870.000000	1.281324 
3868.000000	1.281875 
3866.000000	1.277562 
3864.000000	1.276163 
3862.000000	1.279957 
3860.000000	1.289896 
3858.000000	1.285282 
3856.000000	1.277550 
3854.000000	1.284259 
3852.000000	1.283755 
3850.000000	1.277952 
3848.000000	1.281042 
3846.000000	1.286412 
3844.000000	1.290659 
3842.000000	1.278610 
3840.000000	1.265471 
3838.000000	1.270149 
3836.000000	1.281208 
3834.000000	1.290031 
3832.000000	1.289464 
3830.000000	1.276292 
3828.000000	1.275411 
3826.000000	1.279118 
3824.000000	1.269376 
3822.000000	1.275919 
3820.000000	1.276970 
3818.000000	1.271414 
3816.000000	1.284769 
3814.000000	1.286182 
3812.000000	1.280390 
3810.000000	1.269413 
3808.000000	1.273386 
3806.000000	1.285085 
3804.000000	1.280040 
3802.000000	1.287199 
3800.000000	1.283540 
3798.000000	1.276789 
3796.000000	1.282492 
3794.000000	1.280026 
3792.000000	1.276989 
3790.000000	1.277358 
3788.000000	1.279865 
3786.000000	1.281376 
3784.000000	1.280224 
3782.000000	1.278150 
3780.000000	1.281976 
3778.000000	1.281889 
3776.000000	1.279754 
3774.000000	1.282228 
3772.000000	1.278620 
3770.000000	1.274908 
3768.000000	1.269569 
3766.000000	1.272128 
3764.000000	1.270134 
3762.000000	1.268010 
3760.000000	1.274399 
3758.000000	1.279083 
3756.000000	1.276263 
3754.000000	1.271114 
3752.000000	1.269650 
3750.000000	1.265362 
3748.000000	1.261152 
3746.000000	1.274228 
3744.000000	1.300364 
3742.000000	1.288622 
3740.000000	1.271842 
3738.000000	1.260390 
3736.000000	1.265980 
3734.000000	1.276801 
3732.000000	1.280088 
3730.000000	1.273459 
3728.000000	1.271908 
3726.000000	1.276609 
3724.000000	1.277205 
3722.000000	1.277134 
3720.000000	1.272361 
3718.000000	1.267521 
3716.000000	1.265339 
3714.000000	1.273473 
3712.000000	1.286634 
3710.000000	1.284285 
3708.000000	1.269332 
3706.000000	1.264396 
3704.000000	1.273424 
3702.000000	1.288809 
3700.000000	1.290706 
3698.000000	1.286276 
3696.000000	1.279372 
3694.000000	1.274393 
3692.000000	1.277571 
3690.000000	1.283135 
3688.000000	1.282970 
3686.000000	1.278351 
3684.000000	1.282573 
3682.000000	1.288535 
3680.000000	1.281762 
3678.000000	1.269881 
3676.000000	1.268734 
3674.000000	1.267820 
3672.000000	1.278388 
3670.000000	1.290413 
3668.000000	1.278813 
3666.000000	1.277389 
3664.000000	1.283538 
3662.000000	1.281869 
3660.000000	1.278101 
3658.000000	1.280279 
3656.000000	1.287105 
3654.000000	1.283244 
3652.000000	1.281879 
3650.000000	1.282434 
3648.000000	1.280147 
3646.000000	1.277058 
3644.000000	1.275717 
3642.000000	1.282593 
3640.000000	1.287727 
3638.000000	1.284771 
3636.000000	1.279547 
3634.000000	1.279906 
3632.000000	1.276259 
3630.000000	1.280500 
3628.000000	1.287095 
3626.000000	1.281198 
3624.000000	1.277044 
3622.000000	1.275755 
3620.000000	1.282404 
3618.000000	1.282632 
3616.000000	1.272345 
3614.000000	1.274997 
3612.000000	1.285226 
3610.000000	1.291301 
3608.000000	1.289200 
3606.000000	1.279431 
3604.000000	1.276449 
3602.000000	1.281419 
3600.000000	1.286658 
3598.000000	1.283077 
3596.000000	1.275829 
3594.000000	1.275468 
3592.000000	1.277626 
3590.000000	1.280889 
3588.000000	1.289724 
3586.000000	1.287027 
3584.000000	1.279250 
3582.000000	1.281865 
3580.000000	1.288415 
3578.000000	1.286724 
3576.000000	1.279644 
3574.000000	1.272850 
3572.000000	1.270348 
3570.000000	1.273529 
3568.000000	1.281451 
3566.000000	1.282813 
3564.000000	1.276617 
3562.000000	1.275247 
3560.000000	1.275029 
3558.000000	1.275837 
3556.000000	1.281022 
3554.000000	1.276576 
3552.000000	1.274609 
3550.000000	1.281720 
3548.000000	1.286903 
3546.000000	1.282416 
3544.000000	1.275442 
3542.000000	1.273712 
3540.000000	1.276881 
3538.000000	1.280662 
3536.000000	1.283113 
3534.000000	1.277107 
3532.000000	1.276903 
3530.000000	1.282148 
3528.000000	1.279516 
3526.000000	1.271714 
3524.000000	1.275673 
3522.000000	1.278164 
3520.000000	1.278139 
3518.000000	1.285450 
3516.000000	1.285129 
3514.000000	1.273837 
3512.000000	1.270255 
3510.000000	1.275483 
3508.000000	1.280243 
3506.000000	1.281677 
3504.000000	1.281483 
3502.000000	1.278646 
3500.000000	1.275341 
3498.000000	1.276408 
3496.000000	1.279906 
3494.000000	1.279620 
3492.000000	1.276625 
3490.000000	1.277464 
3488.000000	1.284217 
3486.000000	1.286997 
3484.000000	1.282515 
3482.000000	1.276529 
3480.000000	1.277107 
3478.000000	1.282361 
3476.000000	1.286829 
3474.000000	1.280984 
3472.000000	1.272964 
3470.000000	1.273092 
3468.000000	1.276750 
3466.000000	1.279065 
3464.000000	1.278746 
3462.000000	1.274841 
3460.000000	1.275651 
3458.000000	1.279766 
3456.000000	1.282238 
3454.000000	1.280058 
3452.000000	1.271958 
3450.000000	1.268899 
3448.000000	1.277528 
3446.000000	1.284241 
3444.000000	1.282442 
3442.000000	1.278791 
3440.000000	1.275228 
3438.000000	1.274276 
3436.000000	1.274746 
3434.000000	1.280889 
3432.000000	1.286018 
3430.000000	1.283228 
3428.000000	1.278115 
3426.000000	1.274559 
3424.000000	1.275825 
3422.000000	1.279084 
3420.000000	1.275192 
3418.000000	1.268578 
3416.000000	1.271542 
3414.000000	1.278433 
3412.000000	1.275862 
3410.000000	1.268365 
3408.000000	1.268110 
3406.000000	1.271033 
3404.000000	1.271522 
3402.000000	1.272287 
3400.000000	1.272446 
3398.000000	1.269671 
3396.000000	1.269598 
3394.000000	1.274561 
3392.000000	1.273174 
3390.000000	1.270664 
3388.000000	1.273687 
3386.000000	1.279922 
3384.000000	1.282026 
3382.000000	1.275155 
3380.000000	1.265558 
3378.000000	1.264008 
3376.000000	1.268938 
3374.000000	1.272927 
3372.000000	1.268509 
3370.000000	1.266521 
3368.000000	1.267994 
3366.000000	1.265866 
3364.000000	1.267824 
3362.000000	1.273529 
3360.000000	1.268144 
3358.000000	1.260578 
3356.000000	1.259992 
3354.000000	1.267966 
3352.000000	1.272772 
3350.000000	1.264685 
3348.000000	1.258827 
3346.000000	1.264548 
3344.000000	1.272415 
3342.000000	1.274358 
3340.000000	1.268428 
3338.000000	1.261545 
3336.000000	1.263267 
3334.000000	1.268945 
3332.000000	1.269623 
3330.000000	1.268663 
3328.000000	1.267705 
3326.000000	1.268046 
3324.000000	1.268365 
3322.000000	1.269167 
3320.000000	1.266841 
3318.000000	1.262273 
3316.000000	1.259365 
3314.000000	1.264765 
3312.000000	1.267436 
3310.000000	1.266609 
3308.000000	1.266380 
3306.000000	1.265522 
3304.000000	1.259918 
3302.000000	1.255775 
3300.000000	1.261632 
3298.000000	1.271530 
3296.000000	1.271078 
3294.000000	1.264432 
3292.000000	1.260648 
3290.000000	1.262787 
3288.000000	1.267837 
3286.000000	1.268140 
3284.000000	1.263474 
3282.000000	1.263362 
3280.000000	1.264904 
3278.000000	1.264525 
3276.000000	1.260978 
3274.000000	1.257059 
3272.000000	1.262448 
3270.000000	1.269488 
3268.000000	1.271621 
3266.000000	1.268244 
3264.000000	1.258632 
3262.000000	1.258328 
3260.000000	1.263953 
3258.000000	1.259721 
3256.000000	1.253180 
3254.000000	1.256913 
3252.000000	1.261434 
3250.000000	1.262542 
3248.000000	1.256657 
3246.000000	1.249057 
3244.000000	1.251701 
3242.000000	1.262417 
3240.000000	1.267385 
3238.000000	1.263888 
3236.000000	1.258502 
3234.000000	1.255861 
3232.000000	1.254696 
3230.000000	1.256459 
3228.000000	1.262552 
3226.000000	1.261541 
3224.000000	1.259305 
3222.000000	1.262319 
3220.000000	1.263846 
3218.000000	1.257709 
3216.000000	1.252478 
3214.000000	1.251250 
3212.000000	1.253004 
3210.000000	1.258277 
3208.000000	1.262834 
3206.000000	1.258653 
3204.000000	1.249636 
3202.000000	1.242859 
3200.000000	1.243949 
3198.000000	1.250654 
3196.000000	1.256509 
3194.000000	1.254044 
3192.000000	1.254445 
3190.000000	1.260752 
3188.000000	1.259429 
3186.000000	1.253808 
3184.000000	1.253843 
3182.000000	1.253882 
3180.000000	1.252973 
3178.000000	1.256076 
3176.000000	1.261099 
3174.000000	1.259104 
3172.000000	1.253594 
3170.000000	1.249658 
3168.000000	1.248420 
3166.000000	1.255205 
3164.000000	1.262772 
3162.000000	1.253837 
3160.000000	1.245509 
3158.000000	1.247917 
3156.000000	1.250665 
3154.000000	1.250190 
3152.000000	1.251044 
3150.000000	1.248824 
3148.000000	1.248247 
3146.000000	1.252038 
3144.000000	1.255652 
3142.000000	1.250699 
3140.000000	1.246230 
3138.000000	1.248710 
3136.000000	1.251165 
3134.000000	1.251673 
3132.000000	1.253245 
3130.000000	1.251801 
3128.000000	1.252472 
3126.000000	1.254159 
3124.000000	1.251426 
3122.000000	1.250236 
3120.000000	1.254676 
3118.000000	1.258750 
3116.000000	1.253357 
3114.000000	1.244154 
3112.000000	1.241257 
3110.000000	1.241169 
3108.000000	1.244376 
3106.000000	1.247582 
3104.000000	1.249599 
3102.000000	1.245748 
3100.000000	1.241837 
3098.000000	1.241326 
3096.000000	1.244114 
3094.000000	1.246199 
3092.000000	1.247335 
3090.000000	1.245903 
3088.000000	1.247518 
3086.000000	1.249509 
3084.000000	1.251067 
3082.000000	1.248600 
3080.000000	1.242602 
3078.000000	1.242070 
3076.000000	1.248401 
3074.000000	1.254942 
3072.000000	1.253797 
3070.000000	1.243397 
3068.000000	1.237717 
3066.000000	1.241281 
3064.000000	1.244932 
3062.000000	1.247207 
3060.000000	1.243501 
3058.000000	1.237037 
3056.000000	1.237601 
3054.000000	1.242846 
3052.000000	1.241223 
3050.000000	1.238991 
3048.000000	1.239464 
3046.000000	1.238582 
3044.000000	1.242198 
3042.000000	1.246170 
3040.000000	1.240360 
3038.000000	1.234795 
3036.000000	1.237608 
3034.000000	1.241470 
3032.000000	1.242982 
3030.000000	1.244514 
3028.000000	1.244348 
3026.000000	1.242048 
3024.000000	1.241201 
3022.000000	1.242602 
3020.000000	1.243035 
3018.000000	1.242707 
3016.000000	1.243216 
3014.000000	1.243383 
3012.000000	1.242529 
3010.000000	1.240572 
3008.000000	1.232354 
3006.000000	1.227840 
3004.000000	1.234612 
3002.000000	1.242059 
3000.000000	1.240563 
2998.000000	1.238057 
2996.000000	1.237926 
2994.000000	1.237826 
2992.000000	1.234069 
2990.000000	1.232628 
2988.000000	1.235210 
2986.000000	1.240668 
2984.000000	1.245016 
2982.000000	1.244350 
2980.000000	1.240693 
2978.000000	1.237653 
2976.000000	1.235060 
2974.000000	1.236911 
2972.000000	1.244545 
2970.000000	1.248991 
2968.000000	1.243219 
2966.000000	1.235826 
2964.000000	1.234525 
2962.000000	1.236709 
2960.000000	1.237551 
2958.000000	1.239271 
2956.000000	1.236830 
2954.000000	1.233599 
2952.000000	1.237556 
2950.000000	1.240614 
2948.000000	1.235660 
2946.000000	1.229843 
2944.000000	1.227496 
2942.000000	1.235879 
2940.000000	1.246864 
2938.000000	1.244098 
2936.000000	1.234530 
2934.000000	1.232345 
2932.000000	1.236252 
2930.000000	1.245016 
2928.000000	1.249586 
2926.000000	1.246776 
2924.000000	1.241266 
2922.000000	1.238407 
2920.000000	1.238324 
2918.000000	1.239609 
2916.000000	1.239406 
2914.000000	1.240237 
2912.000000	1.237479 
2910.000000	1.234923 
2908.000000	1.238218 
2906.000000	1.236090 
2904.000000	1.227034 
2902.000000	1.224556 
2900.000000	1.226853 
2898.000000	1.228138 
2896.000000	1.232012 
2894.000000	1.234315 
2892.000000	1.227579 
2890.000000	1.220827 
2888.000000	1.223897 
2886.000000	1.229042 
2884.000000	1.227483 
2882.000000	1.227090 
2880.000000	1.230078 
2878.000000	1.234374 
2876.000000	1.234648 
2874.000000	1.229897 
2872.000000	1.225276 
2870.000000	1.229927 
2868.000000	1.235527 
2866.000000	1.233905 
2864.000000	1.228696 
2862.000000	1.227408 
2860.000000	1.228979 
2858.000000	1.226106 
2856.000000	1.222695 
2854.000000	1.222231 
2852.000000	1.222111 
2850.000000	1.226131 
2848.000000	1.231773 
2846.000000	1.227630 
2844.000000	1.216761 
2842.000000	1.212285 
2840.000000	1.219849 
2838.000000	1.230592 
2836.000000	1.228316 
2834.000000	1.218711 
2832.000000	1.218372 
2830.000000	1.221127 
2828.000000	1.222777 
2826.000000	1.221530 
2824.000000	1.219516 
2822.000000	1.219097 
2820.000000	1.219452 
2818.000000	1.221723 
2816.000000	1.224258 
2814.000000	1.220516 
2812.000000	1.214238 
2810.000000	1.212306 
2808.000000	1.216506 
2806.000000	1.221696 
2804.000000	1.219172 
2802.000000	1.212698 
2800.000000	1.210912 
2798.000000	1.212409 
2796.000000	1.214587 
2794.000000	1.217854 
2792.000000	1.219964 
2790.000000	1.218427 
2788.000000	1.215251 
2786.000000	1.214100 
2784.000000	1.216501 
2782.000000	1.214263 
2780.000000	1.214957 
2778.000000	1.218062 
2776.000000	1.219684 
2774.000000	1.220179 
2772.000000	1.218800 
2770.000000	1.212687 
2768.000000	1.210976 
2766.000000	1.211589 
2764.000000	1.214491 
2762.000000	1.217992 
2760.000000	1.219428 
2758.000000	1.213868 
2756.000000	1.207408 
2754.000000	1.209576 
2752.000000	1.213031 
2750.000000	1.207965 
2748.000000	1.207643 
2746.000000	1.215403 
2744.000000	1.216896 
2742.000000	1.209865 
2740.000000	1.203866 
2738.000000	1.203967 
2736.000000	1.211532 
2734.000000	1.218869 
2732.000000	1.215387 
2730.000000	1.205863 
2728.000000	1.204735 
2726.000000	1.209571 
2724.000000	1.210941 
2722.000000	1.207588 
2720.000000	1.205810 
2718.000000	1.206159 
2716.000000	1.211789 
2714.000000	1.215205 
2712.000000	1.209981 
2710.000000	1.201765 
2708.000000	1.202685 
2706.000000	1.207369 
2704.000000	1.210853 
2702.000000	1.210364 
2700.000000	1.206382 
2698.000000	1.203179 
2696.000000	1.202268 
2694.000000	1.202383 
2692.000000	1.203467 
2690.000000	1.203649 
2688.000000	1.202057 
2686.000000	1.200021 
2684.000000	1.201717 
2682.000000	1.206317 
2680.000000	1.203819 
2678.000000	1.200221 
2676.000000	1.202052 
2674.000000	1.202034 
2672.000000	1.203169 
2670.000000	1.205363 
2668.000000	1.203057 
2666.000000	1.197317 
2664.000000	1.196824 
2662.000000	1.201186 
2660.000000	1.206946 
2658.000000	1.206138 
2656.000000	1.199067 
2654.000000	1.192357 
2652.000000	1.194838 
2650.000000	1.201442 
2648.000000	1.198710 
2646.000000	1.194762 
2644.000000	1.198181 
2642.000000	1.199236 
2640.000000	1.197784 
2638.000000	1.197906 
2636.000000	1.196780 
2634.000000	1.195217 
2632.000000	1.197418 
2630.000000	1.199932 
2628.000000	1.197740 
2626.000000	1.196863 
2624.000000	1.196934 
2622.000000	1.197631 
2620.000000	1.197091 
2618.000000	1.197387 
2616.000000	1.197063 
2614.000000	1.198060 
2612.000000	1.199581 
2610.000000	1.196933 
2608.000000	1.190021 
2606.000000	1.190364 
2604.000000	1.193819 
2602.000000	1.194572 
2600.000000	1.194956 
2598.000000	1.195372 
2596.000000	1.190923 
2594.000000	1.187418 
2592.000000	1.189662 
2590.000000	1.192573 
2588.000000	1.194226 
2586.000000	1.193365 
2584.000000	1.190496 
2582.000000	1.192469 
2580.000000	1.194587 
2578.000000	1.191112 
2576.000000	1.188329 
2574.000000	1.189513 
2572.000000	1.191897 
2570.000000	1.194608 
2568.000000	1.195128 
2566.000000	1.192471 
2564.000000	1.186218 
2562.000000	1.184543 
2560.000000	1.187646 
2558.000000	1.190865 
2556.000000	1.190942 
2554.000000	1.189622 
2552.000000	1.186112 
2550.000000	1.187694 
2548.000000	1.192342 
2546.000000	1.189711 
2544.000000	1.181686 
2542.000000	1.182369 
2540.000000	1.186409 
2538.000000	1.189559 
2536.000000	1.191616 
2534.000000	1.187328 
2532.000000	1.181021 
2530.000000	1.183504 
2528.000000	1.188531 
2526.000000	1.187442 
2524.000000	1.183549 
2522.000000	1.183073 
2520.000000	1.183149 
2518.000000	1.181996 
2516.000000	1.181516 
2514.000000	1.182671 
2512.000000	1.184904 
2510.000000	1.187933 
2508.000000	1.186309 
2506.000000	1.183059 
2504.000000	1.183765 
2502.000000	1.183851 
2500.000000	1.180105 
2498.000000	1.180939 
2496.000000	1.183730 
2494.000000	1.184231 
2492.000000	1.181988 
2490.000000	1.183397 
2488.000000	1.184023 
2486.000000	1.181561 
2484.000000	1.182049 
2482.000000	1.185091 
2480.000000	1.182969 
2478.000000	1.180053 
2476.000000	1.179625 
2474.000000	1.177080 
2472.000000	1.175601 
2470.000000	1.176053 
2468.000000	1.177557 
2466.000000	1.183092 
2464.000000	1.186645 
2462.000000	1.179871 
2460.000000	1.173134 
2458.000000	1.175277 
2456.000000	1.182941 
2454.000000	1.184763 
2452.000000	1.182084 
2450.000000	1.179735 
2448.000000	1.179114 
2446.000000	1.177296 
2444.000000	1.174955 
2442.000000	1.173467 
2440.000000	1.171391 
2438.000000	1.173358 
2436.000000	1.178547 
2434.000000	1.183685 
2432.000000	1.180141 
2430.000000	1.167485 
2428.000000	1.163251 
2426.000000	1.171341 
2424.000000	1.176376 
2422.000000	1.174460 
2420.000000	1.171851 
2418.000000	1.169738 
2416.000000	1.167296 
2414.000000	1.166483 
2412.000000	1.168187 
2410.000000	1.168598 
2408.000000	1.170408 
2406.000000	1.172570 
2404.000000	1.172439 
2402.000000	1.171888 
2400.000000	1.170703 
2398.000000	1.165345 
2396.000000	1.168155 
2394.000000	1.174112 
2392.000000	1.173202 
2390.000000	1.170729 
2388.000000	1.170160 
2386.000000	1.166481 
2384.000000	1.162468 
2382.000000	1.163744 
2380.000000	1.168082 
2378.000000	1.165139 
2376.000000	1.159321 
2374.000000	1.156833 
2372.000000	1.152713 
2370.000000	1.146610 
2368.000000	1.145087 
2366.000000	1.143690 
2364.000000	1.149254 
2362.000000	1.164190 
2360.000000	1.165271 
2358.000000	1.153150 
2356.000000	1.149212 
2354.000000	1.153429 
2352.000000	1.159413 
2350.000000	1.161527 
2348.000000	1.162897 
2346.000000	1.161144 
2344.000000	1.160423 
2342.000000	1.164495 
2340.000000	1.159110 
2338.000000	1.145210 
2336.000000	1.142671 
2334.000000	1.153094 
2332.000000	1.165086 
2330.000000	1.158683 
2328.000000	1.143951 
2326.000000	1.139066 
2324.000000	1.150278 
2322.000000	1.160597 
2320.000000	1.157405 
2318.000000	1.150233 
2316.000000	1.151861 
2314.000000	1.156478 
2312.000000	1.159016 
2310.000000	1.158900 
2308.000000	1.153895 
2306.000000	1.150981 
2304.000000	1.156432 
2302.000000	1.162323 
2300.000000	1.163233 
2298.000000	1.161779 
2296.000000	1.158179 
2294.000000	1.155863 
2292.000000	1.158275 
2290.000000	1.158791 
2288.000000	1.160311 
2286.000000	1.162686 
2284.000000	1.160368 
2282.000000	1.153673 
2280.000000	1.154089 
2278.000000	1.159391 
2276.000000	1.159824 
2274.000000	1.156502 
2272.000000	1.160538 
2270.000000	1.166942 
2268.000000	1.165529 
2266.000000	1.160978 
2264.000000	1.159303 
2262.000000	1.161716 
2260.000000	1.169357 
2258.000000	1.172450 
2256.000000	1.168335 
2254.000000	1.165758 
2252.000000	1.164825 
2250.000000	1.166363 
2248.000000	1.171083 
2246.000000	1.174932 
2244.000000	1.172738 
2242.000000	1.171707 
2240.000000	1.176068 
2238.000000	1.175666 
2236.000000	1.166576 
2234.000000	1.162701 
2232.000000	1.166144 
2230.000000	1.171384 
2228.000000	1.173874 
2226.000000	1.172182 
2224.000000	1.165141 
2222.000000	1.162560 
2220.000000	1.162603 
2218.000000	1.163048 
2216.000000	1.163225 
2214.000000	1.163061 
2212.000000	1.167908 
2210.000000	1.173724 
2208.000000	1.175133 
2206.000000	1.171073 
2204.000000	1.164507 
2202.000000	1.168215 
2200.000000	1.180547 
2198.000000	1.185407 
2196.000000	1.181535 
2194.000000	1.174752 
2192.000000	1.170387 
2190.000000	1.176151 
2188.000000	1.180570 
2186.000000	1.179408 
2184.000000	1.177851 
2182.000000	1.175179 
2180.000000	1.174447 
2178.000000	1.176191 
2176.000000	1.173224 
2174.000000	1.170451 
2172.000000	1.169423 
2170.000000	1.173079 
2168.000000	1.177980 
2166.000000	1.178558 
2164.000000	1.176895 
2162.000000	1.174904 
2160.000000	1.170497 
2158.000000	1.175158 
2156.000000	1.187379 
2154.000000	1.196794 
2152.000000	1.199800 
2150.000000	1.201350 
2148.000000	1.206947 
2146.000000	1.216207 
2144.000000	1.225078 
2142.000000	1.228730 
2140.000000	1.227071 
2138.000000	1.230047 
2136.000000	1.235544 
2134.000000	1.231704 
2132.000000	1.224376 
2130.000000	1.225519 
2128.000000	1.230302 
2126.000000	1.242155 
2124.000000	1.253162 
2122.000000	1.255140 
2120.000000	1.258666 
2118.000000	1.269488 
2116.000000	1.277071 
2114.000000	1.280028 
2112.000000	1.278388 
2110.000000	1.280374 
2108.000000	1.282603 
2106.000000	1.285390 
2104.000000	1.281190 
2102.000000	1.267596 
2100.000000	1.259788 
2098.000000	1.261205 
2096.000000	1.261831 
2094.000000	1.267222 
2092.000000	1.276809 
2090.000000	1.277868 
2088.000000	1.273761 
2086.000000	1.271567 
2084.000000	1.267593 
2082.000000	1.262067 
2080.000000	1.254849 
2078.000000	1.245539 
2076.000000	1.241477 
2074.000000	1.236213 
2072.000000	1.221678 
2070.000000	1.200992 
2068.000000	1.186600 
2066.000000	1.178035 
2064.000000	1.167652 
2062.000000	1.155654 
2060.000000	1.143199 
2058.000000	1.132616 
2056.000000	1.127702 
2054.000000	1.128524 
2052.000000	1.126525 
2050.000000	1.121140 
2048.000000	1.118875 
2046.000000	1.119232 
2044.000000	1.119057 
2042.000000	1.119155 
2040.000000	1.115344 
2038.000000	1.109268 
2036.000000	1.110076 
2034.000000	1.113743 
2032.000000	1.112956 
2030.000000	1.111251 
2028.000000	1.108768 
2026.000000	1.103325 
2024.000000	1.104214 
2022.000000	1.109100 
2020.000000	1.108904 
2018.000000	1.102889 
2016.000000	1.099460 
2014.000000	1.099441 
2012.000000	1.100560 
2010.000000	1.101989 
2008.000000	1.102603 
2006.000000	1.101075 
2004.000000	1.101290 
2002.000000	1.101247 
2000.000000	1.097908 
1998.000000	1.096221 
1996.000000	1.098057 
1994.000000	1.097900 
1992.000000	1.097856 
1990.000000	1.100688 
1988.000000	1.101123 
1986.000000	1.098575 
1984.000000	1.097436 
1982.000000	1.095525 
1980.000000	1.091965 
1978.000000	1.092083 
1976.000000	1.094730 
1974.000000	1.094030 
1972.000000	1.092313 
1970.000000	1.090803 
1968.000000	1.087833 
1966.000000	1.085107 
1964.000000	1.086826 
1962.000000	1.088528 
1960.000000	1.090020 
1958.000000	1.090103 
1956.000000	1.085627 
1954.000000	1.079218 
1952.000000	1.080486 
1950.000000	1.085800 
1948.000000	1.088471 
1946.000000	1.085564 
1944.000000	1.082035 
1942.000000	1.081771 
1940.000000	1.084241 
1938.000000	1.083350 
1936.000000	1.078241 
1934.000000	1.076233 
1932.000000	1.080156 
1930.000000	1.083122 
1928.000000	1.082363 
1926.000000	1.077991 
1924.000000	1.071669 
1922.000000	1.070515 
1920.000000	1.076582 
1918.000000	1.081125 
1916.000000	1.075056 
1914.000000	1.071062 
1912.000000	1.072076 
1910.000000	1.071634 
1908.000000	1.070253 
1906.000000	1.069750 
1904.000000	1.068946 
1902.000000	1.068549 
1900.000000	1.071950 
1898.000000	1.073514 
1896.000000	1.070913 
1894.000000	1.066831 
1892.000000	1.062043 
1890.000000	1.061711 
1888.000000	1.068137 
1886.000000	1.071129 
1884.000000	1.067021 
1882.000000	1.062290 
1880.000000	1.061333 
1878.000000	1.061294 
1876.000000	1.063295 
1874.000000	1.065456 
1872.000000	1.061627 
1870.000000	1.056914 
1868.000000	1.056970 
1866.000000	1.058425 
1864.000000	1.057925 
1862.000000	1.054876 
1860.000000	1.052729 
1858.000000	1.053753 
1856.000000	1.054536 
1854.000000	1.054172 
1852.000000	1.051136 
1850.000000	1.050019 
1848.000000	1.051954 
1846.000000	1.051069 
1844.000000	1.052569 
1842.000000	1.054296 
1840.000000	1.050858 
1838.000000	1.047392 
1836.000000	1.048676 
1834.000000	1.050280 
1832.000000	1.046983 
1830.000000	1.045548 
1828.000000	1.048095 
1826.000000	1.049787 
1824.000000	1.047276 
1822.000000	1.040250 
1820.000000	1.035575 
1818.000000	1.038038 
1816.000000	1.043048 
1814.000000	1.042266 
1812.000000	1.037654 
1810.000000	1.035140 
1808.000000	1.034974 
1806.000000	1.037857 
1804.000000	1.037494 
1802.000000	1.034499 
1800.000000	1.033421 
1798.000000	1.035975 
1796.000000	1.036660 
1794.000000	1.034496 
1792.000000	1.032341 
1790.000000	1.031241 
1788.000000	1.030293 
1786.000000	1.034887 
1784.000000	1.038267 
1782.000000	1.033416 
1780.000000	1.028982 
1778.000000	1.027224 
1776.000000	1.021967 
1774.000000	1.019261 
1772.000000	1.024978 
1770.000000	1.024109 
1768.000000	1.020162 
1766.000000	1.020808 
1764.000000	1.021802 
1762.000000	1.022533 
1760.000000	1.018644 
1758.000000	1.014670 
1756.000000	1.015758 
1754.000000	1.017253 
1752.000000	1.021461 
1750.000000	1.021721 
1748.000000	1.016304 
1746.000000	1.013418 
1744.000000	1.013410 
1742.000000	1.016131 
1740.000000	1.020987 
1738.000000	1.017552 
1736.000000	1.006352 
1734.000000	1.013136 
1732.000000	1.019408 
1730.000000	1.016085 
1728.000000	1.011931 
1726.000000	1.010553 
1724.000000	1.013197 
1722.000000	1.012206 
1720.000000	1.006704 
1718.000000	1.003570 
1716.000000	1.002736 
1714.000000	1.004237 
1712.000000	1.003767 
1710.000000	1.002146 
1708.000000	1.001812 
1706.000000	1.001889 
1704.000000	0.998456 
1702.000000	0.994023 
1700.000000	0.997449 
1698.000000	0.992003 
1696.000000	0.992836 
1694.000000	0.998096 
1692.000000	0.999101 
1690.000000	0.997580 
1688.000000	0.989307 
1686.000000	0.979424 
1684.000000	0.985549 
1682.000000	0.993952 
1680.000000	0.993971 
1678.000000	0.989276 
1676.000000	0.984027 
1674.000000	0.982532 
1672.000000	0.980777 
1670.000000	0.985821 
1668.000000	0.984891 
1666.000000	0.976722 
1664.000000	0.975108 
1662.000000	0.982100 
1660.000000	0.983492 
1658.000000	0.976852 
1656.000000	0.965137 
1654.000000	0.959361 
1652.000000	0.971789 
1650.000000	0.972838 
1648.000000	0.971036 
1646.000000	0.971274 
1644.000000	0.970951 
1642.000000	0.967647 
1640.000000	0.966136 
1638.000000	0.965571 
1636.000000	0.968291 
1634.000000	0.966483 
1632.000000	0.964814 
1630.000000	0.966267 
1628.000000	0.967062 
1626.000000	0.960657 
1624.000000	0.956131 
1622.000000	0.959230 
1620.000000	0.960233 
1618.000000	0.962326 
1616.000000	0.962462 
1614.000000	0.951798 
1612.000000	0.946111 
1610.000000	0.950093 
1608.000000	0.954919 
1606.000000	0.955268 
1604.000000	0.950106 
1602.000000	0.944686 
1600.000000	0.945094 
1598.000000	0.947644 
1596.000000	0.946738 
1594.000000	0.943321 
1592.000000	0.943173 
1590.000000	0.945278 
1588.000000	0.946133 
1586.000000	0.945388 
1584.000000	0.942517 
1582.000000	0.937372 
1580.000000	0.935311 
1578.000000	0.935286 
1576.000000	0.941321 
1574.000000	0.940420 
1572.000000	0.933081 
1570.000000	0.928734 
1568.000000	0.929233 
1566.000000	0.926898 
1564.000000	0.923317 
1562.000000	0.916673 
1560.000000	0.917804 
1558.000000	0.930813 
1556.000000	0.927561 
1554.000000	0.921030 
1552.000000	0.916271 
1550.000000	0.916193 
1548.000000	0.918867 
1546.000000	0.919689 
1544.000000	0.915204 
1542.000000	0.906476 
1540.000000	0.906760 
1538.000000	0.912495 
1536.000000	0.912295 
1534.000000	0.912116 
1532.000000	0.908136 
1530.000000	0.904972 
1528.000000	0.908485 
1526.000000	0.911355 
1524.000000	0.905187 
1522.000000	0.898785 
1520.000000	0.898506 
1518.000000	0.897564 
1516.000000	0.903852 
1514.000000	0.905476 
1512.000000	0.898351 
1510.000000	0.886876 
1508.000000	0.882109 
1506.000000	0.891945 
1504.000000	0.895639 
1502.000000	0.892735 
1500.000000	0.888500 
1498.000000	0.887436 
1496.000000	0.895082 
1494.000000	0.897415 
1492.000000	0.889004 
1490.000000	0.882896 
1488.000000	0.884766 
1486.000000	0.889590 
1484.000000	0.892477 
1482.000000	0.892198 
1480.000000	0.884629 
1478.000000	0.875504 
1476.000000	0.875015 
1474.000000	0.879845 
1472.000000	0.883236 
1470.000000	0.881017 
1468.000000	0.876511 
1466.000000	0.876125 
1464.000000	0.879570 
1462.000000	0.877007 
1460.000000	0.868087 
1458.000000	0.863930 
1456.000000	0.873268 
1454.000000	0.877062 
1452.000000	0.876739 
1450.000000	0.872560 
1448.000000	0.864783 
1446.000000	0.862109 
1444.000000	0.864044 
1442.000000	0.865384 
1440.000000	0.862190 
1438.000000	0.858665 
1436.000000	0.858774 
1434.000000	0.857032 
1432.000000	0.854297 
1430.000000	0.851744 
1428.000000	0.849370 
1426.000000	0.848517 
1424.000000	0.849240 
1422.000000	0.847064 
1420.000000	0.842172 
1418.000000	0.838170 
1416.000000	0.834699 
1414.000000	0.836498 
1412.000000	0.839935 
1410.000000	0.838006 
1408.000000	0.830274 
1406.000000	0.826848 
1404.000000	0.829092 
1402.000000	0.829820 
1400.000000	0.827085 
1398.000000	0.822164 
1396.000000	0.817632 
1394.000000	0.821038 
1392.000000	0.824046 
1390.000000	0.819628 
1388.000000	0.813396 
1386.000000	0.810047 
1384.000000	0.809084 
1382.000000	0.811705 
1380.000000	0.813788 
1378.000000	0.808910 
1376.000000	0.800780 
1374.000000	0.797916 
1372.000000	0.800027 
1370.000000	0.800619 
1368.000000	0.798568 
1366.000000	0.795273 
1364.000000	0.790927 
1362.000000	0.789224 
1360.000000	0.790699 
1358.000000	0.789136 
1356.000000	0.782835 
1354.000000	0.779611 
1352.000000	0.781086 
1350.000000	0.783665 
1348.000000	0.782096 
1346.000000	0.775922 
1344.000000	0.769785 
1342.000000	0.768895 
1340.000000	0.771480 
1338.000000	0.771087 
1336.000000	0.766030 
1334.000000	0.762413 
1332.000000	0.762221 
1330.000000	0.763805 
1328.000000	0.763865 
1326.000000	0.759717 
1324.000000	0.754433 
1322.000000	0.752977 
1320.000000	0.755442 
1318.000000	0.755954 
1316.000000	0.752251 
1314.000000	0.746316 
1312.000000	0.742793 
1310.000000	0.743330 
1308.000000	0.744903 
1306.000000	0.742219 
1304.000000	0.738037 
1302.000000	0.735534 
1300.000000	0.734212 
1298.000000	0.733504 
1296.000000	0.732379 
1294.000000	0.728041 
1292.000000	0.724951 
1290.000000	0.725960 
1288.000000	0.726254 
1286.000000	0.722731 
1284.000000	0.717520 
1282.000000	0.713651 
1280.000000	0.714227 
1278.000000	0.716087 
1276.000000	0.712584 
1274.000000	0.705636 
1272.000000	0.703040 
1270.000000	0.704380 
1268.000000	0.704269 
1266.000000	0.701584 
1264.000000	0.697065 
1262.000000	0.692552 
1260.000000	0.692367 
1258.000000	0.693977 
1256.000000	0.691654 
1254.000000	0.684877 
1252.000000	0.679092 
1250.000000	0.677264 
1248.000000	0.678356 
1246.000000	0.678645 
1244.000000	0.676061 
1242.000000	0.670571 
1240.000000	0.666740 
1238.000000	0.666597 
1236.000000	0.666607 
1234.000000	0.664587 
1232.000000	0.661737 
1230.000000	0.658017 
1228.000000	0.656260 
1226.000000	0.656824 
1224.000000	0.654993 
1222.000000	0.649973 
1220.000000	0.645435 
1218.000000	0.645090 
1216.000000	0.648012 
1214.000000	0.647140 
1212.000000	0.641541 
1210.000000	0.636920 
1208.000000	0.635961 
1206.000000	0.637349 
1204.000000	0.637688 
1202.000000	0.633525 
1200.000000	0.629936 
1198.000000	0.629282 
1196.000000	0.631419 
1194.000000	0.632677 
1192.000000	0.629831 
1190.000000	0.625816 
1188.000000	0.625555 
1186.000000	0.627552 
1184.000000	0.629426 
1182.000000	0.628512 
1180.000000	0.625583 
1178.000000	0.624634 
1176.000000	0.628077 
1174.000000	0.631995 
1172.000000	0.633022 
1170.000000	0.632339 
1168.000000	0.632547 
1166.000000	0.633946 
1164.000000	0.636059 
1162.000000	0.638513 
1160.000000	0.639789 
1158.000000	0.640948 
1156.000000	0.644585 
1154.000000	0.648683 
1152.000000	0.649429 
1150.000000	0.647916 
1148.000000	0.648121 
1146.000000	0.652749 
1144.000000	0.659024 
1142.000000	0.662495 
1140.000000	0.660248 
1138.000000	0.657775 
1136.000000	0.661440 
1134.000000	0.666858 
1132.000000	0.668488 
1130.000000	0.668326 
1128.000000	0.667454 
1126.000000	0.668573 
1124.000000	0.675123 
1122.000000	0.679054 
1120.000000	0.675319 
1118.000000	0.671479 
1116.000000	0.674338 
1114.000000	0.682072 
1112.000000	0.689156 
1110.000000	0.691584 
1108.000000	0.688233 
1106.000000	0.685611 
1104.000000	0.690692 
1102.000000	0.699512 
1100.000000	0.703433 
1098.000000	0.702712 
1096.000000	0.699828 
1094.000000	0.700172 
1092.000000	0.706232 
1090.000000	0.710258 
1088.000000	0.706109 
1086.000000	0.702314 
1084.000000	0.704372 
1082.000000	0.710878 
1080.000000	0.715153 
1078.000000	0.711936 
1076.000000	0.706057 
1074.000000	0.706592 
1072.000000	0.713813 
1070.000000	0.719777 
1068.000000	0.718853 
1066.000000	0.713534 
1064.000000	0.709876 
1062.000000	0.713221 
1060.000000	0.717797 
1058.000000	0.715134 
1056.000000	0.708331 
1054.000000	0.705919 
1052.000000	0.708781 
1050.000000	0.711076 
1048.000000	0.706933 
1046.000000	0.699483 
1044.000000	0.694238 
1042.000000	0.693392 
1040.000000	0.695460 
1038.000000	0.694616 
1036.000000	0.685481 
1034.000000	0.677394 
1032.000000	0.673943 
1030.000000	0.672117 
1028.000000	0.668896 
1026.000000	0.662672 
1024.000000	0.653204 
1022.000000	0.647689 
1020.000000	0.643992 
1018.000000	0.636640 
1016.000000	0.626337 
1014.000000	0.616573 
1012.000000	0.608906 
1010.000000	0.603389 
1008.000000	0.597270 
1006.000000	0.586941 
1004.000000	0.573332 
1002.000000	0.563895 
1000.000000	0.560341 
998.000000	 0.554925 
996.000000	 0.544612 
994.000000	 0.534423 
992.000000	 0.528111 
990.000000	 0.526238 
988.000000	 0.526927 
986.000000	 0.524147 
984.000000	 0.520243 
982.000000	 0.522298 
980.000000	 0.529339 
978.000000	 0.535193 
976.000000	 0.535443 
974.000000	 0.529666 
972.000000	 0.521015 
970.000000	 0.514699 
968.000000	 0.510583 
966.000000	 0.504425 
964.000000	 0.494338 
962.000000	 0.485031 
960.000000	 0.480130 
958.000000	 0.478771 
956.000000	 0.476695 
954.000000	 0.471617 
952.000000	 0.466501 
950.000000	 0.466192 
948.000000	 0.470151 
946.000000	 0.473383 
944.000000	 0.473558 
942.000000	 0.472202 
940.000000	 0.474004 
938.000000	 0.480463 
936.000000	 0.487403 
934.000000	 0.487753 
932.000000	 0.484238 
930.000000	 0.482475 
928.000000	 0.483441 
926.000000	 0.485969 
924.000000	 0.489792 
922.000000	 0.494070 
920.000000	 0.504933 
918.000000	 0.525036 
916.000000	 0.545381 
914.000000	 0.557643 
912.000000	 0.562121 
910.000000	 0.566063 
908.000000	 0.576422 
906.000000	 0.587135 
904.000000	 0.587771 
902.000000	 0.577706 
900.000000	 0.563437 
898.000000	 0.550285 
896.000000	 0.536756 
894.000000	 0.519096 
892.000000	 0.498936 
890.000000	 0.478241 
888.000000	 0.461303 
886.000000	 0.451525 
884.000000	 0.444128 
882.000000	 0.434531 
880.000000	 0.427863 
878.000000	 0.427394 
876.000000	 0.431618 
874.000000	 0.434799 
872.000000	 0.434010 
870.000000	 0.431064 
868.000000	 0.431597 
866.000000	 0.437180 
864.000000	 0.442513 
862.000000	 0.440837 
860.000000	 0.436917 
858.000000	 0.434984 
856.000000	 0.435441 
854.000000	 0.436112 
852.000000	 0.433629 
850.000000	 0.427110 
848.000000	 0.422950 
846.000000	 0.425004 
844.000000	 0.429625 
842.000000	 0.429572 
840.000000	 0.424589 
838.000000	 0.419340 
836.000000	 0.417204 
834.000000	 0.419467 
832.000000	 0.421118 
830.000000	 0.416323 
828.000000	 0.407630 
826.000000	 0.401800 
824.000000	 0.400275 
822.000000	 0.400471 
820.000000	 0.397161 
818.000000	 0.389966 
816.000000	 0.386038 
814.000000	 0.388101 
812.000000	 0.390281 
810.000000	 0.387028 
808.000000	 0.378988 
806.000000	 0.372123 
804.000000	 0.371502 
802.000000	 0.372871 
800.000000	 0.369118 
798.000000	 0.359831 
796.000000	 0.352339 
794.000000	 0.349146 
792.000000	 0.346837 
790.000000	 0.341619 
788.000000	 0.332749 
786.000000	 0.323688 
784.000000	 0.318233 
782.000000	 0.316112 
780.000000	 0.311083 
778.000000	 0.301230 
776.000000	 0.291342 
774.000000	 0.285586 
772.000000	 0.283790 
770.000000	 0.281919 
768.000000	 0.274925 
766.000000	 0.265570 
764.000000	 0.259645 
762.000000	 0.257532 
760.000000	 0.255675 
758.000000	 0.252611 
756.000000	 0.248358 
754.000000	 0.244859 
752.000000	 0.244470 
750.000000	 0.245722 
748.000000	 0.244066 
746.000000	 0.240173 
744.000000	 0.239596 
742.000000	 0.243552 
740.000000	 0.250100 
738.000000	 0.255575 
736.000000	 0.256764 
734.000000	 0.256813 
732.000000	 0.261066 
730.000000	 0.268660 
728.000000	 0.274658 
726.000000	 0.279569 
724.000000	 0.285994 
722.000000	 0.293746 
720.000000	 0.301281 
718.000000	 0.307570 
716.000000	 0.310329 
714.000000	 0.312864 
712.000000	 0.319039 
710.000000	 0.329143 
708.000000	 0.336549 
706.000000	 0.338102 
704.000000	 0.337273 
702.000000	 0.341329 
700.000000	 0.349228 
698.000000	 0.360244 
696.000000	 0.368972 
694.000000	 0.373455 
692.000000	 0.379132 
690.000000	 0.392581 
688.000000	 0.410230 
686.000000	 0.423605 
684.000000	 0.429033 
682.000000	 0.434756 
680.000000	 0.451159 
678.000000	 0.473452 
676.000000	 0.487603 
674.000000	 0.490708 
672.000000	 0.490113 
670.000000	 0.492820 
668.000000	 0.508076 
666.000000	 0.513704 
664.000000	 0.500920 
662.000000	 0.485370 
660.000000	 0.478248 
658.000000	 0.478387 
656.000000	 0.475161 
654.000000	 0.466786 
652.000000	 0.457596 
650.000000	 0.456460 
648.000000	 0.468034 
646.000000	 0.479789 
644.000000	 0.478937 
642.000000	 0.477705 
640.000000	 0.485881 
638.000000	 0.501987 
636.000000	 0.519864 
634.000000	 0.531900 
632.000000	 0.534303 
630.000000	 0.533639 
628.000000	 0.536267 
626.000000	 0.537587 
624.000000	 0.523328 
622.000000	 0.491507 
620.000000	 0.450411 
618.000000	 0.411371 
616.000000	 0.383008 
614.000000	 0.352253 
612.000000	 0.312604 
610.000000	 0.280470 
608.000000	 0.262828 
606.000000	 0.248553 
604.000000	 0.233507 
602.000000	 0.214490 
600.000000	 0.196303 
598.000000	 0.184785 
596.000000	 0.179185 
594.000000	 0.173206 
592.000000	 0.162588 
590.000000	 0.150966 
588.000000	 0.144950 
586.000000	 0.142978 
584.000000	 0.140248 
582.000000	 0.132439 
580.000000	 0.122169 
578.000000	 0.116596 
576.000000	 0.116334 
574.000000	 0.114347 
572.000000	 0.106484 
570.000000	 0.095536 
568.000000	 0.087991 
566.000000	 0.087760 
564.000000	 0.089847 
562.000000	 0.086898 
560.000000	 0.078339 
558.000000	 0.069251 
556.000000	 0.067279 
554.000000	 0.069936 
552.000000	 0.070055 
550.000000	 0.064305 
548.000000	 0.057550 
546.000000	 0.056189 
544.000000	 0.058993 
542.000000	 0.057114 
540.000000	 0.050083 
538.000000	 0.043123 
536.000000	 0.041059 
534.000000	 0.043735 
532.000000	 0.045796 
530.000000	 0.041776 
528.000000	 0.034615 
526.000000	 0.031838 
524.000000	 0.035425 
522.000000	 0.038138 
520.000000	 0.036872 
518.000000	 0.034260 
516.000000	 0.034789 
514.000000	 0.041106 
512.000000	 0.047639 
510.000000	 0.046086 
508.000000	 0.040296 
506.000000	 0.038171 
504.000000	 0.039273 
502.000000	 0.042093 
500.000000	 0.043010 
498.000000	 0.038602 
496.000000	 0.032031 
494.000000	 0.029245 
492.000000	 0.033394 
490.000000	 0.036265 
488.000000	 0.032764 
486.000000	 0.027687 
484.000000	 0.025241 
482.000000	 0.026723 
480.000000	 0.029741 
478.000000	 0.024763 
476.000000	 0.016537 
474.000000	 0.015033 
472.000000	 0.020394 
470.000000	 0.025069 
468.000000	 0.023782 
466.000000	 0.016061 
464.000000	 0.009858 
462.000000	 0.011435 
460.000000	 0.016479 
458.000000	 0.014303 
456.000000	 0.005717 
454.000000	 0.002764 
452.000000	 0.007259 
450.000000	 0.012127 

