4400.000000	1.311036  
4398.000000	1.311064  
4396.000000	1.309946  
4394.000000	1.307104  
4392.000000	1.306691  
4390.000000	1.303753  
4388.000000	1.304410  
4386.000000	1.307747  
4384.000000	1.302580  
4382.000000	1.302598  
4380.000000	1.306878  
4378.000000	1.303703  
4376.000000	1.306871  
4374.000000	1.314327  
4372.000000	1.315267  
4370.000000	1.310107  
4368.000000	1.306653  
4366.000000	1.307100  
4364.000000	1.307169  
4362.000000	1.303354  
4360.000000	1.303337  
4358.000000	1.308284  
4356.000000	1.312246  
4354.000000	1.311806  
4352.000000	1.308954  
4350.000000	1.306307  
4348.000000	1.306144  
4346.000000	1.304583  
4344.000000	1.302299  
4342.000000	1.306647  
4340.000000	1.311914  
4338.000000	1.310278  
4336.000000	1.306135  
4334.000000	1.308690  
4332.000000	1.310682  
4330.000000	1.309513  
4328.000000	1.311492  
4326.000000	1.313418  
4324.000000	1.311632  
4322.000000	1.307873  
4320.000000	1.306230  
4318.000000	1.307100  
4316.000000	1.307178  
4314.000000	1.303941  
4312.000000	1.301190  
4310.000000	1.302077  
4308.000000	1.304323  
4306.000000	1.307487  
4304.000000	1.310900  
4302.000000	1.306536  
4300.000000	1.302389  
4298.000000	1.301743  
4296.000000	1.308200  
4294.000000	1.310816  
4292.000000	1.307785  
4290.000000	1.306806  
4288.000000	1.305476  
4286.000000	1.306544  
4284.000000	1.310907  
4282.000000	1.308568  
4280.000000	1.303966  
4278.000000	1.306699  
4276.000000	1.309439  
4274.000000	1.306125  
4272.000000	1.302420  
4270.000000	1.302407  
4268.000000	1.306445  
4266.000000	1.309209  
4264.000000	1.310958  
4262.000000	1.313322  
4260.000000	1.311104  
4258.000000	1.311189  
4256.000000	1.307434  
4254.000000	1.300565  
4252.000000	1.301747  
4250.000000	1.306989  
4248.000000	1.305474  
4246.000000	1.303147  
4244.000000	1.301911  
4242.000000	1.300350  
4240.000000	1.304928  
4238.000000	1.308151  
4236.000000	1.308650  
4234.000000	1.306733  
4232.000000	1.303789  
4230.000000	1.306007  
4228.000000	1.310371  
4226.000000	1.311293  
4224.000000	1.307617  
4222.000000	1.304139  
4220.000000	1.303766  
4218.000000	1.305058  
4216.000000	1.304700  
4214.000000	1.304725  
4212.000000	1.305501  
4210.000000	1.304410  
4208.000000	1.304565  
4206.000000	1.302682  
4204.000000	1.304158  
4202.000000	1.307394  
4200.000000	1.304650  
4198.000000	1.304596  
4196.000000	1.306584  
4194.000000	1.304477  
4192.000000	1.304206  
4190.000000	1.306573  
4188.000000	1.305097  
4186.000000	1.302108  
4184.000000	1.299800  
4182.000000	1.300743  
4180.000000	1.304360  
4178.000000	1.302222  
4176.000000	1.298094  
4174.000000	1.297518  
4172.000000	1.297305  
4170.000000	1.300087  
4168.000000	1.302736  
4166.000000	1.304542  
4164.000000	1.305246  
4162.000000	1.303616  
4160.000000	1.302522  
4158.000000	1.299377  
4156.000000	1.300738  
4154.000000	1.304364  
4152.000000	1.305633  
4150.000000	1.307400  
4148.000000	1.309473  
4146.000000	1.305685  
4144.000000	1.301132  
4142.000000	1.300927  
4140.000000	1.300846  
4138.000000	1.301536  
4136.000000	1.298133  
4134.000000	1.297009  
4132.000000	1.298981  
4130.000000	1.298192  
4128.000000	1.299031  
4126.000000	1.301239  
4124.000000	1.297662  
4122.000000	1.296402  
4120.000000	1.299020  
4118.000000	1.301884  
4116.000000	1.302085  
4114.000000	1.299294  
4112.000000	1.296277  
4110.000000	1.295862  
4108.000000	1.295621  
4106.000000	1.296890  
4104.000000	1.299191  
4102.000000	1.301157  
4100.000000	1.304256  
4098.000000	1.301930  
4096.000000	1.299854  
4094.000000	1.299499  
4092.000000	1.295829  
4090.000000	1.296318  
4088.000000	1.300858  
4086.000000	1.296710  
4084.000000	1.294577  
4082.000000	1.294505  
4080.000000	1.295488  
4078.000000	1.293521  
4076.000000	1.291987  
4074.000000	1.295065  
4072.000000	1.301231  
4070.000000	1.298528  
4068.000000	1.294326  
4066.000000	1.294030  
4064.000000	1.292613  
4062.000000	1.292093  
4060.000000	1.290059  
4058.000000	1.290799  
4056.000000	1.297091  
4054.000000	1.297882  
4052.000000	1.293741  
4050.000000	1.293914  
4048.000000	1.294456  
4046.000000	1.294069  
4044.000000	1.295823  
4042.000000	1.295355  
4040.000000	1.292578  
4038.000000	1.292065  
4036.000000	1.294758  
4034.000000	1.298036  
4032.000000	1.295989  
4030.000000	1.293192  
4028.000000	1.296718  
4026.000000	1.299771  
4024.000000	1.303310  
4022.000000	1.300780  
4020.000000	1.295445  
4018.000000	1.294149  
4016.000000	1.296736  
4014.000000	1.295819  
4012.000000	1.294828  
4010.000000	1.293922  
4008.000000	1.296210  
4006.000000	1.295735  
4004.000000	1.290287  
4002.000000	1.290350  
4000.000000	1.291689  
3998.000000	1.289500  
3996.000000	1.289417  
3994.000000	1.293387  
3992.000000	1.295821  
3990.000000	1.292925  
3988.000000	1.292200  
3986.000000	1.295647  
3984.000000	1.294630  
3982.000000	1.294671  
3980.000000	1.299501  
3978.000000	1.300801  
3976.000000	1.299334  
3974.000000	1.297884  
3972.000000	1.293383  
3970.000000	1.294818  
3968.000000	1.296056  
3966.000000	1.294593  
3964.000000	1.299101  
3962.000000	1.298518  
3960.000000	1.295185  
3958.000000	1.293981  
3956.000000	1.292842  
3954.000000	1.290831  
3952.000000	1.288698  
3950.000000	1.290782  
3948.000000	1.297935  
3946.000000	1.296956  
3944.000000	1.294711  
3942.000000	1.296232  
3940.000000	1.294681  
3938.000000	1.292806  
3936.000000	1.289918  
3934.000000	1.291580  
3932.000000	1.297247  
3930.000000	1.294730  
3928.000000	1.293481  
3926.000000	1.300600  
3924.000000	1.298328  
3922.000000	1.293102  
3920.000000	1.291931  
3918.000000	1.295760  
3916.000000	1.298742  
3914.000000	1.296450  
3912.000000	1.293409  
3910.000000	1.291740  
3908.000000	1.288405  
3906.000000	1.292008  
3904.000000	1.302547  
3902.000000	1.301395  
3900.000000	1.301718  
3898.000000	1.297997  
3896.000000	1.290906  
3894.000000	1.289571  
3892.000000	1.294603  
3890.000000	1.290825  
3888.000000	1.288700  
3886.000000	1.296484  
3884.000000	1.292332  
3882.000000	1.294255  
3880.000000	1.300943  
3878.000000	1.292887  
3876.000000	1.287934  
3874.000000	1.288216  
3872.000000	1.289214  
3870.000000	1.293397  
3868.000000	1.286496  
3866.000000	1.291169  
3864.000000	1.295060  
3862.000000	1.297175  
3860.000000	1.293098  
3858.000000	1.282083  
3856.000000	1.278363  
3854.000000	1.294807  
3852.000000	1.295719  
3850.000000	1.290174  
3848.000000	1.287828  
3846.000000	1.286931  
3844.000000	1.286116  
3842.000000	1.282093  
3840.000000	1.288662  
3838.000000	1.293409  
3836.000000	1.289079  
3834.000000	1.289641  
3832.000000	1.290890  
3830.000000	1.288103  
3828.000000	1.288829  
3826.000000	1.290966  
3824.000000	1.284319  
3822.000000	1.288948  
3820.000000	1.290894  
3818.000000	1.291446  
3816.000000	1.298343  
3814.000000	1.288938  
3812.000000	1.287701  
3810.000000	1.283048  
3808.000000	1.287820  
3806.000000	1.291325  
3804.000000	1.279778  
3802.000000	1.291734  
3800.000000	1.294232  
3798.000000	1.289694  
3796.000000	1.292952  
3794.000000	1.287946  
3792.000000	1.283596  
3790.000000	1.284213  
3788.000000	1.285162  
3786.000000	1.287575  
3784.000000	1.286140  
3782.000000	1.281054  
3780.000000	1.282289  
3778.000000	1.281283  
3776.000000	1.281178  
3774.000000	1.283415  
3772.000000	1.287886  
3770.000000	1.298806  
3768.000000	1.292503  
3766.000000	1.289536  
3764.000000	1.290853  
3762.000000	1.284949  
3760.000000	1.286154  
3758.000000	1.290285  
3756.000000	1.282869  
3754.000000	1.275977  
3752.000000	1.283837  
3750.000000	1.289153  
3748.000000	1.287055  
3746.000000	1.289426  
3744.000000	1.299571  
3742.000000	1.286348  
3740.000000	1.278569  
3738.000000	1.279739  
3736.000000	1.289097  
3734.000000	1.289164  
3732.000000	1.286925  
3730.000000	1.279896  
3728.000000	1.276537  
3726.000000	1.280698  
3724.000000	1.283757  
3722.000000	1.286108  
3720.000000	1.285079  
3718.000000	1.285394  
3716.000000	1.282271  
3714.000000	1.279364  
3712.000000	1.284428  
3710.000000	1.292154  
3708.000000	1.288501  
3706.000000	1.283000  
3704.000000	1.284046  
3702.000000	1.287770  
3700.000000	1.287017  
3698.000000	1.283419  
3696.000000	1.281172  
3694.000000	1.280880  
3692.000000	1.281770  
3690.000000	1.284291  
3688.000000	1.293627  
3686.000000	1.289898  
3684.000000	1.284582  
3682.000000	1.281853  
3680.000000	1.276392  
3678.000000	1.276938  
3676.000000	1.293285  
3674.000000	1.288720  
3672.000000	1.285762  
3670.000000	1.292901  
3668.000000	1.287986  
3666.000000	1.285420  
3664.000000	1.283574  
3662.000000	1.284953  
3660.000000	1.284315  
3658.000000	1.284548  
3656.000000	1.293841  
3654.000000	1.284538  
3652.000000	1.277913  
3650.000000	1.286338  
3648.000000	1.288368  
3646.000000	1.288318  
3644.000000	1.290235  
3642.000000	1.290811  
3640.000000	1.290301  
3638.000000	1.287848  
3636.000000	1.286096  
3634.000000	1.286871  
3632.000000	1.280684  
3630.000000	1.284169  
3628.000000	1.289926  
3626.000000	1.283294  
3624.000000	1.280512  
3622.000000	1.280887  
3620.000000	1.288027  
3618.000000	1.291177  
3616.000000	1.286929  
3614.000000	1.288791  
3612.000000	1.291933  
3610.000000	1.290231  
3608.000000	1.289321  
3606.000000	1.286895  
3604.000000	1.284036  
3602.000000	1.287155  
3600.000000	1.287107  
3598.000000	1.285436  
3596.000000	1.285416  
3594.000000	1.285728  
3592.000000	1.282525  
3590.000000	1.282256  
3588.000000	1.284791  
3586.000000	1.288234  
3584.000000	1.286288  
3582.000000	1.281368  
3580.000000	1.282266  
3578.000000	1.284329  
3576.000000	1.285067  
3574.000000	1.286821  
3572.000000	1.281768  
3570.000000	1.277089  
3568.000000	1.281087  
3566.000000	1.281283  
3564.000000	1.281356  
3562.000000	1.282910  
3560.000000	1.280431  
3558.000000	1.276185  
3556.000000	1.275833  
3554.000000	1.278779  
3552.000000	1.281376  
3550.000000	1.279396  
3548.000000	1.281606  
3546.000000	1.285304  
3544.000000	1.282466  
3542.000000	1.280445  
3540.000000	1.276502  
3538.000000	1.278626  
3536.000000	1.281382  
3534.000000	1.276897  
3532.000000	1.278337  
3530.000000	1.283226  
3528.000000	1.281317  
3526.000000	1.279374  
3524.000000	1.281649  
3522.000000	1.281637  
3520.000000	1.279573  
3518.000000	1.278123  
3516.000000	1.278133  
3514.000000	1.280015  
3512.000000	1.280648  
3510.000000	1.282016  
3508.000000	1.280597  
3506.000000	1.277434  
3504.000000	1.281267  
3502.000000	1.281776  
3500.000000	1.279987  
3498.000000	1.280005  
3496.000000	1.279242  
3494.000000	1.279342  
3492.000000	1.276764  
3490.000000	1.273417  
3488.000000	1.277440  
3486.000000	1.279210  
3484.000000	1.279031  
3482.000000	1.284401  
3480.000000	1.280986  
3478.000000	1.276621  
3476.000000	1.279116  
3474.000000	1.279628  
3472.000000	1.280899  
3470.000000	1.281117  
3468.000000	1.276854  
3466.000000	1.275087  
3464.000000	1.277150  
3462.000000	1.280972  
3460.000000	1.281008  
3458.000000	1.279524  
3456.000000	1.277848  
3454.000000	1.277544  
3452.000000	1.276826  
3450.000000	1.277242  
3448.000000	1.276310  
3446.000000	1.275964  
3444.000000	1.275415  
3442.000000	1.272830  
3440.000000	1.278137  
3438.000000	1.281750  
3436.000000	1.279396  
3434.000000	1.280820  
3432.000000	1.281305  
3430.000000	1.277318  
3428.000000	1.277126  
3426.000000	1.276114  
3424.000000	1.280469  
3422.000000	1.280876  
3420.000000	1.275872  
3418.000000	1.276529  
3416.000000	1.278884  
3414.000000	1.276163  
3412.000000	1.277314  
3410.000000	1.279291  
3408.000000	1.280443  
3406.000000	1.281875  
3404.000000	1.277976  
3402.000000	1.277367  
3400.000000	1.277258  
3398.000000	1.274851  
3396.000000	1.274000  
3394.000000	1.274124  
3392.000000	1.275389  
3390.000000	1.277775  
3388.000000	1.276560  
3386.000000	1.277058  
3384.000000	1.275561  
3382.000000	1.272101  
3380.000000	1.271758  
3378.000000	1.271468  
3376.000000	1.271371  
3374.000000	1.274485  
3372.000000	1.274615  
3370.000000	1.273145  
3368.000000	1.272654  
3366.000000	1.270135  
3364.000000	1.272997  
3362.000000	1.273829  
3360.000000	1.271524  
3358.000000	1.273776  
3356.000000	1.273893  
3354.000000	1.270516  
3352.000000	1.270207  
3350.000000	1.270711  
3348.000000	1.271658  
3346.000000	1.270195  
3344.000000	1.269534  
3342.000000	1.272119  
3340.000000	1.269962  
3338.000000	1.270242  
3336.000000	1.271559  
3334.000000	1.269661  
3332.000000	1.268551  
3330.000000	1.267883  
3328.000000	1.268484  
3326.000000	1.273568  
3324.000000	1.273094  
3322.000000	1.268745  
3320.000000	1.266422  
3318.000000	1.269417  
3316.000000	1.269827  
3314.000000	1.269515  
3312.000000	1.269349  
3310.000000	1.272504  
3308.000000	1.273123  
3306.000000	1.270215  
3304.000000	1.272270  
3302.000000	1.270500  
3300.000000	1.267806  
3298.000000	1.266745  
3296.000000	1.265139  
3294.000000	1.266776  
3292.000000	1.271410  
3290.000000	1.269681  
3288.000000	1.268159  
3286.000000	1.268943  
3284.000000	1.266659  
3282.000000	1.267473  
3280.000000	1.267651  
3278.000000	1.268976  
3276.000000	1.270772  
3274.000000	1.268010  
3272.000000	1.269116  
3270.000000	1.269359  
3268.000000	1.264632  
3266.000000	1.266271  
3264.000000	1.265543  
3262.000000	1.264725  
3260.000000	1.265595  
3258.000000	1.266678  
3256.000000	1.267954  
3254.000000	1.269746  
3252.000000	1.268106  
3250.000000	1.269065  
3248.000000	1.268872  
3246.000000	1.268413  
3244.000000	1.271043  
3242.000000	1.268098  
3240.000000	1.264307  
3238.000000	1.261333  
3236.000000	1.259986  
3234.000000	1.262542  
3232.000000	1.262749  
3230.000000	1.261324  
3228.000000	1.263142  
3226.000000	1.262224  
3224.000000	1.264215  
3222.000000	1.265145  
3220.000000	1.263535  
3218.000000	1.264680  
3216.000000	1.265881  
3214.000000	1.261944  
3212.000000	1.262925  
3210.000000	1.262109  
3208.000000	1.259461  
3206.000000	1.258835  
3204.000000	1.257325  
3202.000000	1.259064  
3200.000000	1.261126  
3198.000000	1.260772  
3196.000000	1.259630  
3194.000000	1.256900  
3192.000000	1.255045  
3190.000000	1.259023  
3188.000000	1.261095  
3186.000000	1.260708  
3184.000000	1.261313  
3182.000000	1.259739  
3180.000000	1.260975  
3178.000000	1.261453  
3176.000000	1.258621  
3174.000000	1.257300  
3172.000000	1.256964  
3170.000000	1.260990  
3168.000000	1.264470  
3166.000000	1.261263  
3164.000000	1.259722  
3162.000000	1.257080  
3160.000000	1.256883  
3158.000000	1.256657  
3156.000000	1.255132  
3154.000000	1.255074  
3152.000000	1.259318  
3150.000000	1.255938  
3148.000000	1.254220  
3146.000000	1.257883  
3144.000000	1.256722  
3142.000000	1.256231  
3140.000000	1.257317  
3138.000000	1.257278  
3136.000000	1.257778  
3134.000000	1.257915  
3132.000000	1.256276  
3130.000000	1.256007  
3128.000000	1.254665  
3126.000000	1.253862  
3124.000000	1.254417  
3122.000000	1.255041  
3120.000000	1.257010  
3118.000000	1.256136  
3116.000000	1.255386  
3114.000000	1.255212  
3112.000000	1.250013  
3110.000000	1.250901  
3108.000000	1.253555  
3106.000000	1.251808  
3104.000000	1.252428  
3102.000000	1.252745  
3100.000000	1.255236  
3098.000000	1.256638  
3096.000000	1.252850  
3094.000000	1.251031  
3092.000000	1.254924  
3090.000000	1.254711  
3088.000000	1.254696  
3086.000000	1.256547  
3084.000000	1.252810  
3082.000000	1.251485  
3080.000000	1.252008  
3078.000000	1.251217  
3076.000000	1.251690  
3074.000000	1.249724  
3072.000000	1.251023  
3070.000000	1.254157  
3068.000000	1.251234  
3066.000000	1.250415  
3064.000000	1.250778  
3062.000000	1.249026  
3060.000000	1.248873  
3058.000000	1.250262  
3056.000000	1.251666  
3054.000000	1.253071  
3052.000000	1.248319  
3050.000000	1.249452  
3048.000000	1.250606  
3046.000000	1.248761  
3044.000000	1.249020  
3042.000000	1.246902  
3040.000000	1.247002  
3038.000000	1.248803  
3036.000000	1.246445  
3034.000000	1.247106  
3032.000000	1.250033  
3030.000000	1.248064  
3028.000000	1.247427  
3026.000000	1.246791  
3024.000000	1.245502  
3022.000000	1.246540  
3020.000000	1.244621  
3018.000000	1.243029  
3016.000000	1.246942  
3014.000000	1.247844  
3012.000000	1.248616  
3010.000000	1.247763  
3008.000000	1.247030  
3006.000000	1.248594  
3004.000000	1.245708  
3002.000000	1.244301  
3000.000000	1.243891  
2998.000000	1.241252  
2996.000000	1.241523  
2994.000000	1.244987  
2992.000000	1.246062  
2990.000000	1.247074  
2988.000000	1.245415  
2986.000000	1.243827  
2984.000000	1.246175  
2982.000000	1.246674  
2980.000000	1.247392  
2978.000000	1.246558  
2976.000000	1.245746  
2974.000000	1.246590  
2972.000000	1.245544  
2970.000000	1.243834  
2968.000000	1.243515  
2966.000000	1.243631  
2964.000000	1.246602  
2962.000000	1.249176  
2960.000000	1.247427  
2958.000000	1.245060  
2956.000000	1.245615  
2954.000000	1.244450  
2952.000000	1.244950  
2950.000000	1.243033  
2948.000000	1.242385  
2946.000000	1.247214  
2944.000000	1.247853  
2942.000000	1.244878  
2940.000000	1.242855  
2938.000000	1.243384  
2936.000000	1.245442  
2934.000000	1.242919  
2932.000000	1.243156  
2930.000000	1.247152  
2928.000000	1.247174  
2926.000000	1.247355  
2924.000000	1.250205  
2922.000000	1.247866  
2920.000000	1.246089  
2918.000000	1.247041  
2916.000000	1.245285  
2914.000000	1.246699  
2912.000000	1.245956  
2910.000000	1.243820  
2908.000000	1.243952  
2906.000000	1.241662  
2904.000000	1.240783  
2902.000000	1.240325  
2900.000000	1.239006  
2898.000000	1.237281  
2896.000000	1.237164  
2894.000000	1.238634  
2892.000000	1.240942  
2890.000000	1.235471  
2888.000000	1.234822  
2886.000000	1.236648  
2884.000000	1.235324  
2882.000000	1.236611  
2880.000000	1.238181  
2878.000000	1.236612  
2876.000000	1.237742  
2874.000000	1.236270  
2872.000000	1.235284  
2870.000000	1.236475  
2868.000000	1.232503  
2866.000000	1.233905  
2864.000000	1.238595  
2862.000000	1.236964  
2860.000000	1.234266  
2858.000000	1.232453  
2856.000000	1.233315  
2854.000000	1.238794  
2852.000000	1.237363  
2850.000000	1.233939  
2848.000000	1.235795  
2846.000000	1.236359  
2844.000000	1.234115  
2842.000000	1.230094  
2840.000000	1.228861  
2838.000000	1.231510  
2836.000000	1.230344  
2834.000000	1.229221  
2832.000000	1.231114  
2830.000000	1.227681  
2828.000000	1.225951  
2826.000000	1.226525  
2824.000000	1.223672  
2822.000000	1.225490  
2820.000000	1.224892  
2818.000000	1.222614  
2816.000000	1.226251  
2814.000000	1.227202  
2812.000000	1.225128  
2810.000000	1.225274  
2808.000000	1.222516  
2806.000000	1.222476  
2804.000000	1.222338  
2802.000000	1.220948  
2800.000000	1.222936  
2798.000000	1.225258  
2796.000000	1.224746  
2794.000000	1.224157  
2792.000000	1.223469  
2790.000000	1.225525  
2788.000000	1.223717  
2786.000000	1.221451  
2784.000000	1.223833  
2782.000000	1.221385  
2780.000000	1.219126  
2778.000000	1.222177  
2776.000000	1.220815  
2774.000000	1.222893  
2772.000000	1.223947  
2770.000000	1.220486  
2768.000000	1.222747  
2766.000000	1.223769  
2764.000000	1.220743  
2762.000000	1.221323  
2760.000000	1.221801  
2758.000000	1.221461  
2756.000000	1.223336  
2754.000000	1.222220  
2752.000000	1.222020  
2750.000000	1.224162  
2748.000000	1.222880  
2746.000000	1.222163  
2744.000000	1.219229  
2742.000000	1.217060  
2740.000000	1.217413  
2738.000000	1.218069  
2736.000000	1.217057  
2734.000000	1.216782  
2732.000000	1.217878  
2730.000000	1.219821  
2728.000000	1.217289  
2726.000000	1.216671  
2724.000000	1.217870  
2722.000000	1.217506  
2720.000000	1.218441  
2718.000000	1.217369  
2716.000000	1.213014  
2714.000000	1.214111  
2712.000000	1.214721  
2710.000000	1.214978  
2708.000000	1.218555  
2706.000000	1.216533  
2704.000000	1.213393  
2702.000000	1.213064  
2700.000000	1.214413  
2698.000000	1.215161  
2696.000000	1.215362  
2694.000000	1.215241  
2692.000000	1.215151  
2690.000000	1.212096  
2688.000000	1.212041  
2686.000000	1.215571  
2684.000000	1.214486  
2682.000000	1.212108  
2680.000000	1.208984  
2678.000000	1.209055  
2676.000000	1.214823  
2674.000000	1.213240  
2672.000000	1.207226  
2670.000000	1.208203  
2668.000000	1.208293  
2666.000000	1.206138  
2664.000000	1.205941  
2662.000000	1.205022  
2660.000000	1.208073  
2658.000000	1.208611  
2656.000000	1.204530  
2654.000000	1.204883  
2652.000000	1.206178  
2650.000000	1.204148  
2648.000000	1.203497  
2646.000000	1.204720  
2644.000000	1.208725  
2642.000000	1.207872  
2640.000000	1.204933  
2638.000000	1.204815  
2636.000000	1.204883  
2634.000000	1.203511  
2632.000000	1.206286  
2630.000000	1.207693  
2628.000000	1.208991  
2626.000000	1.206984  
2624.000000	1.202281  
2622.000000	1.203760  
2620.000000	1.206011  
2618.000000	1.205291  
2616.000000	1.207186  
2614.000000	1.204598  
2612.000000	1.203179  
2610.000000	1.205200  
2608.000000	1.202345  
2606.000000	1.201848  
2604.000000	1.200106  
2602.000000	1.199529  
2600.000000	1.201487  
2598.000000	1.200260  
2596.000000	1.199395  
2594.000000	1.203146  
2592.000000	1.203976  
2590.000000	1.201439  
2588.000000	1.198611  
2586.000000	1.196840  
2584.000000	1.199832  
2582.000000	1.201652  
2580.000000	1.200556  
2578.000000	1.200829  
2576.000000	1.199783  
2574.000000	1.199025  
2572.000000	1.199703  
2570.000000	1.197508  
2568.000000	1.197869  
2566.000000	1.198205  
2564.000000	1.197993  
2562.000000	1.198982  
2560.000000	1.198392  
2558.000000	1.194757  
2556.000000	1.195887  
2554.000000	1.197768  
2552.000000	1.196103  
2550.000000	1.195934  
2548.000000	1.194947  
2546.000000	1.199146  
2544.000000	1.198227  
2542.000000	1.194473  
2540.000000	1.194603  
2538.000000	1.195518  
2536.000000	1.194020  
2534.000000	1.193600  
2532.000000	1.194669  
2530.000000	1.195722  
2528.000000	1.193768  
2526.000000	1.192665  
2524.000000	1.193850  
2522.000000	1.193493  
2520.000000	1.192207  
2518.000000	1.193873  
2516.000000	1.192870  
2514.000000	1.193975  
2512.000000	1.193831  
2510.000000	1.190386  
2508.000000	1.190443  
2506.000000	1.189293  
2504.000000	1.190221  
2502.000000	1.192934  
2500.000000	1.191598  
2498.000000	1.190067  
2496.000000	1.190531  
2494.000000	1.188109  
2492.000000	1.190000  
2490.000000	1.193454  
2488.000000	1.190693  
2486.000000	1.188484  
2484.000000	1.186877  
2482.000000	1.186611  
2480.000000	1.187022  
2478.000000	1.184863  
2476.000000	1.184640  
2474.000000	1.187068  
2472.000000	1.188766  
2470.000000	1.189763  
2468.000000	1.186589  
2466.000000	1.184554  
2464.000000	1.185751  
2462.000000	1.186290  
2460.000000	1.185095  
2458.000000	1.186907  
2456.000000	1.184512  
2454.000000	1.184607  
2452.000000	1.185831  
2450.000000	1.185485  
2448.000000	1.186017  
2446.000000	1.183659  
2444.000000	1.183643  
2442.000000	1.184311  
2440.000000	1.183317  
2438.000000	1.181508  
2436.000000	1.181390  
2434.000000	1.181426  
2432.000000	1.183209  
2430.000000	1.182534  
2428.000000	1.181011  
2426.000000	1.181423  
2424.000000	1.181610  
2422.000000	1.181300  
2420.000000	1.180803  
2418.000000	1.178887  
2416.000000	1.181296  
2414.000000	1.181516  
2412.000000	1.178683  
2410.000000	1.178425  
2408.000000	1.177946  
2406.000000	1.179017  
2404.000000	1.179862  
2402.000000	1.179885  
2400.000000	1.179444  
2398.000000	1.179793  
2396.000000	1.178689  
2394.000000	1.178700  
2392.000000	1.177384  
2390.000000	1.176284  
2388.000000	1.178305  
2386.000000	1.175418  
2384.000000	1.174819  
2382.000000	1.173372  
2380.000000	1.169305  
2378.000000	1.171338  
2376.000000	1.177730  
2374.000000	1.176858  
2372.000000	1.175770  
2370.000000	1.174353  
2368.000000	1.175066  
2366.000000	1.178893  
2364.000000	1.180213  
2362.000000	1.181465  
2360.000000	1.184630  
2358.000000	1.177924  
2356.000000	1.180425  
2354.000000	1.180978  
2352.000000	1.178679  
2350.000000	1.172841  
2348.000000	1.167546  
2346.000000	1.170859  
2344.000000	1.176440  
2342.000000	1.177631  
2340.000000	1.175586  
2338.000000	1.170413  
2336.000000	1.170321  
2334.000000	1.173949  
2332.000000	1.169192  
2330.000000	1.170801  
2328.000000	1.177281  
2326.000000	1.175879  
2324.000000	1.176152  
2322.000000	1.176610  
2320.000000	1.172279  
2318.000000	1.170793  
2316.000000	1.169085  
2314.000000	1.168419  
2312.000000	1.169568  
2310.000000	1.168076  
2308.000000	1.168673  
2306.000000	1.169041  
2304.000000	1.168087  
2302.000000	1.166983  
2300.000000	1.163694  
2298.000000	1.160577  
2296.000000	1.163755  
2294.000000	1.164497  
2292.000000	1.164528  
2290.000000	1.162171  
2288.000000	1.159799  
2286.000000	1.162379  
2284.000000	1.162710  
2282.000000	1.162308  
2280.000000	1.163311  
2278.000000	1.163402  
2276.000000	1.164386  
2274.000000	1.166389  
2272.000000	1.162462  
2270.000000	1.163812  
2268.000000	1.166539  
2266.000000	1.166488  
2264.000000	1.166624  
2262.000000	1.167305  
2260.000000	1.167073  
2258.000000	1.169059  
2256.000000	1.167118  
2254.000000	1.166377  
2252.000000	1.168355  
2250.000000	1.167834  
2248.000000	1.167663  
2246.000000	1.167985  
2244.000000	1.167267  
2242.000000	1.166840  
2240.000000	1.167892  
2238.000000	1.170159  
2236.000000	1.169337  
2234.000000	1.167187  
2232.000000	1.168671  
2230.000000	1.170812  
2228.000000	1.168926  
2226.000000	1.167950  
2224.000000	1.167458  
2222.000000	1.167517  
2220.000000	1.166997  
2218.000000	1.166258  
2216.000000	1.167914  
2214.000000	1.170796  
2212.000000	1.170171  
2210.000000	1.169846  
2208.000000	1.169175  
2206.000000	1.169504  
2204.000000	1.171166  
2202.000000	1.171430  
2200.000000	1.172224  
2198.000000	1.174357  
2196.000000	1.172997  
2194.000000	1.173083  
2192.000000	1.172415  
2190.000000	1.171908  
2188.000000	1.173694  
2186.000000	1.173343  
2184.000000	1.173602  
2182.000000	1.174566  
2180.000000	1.171344  
2178.000000	1.171380  
2176.000000	1.172931  
2174.000000	1.171615  
2172.000000	1.174486  
2170.000000	1.175666  
2168.000000	1.175772  
2166.000000	1.176401  
2164.000000	1.176438  
2162.000000	1.176402  
2160.000000	1.179599  
2158.000000	1.180955  
2156.000000	1.186444  
2154.000000	1.194496  
2152.000000	1.199685  
2150.000000	1.208718  
2148.000000	1.217313  
2146.000000	1.220670  
2144.000000	1.223041  
2142.000000	1.227010  
2140.000000	1.233416  
2138.000000	1.239189  
2136.000000	1.238629  
2134.000000	1.233781  
2132.000000	1.231521  
2130.000000	1.234913  
2128.000000	1.242341  
2126.000000	1.249217  
2124.000000	1.256397  
2122.000000	1.263062  
2120.000000	1.273306  
2118.000000	1.284977  
2116.000000	1.293672  
2114.000000	1.295850  
2112.000000	1.298689  
2110.000000	1.298034  
2108.000000	1.298859  
2106.000000	1.297432  
2104.000000	1.292544  
2102.000000	1.290546  
2100.000000	1.286376  
2098.000000	1.276693  
2096.000000	1.274537  
2094.000000	1.278374  
2092.000000	1.284066  
2090.000000	1.291639  
2088.000000	1.293031  
2086.000000	1.289545  
2084.000000	1.285858  
2082.000000	1.278252  
2080.000000	1.271174  
2078.000000	1.265448  
2076.000000	1.263163  
2074.000000	1.254179  
2072.000000	1.239753  
2070.000000	1.226928  
2068.000000	1.214079  
2066.000000	1.197441  
2064.000000	1.183762  
2062.000000	1.171693  
2060.000000	1.159319  
2058.000000	1.151239  
2056.000000	1.144307  
2054.000000	1.139060  
2052.000000	1.136889  
2050.000000	1.132429  
2048.000000	1.128561  
2046.000000	1.127996  
2044.000000	1.128067  
2042.000000	1.126970  
2040.000000	1.124230  
2038.000000	1.121480  
2036.000000	1.122488  
2034.000000	1.122527  
2032.000000	1.121185  
2030.000000	1.120479  
2028.000000	1.119434  
2026.000000	1.116633  
2024.000000	1.114772  
2022.000000	1.114046  
2020.000000	1.113708  
2018.000000	1.112741  
2016.000000	1.112399  
2014.000000	1.113489  
2012.000000	1.111492  
2010.000000	1.111144  
2008.000000	1.110024  
2006.000000	1.111140  
2004.000000	1.112062  
2002.000000	1.110606  
2000.000000	1.107858  
1998.000000	1.108913  
1996.000000	1.108845  
1994.000000	1.108198  
1992.000000	1.107449  
1990.000000	1.105401  
1988.000000	1.105467  
1986.000000	1.105024  
1984.000000	1.103147  
1982.000000	1.103711  
1980.000000	1.103073  
1978.000000	1.101780  
1976.000000	1.101749  
1974.000000	1.101517  
1972.000000	1.100071  
1970.000000	1.099236  
1968.000000	1.100410  
1966.000000	1.101336  
1964.000000	1.098813  
1962.000000	1.097298  
1960.000000	1.097100  
1958.000000	1.096944  
1956.000000	1.095631  
1954.000000	1.094323  
1952.000000	1.092383  
1950.000000	1.094296  
1948.000000	1.093916  
1946.000000	1.093785  
1944.000000	1.093844  
1942.000000	1.092695  
1940.000000	1.091348  
1938.000000	1.091674  
1936.000000	1.091201  
1934.000000	1.090757  
1932.000000	1.090949  
1930.000000	1.090683  
1928.000000	1.090484  
1926.000000	1.088973  
1924.000000	1.088328  
1922.000000	1.089604  
1920.000000	1.087294  
1918.000000	1.086751  
1916.000000	1.086907  
1914.000000	1.085528  
1912.000000	1.084666  
1910.000000	1.084267  
1908.000000	1.083459  
1906.000000	1.083128  
1904.000000	1.083736  
1902.000000	1.083231  
1900.000000	1.082825  
1898.000000	1.081032  
1896.000000	1.080673  
1894.000000	1.079197  
1892.000000	1.076602  
1890.000000	1.078195  
1888.000000	1.077678  
1886.000000	1.075358  
1884.000000	1.075911  
1882.000000	1.074769  
1880.000000	1.073175  
1878.000000	1.072893  
1876.000000	1.072416  
1874.000000	1.071764  
1872.000000	1.069930  
1870.000000	1.070482  
1868.000000	1.073251  
1866.000000	1.072761  
1864.000000	1.071717  
1862.000000	1.070394  
1860.000000	1.070440  
1858.000000	1.070317  
1856.000000	1.068584  
1854.000000	1.066785  
1852.000000	1.067636  
1850.000000	1.065185  
1848.000000	1.064401  
1846.000000	1.061494  
1844.000000	1.064741  
1842.000000	1.065296  
1840.000000	1.062421  
1838.000000	1.060223  
1836.000000	1.061011  
1834.000000	1.058828  
1832.000000	1.056460  
1830.000000	1.059215  
1828.000000	1.057694  
1826.000000	1.057385  
1824.000000	1.057729  
1822.000000	1.054255  
1820.000000	1.054037  
1818.000000	1.053198  
1816.000000	1.050883  
1814.000000	1.049481  
1812.000000	1.049325  
1810.000000	1.049358  
1808.000000	1.049890  
1806.000000	1.050230  
1804.000000	1.049969  
1802.000000	1.048981  
1800.000000	1.047176  
1798.000000	1.045737  
1796.000000	1.045388  
1794.000000	1.044584  
1792.000000	1.046659  
1790.000000	1.044924  
1788.000000	1.042384  
1786.000000	1.041139  
1784.000000	1.041622  
1782.000000	1.041405  
1780.000000	1.041392  
1778.000000	1.040839  
1776.000000	1.038044  
1774.000000	1.038085  
1772.000000	1.043191  
1770.000000	1.040629  
1768.000000	1.038153  
1766.000000	1.036524  
1764.000000	1.033143  
1762.000000	1.033902  
1760.000000	1.033436  
1758.000000	1.031503  
1756.000000	1.032645  
1754.000000	1.030025  
1752.000000	1.029256  
1750.000000	1.032490  
1748.000000	1.030392  
1746.000000	1.029784  
1744.000000	1.031215  
1742.000000	1.030757  
1740.000000	1.030134  
1738.000000	1.030056  
1736.000000	1.025038  
1734.000000	1.032823  
1732.000000	1.031196  
1730.000000	1.027696  
1728.000000	1.027834  
1726.000000	1.026558  
1724.000000	1.026541  
1722.000000	1.023745  
1720.000000	1.018453  
1718.000000	1.021378  
1716.000000	1.024155  
1714.000000	1.021203  
1712.000000	1.019786  
1710.000000	1.018085  
1708.000000	1.015847  
1706.000000	1.018125  
1704.000000	1.015106  
1702.000000	1.009310  
1700.000000	1.015600  
1698.000000	1.013629  
1696.000000	1.015188  
1694.000000	1.014846  
1692.000000	1.008550  
1690.000000	1.008062  
1688.000000	1.005100  
1686.000000	1.003251  
1684.000000	1.009177  
1682.000000	1.008183  
1680.000000	1.005335  
1678.000000	1.001805  
1676.000000	0.999860  
1674.000000	1.001899  
1672.000000	0.997596  
1670.000000	0.999201  
1668.000000	1.000091  
1666.000000	0.994326  
1664.000000	0.992897  
1662.000000	0.994888  
1660.000000	0.992737  
1658.000000	0.990201  
1656.000000	0.984420  
1654.000000	0.986137  
1652.000000	0.995943  
1650.000000	0.987806  
1648.000000	0.986395  
1646.000000	0.990686  
1644.000000	0.987495  
1642.000000	0.983822  
1640.000000	0.982370  
1638.000000	0.978652  
1636.000000	0.984311  
1634.000000	0.984727  
1632.000000	0.980006  
1630.000000	0.977184  
1628.000000	0.976623  
1626.000000	0.975045  
1624.000000	0.974756  
1622.000000	0.975032  
1620.000000	0.973076  
1618.000000	0.971674  
1616.000000	0.974579  
1614.000000	0.972921  
1612.000000	0.970235  
1610.000000	0.969473  
1608.000000	0.968577  
1606.000000	0.966928  
1604.000000	0.966403  
1602.000000	0.966796  
1600.000000	0.965551  
1598.000000	0.964371  
1596.000000	0.962551  
1594.000000	0.960119  
1592.000000	0.959928  
1590.000000	0.959278  
1588.000000	0.958957  
1586.000000	0.956763  
1584.000000	0.956343  
1582.000000	0.955205  
1580.000000	0.953198  
1578.000000	0.950064  
1576.000000	0.955331  
1574.000000	0.952209  
1572.000000	0.947916  
1570.000000	0.948612  
1568.000000	0.949417  
1566.000000	0.948054  
1564.000000	0.945739  
1562.000000	0.939940  
1560.000000	0.943050  
1558.000000	0.949346  
1556.000000	0.942373  
1554.000000	0.940036  
1552.000000	0.939717  
1550.000000	0.940192  
1548.000000	0.936901  
1546.000000	0.932363  
1544.000000	0.930947  
1542.000000	0.930309  
1540.000000	0.936097  
1538.000000	0.936925  
1536.000000	0.930109  
1534.000000	0.929654  
1532.000000	0.930046  
1530.000000	0.926974  
1528.000000	0.925661  
1526.000000	0.924407  
1524.000000	0.921571  
1522.000000	0.923701  
1520.000000	0.925256  
1518.000000	0.922961  
1516.000000	0.922055  
1514.000000	0.917577  
1512.000000	0.916256  
1510.000000	0.914498  
1508.000000	0.915106  
1506.000000	0.921943  
1504.000000	0.917073  
1502.000000	0.913097  
1500.000000	0.913492  
1498.000000	0.913864  
1496.000000	0.913950  
1494.000000	0.910339  
1492.000000	0.906911  
1490.000000	0.909551  
1488.000000	0.909409  
1486.000000	0.906054  
1484.000000	0.903448  
1482.000000	0.902874  
1480.000000	0.902028  
1478.000000	0.901310  
1476.000000	0.900216  
1474.000000	0.901035  
1472.000000	0.901395  
1470.000000	0.900789  
1468.000000	0.896601  
1466.000000	0.895182  
1464.000000	0.896611  
1462.000000	0.895507  
1460.000000	0.891195  
1458.000000	0.892649  
1456.000000	0.894888  
1454.000000	0.891709  
1452.000000	0.890147  
1450.000000	0.887624  
1448.000000	0.886284  
1446.000000	0.885202  
1444.000000	0.883482  
1442.000000	0.882582  
1440.000000	0.879406  
1438.000000	0.878024  
1436.000000	0.880142  
1434.000000	0.876679  
1432.000000	0.871608  
1430.000000	0.870189  
1428.000000	0.869388  
1426.000000	0.867581  
1424.000000	0.865870  
1422.000000	0.862612  
1420.000000	0.862321  
1418.000000	0.862832  
1416.000000	0.859035  
1414.000000	0.857384  
1412.000000	0.855165  
1410.000000	0.853706  
1408.000000	0.851861  
1406.000000	0.850767  
1404.000000	0.850167  
1402.000000	0.846567  
1400.000000	0.844478  
1398.000000	0.844287  
1396.000000	0.842637  
1394.000000	0.841645  
1392.000000	0.839418  
1390.000000	0.836030  
1388.000000	0.835598  
1386.000000	0.834425  
1384.000000	0.831387  
1382.000000	0.829943  
1380.000000	0.828749  
1378.000000	0.826090  
1376.000000	0.823907  
1374.000000	0.822886  
1372.000000	0.821253  
1370.000000	0.818028  
1368.000000	0.816063  
1366.000000	0.814185  
1364.000000	0.813482  
1362.000000	0.812808  
1360.000000	0.811103  
1358.000000	0.807285  
1356.000000	0.806270  
1354.000000	0.804830  
1352.000000	0.802557  
1350.000000	0.801262  
1348.000000	0.799911  
1346.000000	0.798062  
1344.000000	0.796521  
1342.000000	0.793614  
1340.000000	0.791370  
1338.000000	0.790107  
1336.000000	0.788414  
1334.000000	0.787037  
1332.000000	0.785793  
1330.000000	0.783814  
1328.000000	0.781928  
1326.000000	0.779019  
1324.000000	0.777325  
1322.000000	0.776435  
1320.000000	0.774288  
1318.000000	0.772495  
1316.000000	0.772134  
1314.000000	0.770200  
1312.000000	0.768973  
1310.000000	0.765699  
1308.000000	0.764068  
1306.000000	0.761903  
1304.000000	0.760331  
1302.000000	0.758737  
1300.000000	0.757455  
1298.000000	0.755217  
1296.000000	0.753814  
1294.000000	0.751557  
1292.000000	0.748206  
1290.000000	0.747393  
1288.000000	0.745457  
1286.000000	0.742824  
1284.000000	0.740715  
1282.000000	0.738478  
1280.000000	0.737025  
1278.000000	0.735432  
1276.000000	0.732693  
1274.000000	0.731189  
1272.000000	0.729226  
1270.000000	0.726308  
1268.000000	0.724042  
1266.000000	0.721855  
1264.000000	0.720197  
1262.000000	0.718635  
1260.000000	0.715447  
1258.000000	0.713508  
1256.000000	0.710924  
1254.000000	0.708752  
1252.000000	0.707034  
1250.000000	0.704740  
1248.000000	0.702464  
1246.000000	0.700220  
1244.000000	0.697344  
1242.000000	0.695586  
1240.000000	0.693289  
1238.000000	0.691253  
1236.000000	0.689511  
1234.000000	0.687487  
1232.000000	0.684905  
1230.000000	0.682978  
1228.000000	0.680420  
1226.000000	0.678680  
1224.000000	0.675939  
1222.000000	0.672926  
1220.000000	0.671393  
1218.000000	0.669603  
1216.000000	0.667562  
1214.000000	0.666399  
1212.000000	0.663591  
1210.000000	0.661364  
1208.000000	0.659062  
1206.000000	0.657658  
1204.000000	0.655961  
1202.000000	0.654208  
1200.000000	0.651118  
1198.000000	0.649538  
1196.000000	0.647920  
1194.000000	0.646721  
1192.000000	0.644926  
1190.000000	0.642987  
1188.000000	0.641611  
1186.000000	0.639772  
1184.000000	0.638308  
1182.000000	0.637161  
1180.000000	0.635433  
1178.000000	0.634002  
1176.000000	0.633076  
1174.000000	0.631265  
1172.000000	0.630059  
1170.000000	0.629182  
1168.000000	0.628270  
1166.000000	0.627986  
1164.000000	0.626349  
1162.000000	0.624658  
1160.000000	0.624449  
1158.000000	0.624506  
1156.000000	0.624312  
1154.000000	0.624259  
1152.000000	0.623662  
1150.000000	0.623878  
1148.000000	0.623105  
1146.000000	0.622963  
1144.000000	0.623391  
1142.000000	0.623902  
1140.000000	0.624247  
1138.000000	0.624359  
1136.000000	0.624924  
1134.000000	0.625907  
1132.000000	0.626087  
1130.000000	0.624930  
1128.000000	0.625504  
1126.000000	0.624621  
1124.000000	0.624276  
1122.000000	0.624842  
1120.000000	0.624832  
1118.000000	0.624451  
1116.000000	0.624994  
1114.000000	0.625678  
1112.000000	0.627427  
1110.000000	0.628307  
1108.000000	0.630387  
1106.000000	0.632859  
1104.000000	0.634165  
1102.000000	0.634434  
1100.000000	0.636324  
1098.000000	0.637149  
1096.000000	0.639057  
1094.000000	0.638543  
1092.000000	0.638990  
1090.000000	0.639341  
1088.000000	0.638956  
1086.000000	0.638820  
1084.000000	0.638667  
1082.000000	0.637016  
1080.000000	0.637661  
1078.000000	0.637840  
1076.000000	0.637460  
1074.000000	0.638415  
1072.000000	0.638278  
1070.000000	0.637586  
1068.000000	0.637153  
1066.000000	0.635355  
1064.000000	0.634788  
1062.000000	0.634490  
1060.000000	0.632701  
1058.000000	0.632054  
1056.000000	0.630704  
1054.000000	0.627092  
1052.000000	0.624942  
1050.000000	0.623569  
1048.000000	0.622876  
1046.000000	0.620097  
1044.000000	0.618245  
1042.000000	0.615652  
1040.000000	0.612846  
1038.000000	0.609412  
1036.000000	0.606999  
1034.000000	0.603565  
1032.000000	0.599804  
1030.000000	0.596258  
1028.000000	0.591728  
1026.000000	0.588273  
1024.000000	0.583180  
1022.000000	0.578372  
1020.000000	0.573094  
1018.000000	0.567485  
1016.000000	0.561978  
1014.000000	0.557467  
1012.000000	0.551495  
1010.000000	0.546534  
1008.000000	0.540842  
1006.000000	0.534184  
1004.000000	0.527955  
1002.000000	0.521938  
1000.000000	0.515901  
998.000000	 0.511278  
996.000000	 0.506009  
994.000000	 0.500767  
992.000000	 0.495523  
990.000000	 0.491152  
988.000000	 0.488710  
986.000000	 0.486355  
984.000000	 0.485006  
982.000000	 0.486436  
980.000000	 0.486910  
978.000000	 0.487270  
976.000000	 0.486878  
974.000000	 0.484922  
972.000000	 0.481205  
970.000000	 0.475967  
968.000000	 0.469554  
966.000000	 0.464387  
964.000000	 0.458941  
962.000000	 0.453898  
960.000000	 0.450277  
958.000000	 0.446820  
956.000000	 0.443502  
954.000000	 0.440642  
952.000000	 0.437701  
950.000000	 0.436421  
948.000000	 0.435192  
946.000000	 0.434106  
944.000000	 0.434171  
942.000000	 0.435930  
940.000000	 0.437117  
938.000000	 0.438995  
936.000000	 0.439738  
934.000000	 0.440839  
932.000000	 0.441214  
930.000000	 0.442203  
928.000000	 0.442924  
926.000000	 0.444820  
924.000000	 0.450131  
922.000000	 0.460233  
920.000000	 0.476340  
918.000000	 0.498886  
916.000000	 0.521308  
914.000000	 0.538870  
912.000000	 0.555499  
910.000000	 0.569547  
908.000000	 0.582675  
906.000000	 0.590171  
904.000000	 0.589061  
902.000000	 0.584847  
900.000000	 0.578287  
898.000000	 0.564839  
896.000000	 0.548516  
894.000000	 0.527629  
892.000000	 0.503134  
890.000000	 0.479115  
888.000000	 0.454735  
886.000000	 0.433621  
884.000000	 0.417925  
882.000000	 0.405174  
880.000000	 0.395975  
878.000000	 0.389612  
876.000000	 0.385302  
874.000000	 0.382653  
872.000000	 0.380839  
870.000000	 0.379718  
868.000000	 0.381127  
866.000000	 0.381750  
864.000000	 0.382927  
862.000000	 0.383477  
860.000000	 0.382453  
858.000000	 0.380455  
856.000000	 0.378178  
854.000000	 0.375194  
852.000000	 0.373309  
850.000000	 0.370598  
848.000000	 0.368866  
846.000000	 0.367445  
844.000000	 0.366236  
842.000000	 0.365226  
840.000000	 0.363992  
838.000000	 0.361845  
836.000000	 0.361224  
834.000000	 0.359733  
832.000000	 0.357235  
830.000000	 0.354045  
828.000000	 0.351868  
826.000000	 0.349488  
824.000000	 0.347363  
822.000000	 0.345033  
820.000000	 0.344343  
818.000000	 0.342590  
816.000000	 0.341575  
814.000000	 0.341201  
812.000000	 0.339705  
810.000000	 0.339051  
808.000000	 0.337259  
806.000000	 0.334238  
804.000000	 0.331085  
802.000000	 0.326946  
800.000000	 0.321986  
798.000000	 0.319128  
796.000000	 0.315475  
794.000000	 0.311814  
792.000000	 0.308417  
790.000000	 0.303989  
788.000000	 0.300099  
786.000000	 0.295559  
784.000000	 0.290088  
782.000000	 0.285534  
780.000000	 0.280260  
778.000000	 0.274323  
776.000000	 0.269282  
774.000000	 0.264018  
772.000000	 0.259749  
770.000000	 0.254790  
768.000000	 0.249035  
766.000000	 0.244341  
764.000000	 0.240304  
762.000000	 0.236220  
760.000000	 0.232833  
758.000000	 0.230055  
756.000000	 0.227451  
754.000000	 0.225249  
752.000000	 0.222531  
750.000000	 0.221389  
748.000000	 0.219732  
746.000000	 0.219942  
744.000000	 0.221790  
742.000000	 0.223986  
740.000000	 0.227686  
738.000000	 0.233789  
736.000000	 0.238591  
734.000000	 0.242334  
732.000000	 0.245081  
730.000000	 0.249815  
728.000000	 0.257267  
726.000000	 0.265313  
724.000000	 0.273060  
722.000000	 0.280521  
720.000000	 0.285794  
718.000000	 0.292042  
716.000000	 0.297126  
714.000000	 0.302650  
712.000000	 0.307277  
710.000000	 0.311735  
708.000000	 0.316860  
706.000000	 0.323140  
704.000000	 0.328637  
702.000000	 0.335826  
700.000000	 0.343226  
698.000000	 0.351215  
696.000000	 0.362878  
694.000000	 0.375380  
692.000000	 0.388030  
690.000000	 0.403760  
688.000000	 0.419502  
686.000000	 0.435184  
684.000000	 0.451473  
682.000000	 0.465657  
680.000000	 0.479879  
678.000000	 0.494429  
676.000000	 0.506257  
674.000000	 0.518486  
672.000000	 0.527577  
670.000000	 0.532763  
668.000000	 0.536540  
666.000000	 0.533267  
664.000000	 0.526556  
662.000000	 0.518927  
660.000000	 0.509299  
658.000000	 0.503623  
656.000000	 0.497178  
654.000000	 0.490378  
652.000000	 0.488052  
650.000000	 0.487118  
648.000000	 0.490661  
646.000000	 0.495903  
644.000000	 0.504152  
642.000000	 0.511505  
640.000000	 0.519915  
638.000000	 0.528363  
636.000000	 0.541568  
634.000000	 0.553072  
632.000000	 0.564332  
630.000000	 0.571500  
628.000000	 0.571065  
626.000000	 0.563260  
624.000000	 0.544318  
622.000000	 0.513837  
620.000000	 0.478570  
618.000000	 0.435855  
616.000000	 0.396842  
614.000000	 0.362218  
612.000000	 0.329209  
610.000000	 0.299489  
608.000000	 0.275434  
606.000000	 0.253359  
604.000000	 0.236381  
602.000000	 0.220004  
600.000000	 0.206221  
598.000000	 0.195158  
596.000000	 0.184583  
594.000000	 0.174693  
592.000000	 0.167402  
590.000000	 0.159237  
588.000000	 0.154036  
586.000000	 0.148546  
584.000000	 0.142622  
582.000000	 0.138163  
580.000000	 0.134248  
578.000000	 0.128845  
576.000000	 0.122987  
574.000000	 0.116462  
572.000000	 0.110943  
570.000000	 0.104711  
568.000000	 0.098894  
566.000000	 0.096075  
564.000000	 0.092882  
562.000000	 0.088178  
560.000000	 0.084545  
558.000000	 0.079520  
556.000000	 0.076116  
554.000000	 0.073509  
552.000000	 0.071788  
550.000000	 0.070991  
548.000000	 0.069259  
546.000000	 0.065927  
544.000000	 0.062372  
542.000000	 0.059058  
540.000000	 0.055087  
538.000000	 0.052813  
536.000000	 0.049821  
534.000000	 0.048289  
532.000000	 0.045860  
530.000000	 0.043772  
528.000000	 0.041799  
526.000000	 0.039853  
524.000000	 0.038293  
522.000000	 0.038344  
520.000000	 0.037519  
518.000000	 0.038236  
516.000000	 0.038949  
514.000000	 0.039280  
512.000000	 0.040771  
510.000000	 0.041690  
508.000000	 0.041352  
506.000000	 0.041291  
504.000000	 0.039439  
502.000000	 0.038350  
500.000000	 0.037850  
498.000000	 0.035917  
496.000000	 0.034477  
494.000000	 0.033481  
492.000000	 0.031261  
490.000000	 0.031281  
488.000000	 0.029814  
486.000000	 0.028887  
484.000000	 0.027446  
482.000000	 0.025453  
480.000000	 0.022717  
478.000000	 0.020953  
476.000000	 0.018378  
474.000000	 0.016992  
472.000000	 0.014735  
470.000000	 0.013047  
468.000000	 0.011907  
466.000000	 0.008399  
464.000000	 0.005494  
462.000000	 0.003152  
460.000000	 -0.000875 
458.000000	 -0.000961 
456.000000	 -0.001662 
454.000000	 -0.003227 
452.000000	 -0.003761 
450.000000	 -0.006051 

