4400.000000	1.278685  
4398.000000	1.277934  
4396.000000	1.277471  
4394.000000	1.281281  
4392.000000	1.281748  
4390.000000	1.281944  
4388.000000	1.280824  
4386.000000	1.277289  
4384.000000	1.276472  
4382.000000	1.279806  
4380.000000	1.281929  
4378.000000	1.279630  
4376.000000	1.278551  
4374.000000	1.280502  
4372.000000	1.279528  
4370.000000	1.277503  
4368.000000	1.278186  
4366.000000	1.278254  
4364.000000	1.278823  
4362.000000	1.283163  
4360.000000	1.284648  
4358.000000	1.281164  
4356.000000	1.282781  
4354.000000	1.287539  
4352.000000	1.288401  
4350.000000	1.284432  
4348.000000	1.285404  
4346.000000	1.288727  
4344.000000	1.289389  
4342.000000	1.290615  
4340.000000	1.289014  
4338.000000	1.286406  
4336.000000	1.284110  
4334.000000	1.282186  
4332.000000	1.283863  
4330.000000	1.285400  
4328.000000	1.289512  
4326.000000	1.290997  
4324.000000	1.285394  
4322.000000	1.282585  
4320.000000	1.284610  
4318.000000	1.284530  
4316.000000	1.287844  
4314.000000	1.293265  
4312.000000	1.290404  
4310.000000	1.284795  
4308.000000	1.282889  
4306.000000	1.285318  
4304.000000	1.284532  
4302.000000	1.282869  
4300.000000	1.284373  
4298.000000	1.285140  
4296.000000	1.287551  
4294.000000	1.286074  
4292.000000	1.282962  
4290.000000	1.285111  
4288.000000	1.287790  
4286.000000	1.287643  
4284.000000	1.284753  
4282.000000	1.280644  
4280.000000	1.280593  
4278.000000	1.283340  
4276.000000	1.282168  
4274.000000	1.283016  
4272.000000	1.283827  
4270.000000	1.281952  
4268.000000	1.283620  
4266.000000	1.283298  
4264.000000	1.282728  
4262.000000	1.280860  
4260.000000	1.278571  
4258.000000	1.275468  
4256.000000	1.276095  
4254.000000	1.281321  
4252.000000	1.283891  
4250.000000	1.281705  
4248.000000	1.282553  
4246.000000	1.283018  
4244.000000	1.281200  
4242.000000	1.285654  
4240.000000	1.288127  
4238.000000	1.283620  
4236.000000	1.282702  
4234.000000	1.282236  
4232.000000	1.278905  
4230.000000	1.278764  
4228.000000	1.280536  
4226.000000	1.284142  
4224.000000	1.288316  
4222.000000	1.288896  
4220.000000	1.286116  
4218.000000	1.285302  
4216.000000	1.286036  
4214.000000	1.285336  
4212.000000	1.285924  
4210.000000	1.286821  
4208.000000	1.285101  
4206.000000	1.283624  
4204.000000	1.284281  
4202.000000	1.285172  
4200.000000	1.283455  
4198.000000	1.282384  
4196.000000	1.285806  
4194.000000	1.285554  
4192.000000	1.283548  
4190.000000	1.287348  
4188.000000	1.290784  
4186.000000	1.286042  
4184.000000	1.283702  
4182.000000	1.287214  
4180.000000	1.287701  
4178.000000	1.284205  
4176.000000	1.280937  
4174.000000	1.281465  
4172.000000	1.284424  
4170.000000	1.283465  
4168.000000	1.281992  
4166.000000	1.282666  
4164.000000	1.282813  
4162.000000	1.283751  
4160.000000	1.284383  
4158.000000	1.283499  
4156.000000	1.280731  
4154.000000	1.276870  
4152.000000	1.274282  
4150.000000	1.276461  
4148.000000	1.280048  
4146.000000	1.283240  
4144.000000	1.283324  
4142.000000	1.277560  
4140.000000	1.277503  
4138.000000	1.278559  
4136.000000	1.273959  
4134.000000	1.275085  
4132.000000	1.276946  
4130.000000	1.276558  
4128.000000	1.277673  
4126.000000	1.278817  
4124.000000	1.278870  
4122.000000	1.277520  
4120.000000	1.274467  
4118.000000	1.277932  
4116.000000	1.280475  
4114.000000	1.279640  
4112.000000	1.279624  
4110.000000	1.279031  
4108.000000	1.280182  
4106.000000	1.279863  
4104.000000	1.277666  
4102.000000	1.279167  
4100.000000	1.279289  
4098.000000	1.275739  
4096.000000	1.273524  
4094.000000	1.274664  
4092.000000	1.275526  
4090.000000	1.276198  
4088.000000	1.277438  
4086.000000	1.277654  
4084.000000	1.279642  
4082.000000	1.277644  
4080.000000	1.275874  
4078.000000	1.275862  
4076.000000	1.275964  
4074.000000	1.275155  
4072.000000	1.275991  
4070.000000	1.278579  
4068.000000	1.278473  
4066.000000	1.275815  
4064.000000	1.275891  
4062.000000	1.274720  
4060.000000	1.273720  
4058.000000	1.275317  
4056.000000	1.275122  
4054.000000	1.274867  
4052.000000	1.276368  
4050.000000	1.275401  
4048.000000	1.271230  
4046.000000	1.268054  
4044.000000	1.266856  
4042.000000	1.267730  
4040.000000	1.271157  
4038.000000	1.276114  
4036.000000	1.276691  
4034.000000	1.274395  
4032.000000	1.272869  
4030.000000	1.270579  
4028.000000	1.272382  
4026.000000	1.276237  
4024.000000	1.275327  
4022.000000	1.275038  
4020.000000	1.274943  
4018.000000	1.274939  
4016.000000	1.275042  
4014.000000	1.272817  
4012.000000	1.268588  
4010.000000	1.269321  
4008.000000	1.271662  
4006.000000	1.270321  
4004.000000	1.269346  
4002.000000	1.269534  
4000.000000	1.270099  
3998.000000	1.270995  
3996.000000	1.271352  
3994.000000	1.272756  
3992.000000	1.272522  
3990.000000	1.271623  
3988.000000	1.276044  
3986.000000	1.277579  
3984.000000	1.275471  
3982.000000	1.270282  
3980.000000	1.269234  
3978.000000	1.270367  
3976.000000	1.272256  
3974.000000	1.276198  
3972.000000	1.274354  
3970.000000	1.271116  
3968.000000	1.275524  
3966.000000	1.276811  
3964.000000	1.274206  
3962.000000	1.274489  
3960.000000	1.276190  
3958.000000	1.273924  
3956.000000	1.271908  
3954.000000	1.271474  
3952.000000	1.269935  
3950.000000	1.269140  
3948.000000	1.268261  
3946.000000	1.268615  
3944.000000	1.270004  
3942.000000	1.269586  
3940.000000	1.268165  
3938.000000	1.267528  
3936.000000	1.264760  
3934.000000	1.266122  
3932.000000	1.271122  
3930.000000	1.270348  
3928.000000	1.268056  
3926.000000	1.268766  
3924.000000	1.268321  
3922.000000	1.263645  
3920.000000	1.262330  
3918.000000	1.265524  
3916.000000	1.267145  
3914.000000	1.265024  
3912.000000	1.265114  
3910.000000	1.265116  
3908.000000	1.263535  
3906.000000	1.263020  
3904.000000	1.263707  
3902.000000	1.264463  
3900.000000	1.269426  
3898.000000	1.270135  
3896.000000	1.263335  
3894.000000	1.261222  
3892.000000	1.266317  
3890.000000	1.263136  
3888.000000	1.260582  
3886.000000	1.267923  
3884.000000	1.263746  
3882.000000	1.265549  
3880.000000	1.271302  
3878.000000	1.262201  
3876.000000	1.261090  
3874.000000	1.264168  
3872.000000	1.261411  
3870.000000	1.271677  
3868.000000	1.269475  
3866.000000	1.273292  
3864.000000	1.274882  
3862.000000	1.270354  
3860.000000	1.269111  
3858.000000	1.264525  
3856.000000	1.261271  
3854.000000	1.278353  
3852.000000	1.280200  
3850.000000	1.269604  
3848.000000	1.264510  
3846.000000	1.263533  
3844.000000	1.264687  
3842.000000	1.260437  
3840.000000	1.264563  
3838.000000	1.273766  
3836.000000	1.271321  
3834.000000	1.269116  
3832.000000	1.268684  
3830.000000	1.262510  
3828.000000	1.262243  
3826.000000	1.263753  
3824.000000	1.256018  
3822.000000	1.265707  
3820.000000	1.269078  
3818.000000	1.262660  
3816.000000	1.272299  
3814.000000	1.266977  
3812.000000	1.260269  
3810.000000	1.255233  
3808.000000	1.261651  
3806.000000	1.266598  
3804.000000	1.256113  
3802.000000	1.262935  
3800.000000	1.261146  
3798.000000	1.258493  
3796.000000	1.262260  
3794.000000	1.258438  
3792.000000	1.259495  
3790.000000	1.261135  
3788.000000	1.255764  
3786.000000	1.254695  
3784.000000	1.256522  
3782.000000	1.255488  
3780.000000	1.260177  
3778.000000	1.262933  
3776.000000	1.261668  
3774.000000	1.258557  
3772.000000	1.254306  
3770.000000	1.259433  
3768.000000	1.260814  
3766.000000	1.262289  
3764.000000	1.258955  
3762.000000	1.254276  
3760.000000	1.257443  
3758.000000	1.257007  
3756.000000	1.252093  
3754.000000	1.249536  
3752.000000	1.255171  
3750.000000	1.262539  
3748.000000	1.255611  
3746.000000	1.255522  
3744.000000	1.273794  
3742.000000	1.263930  
3740.000000	1.256128  
3738.000000	1.255650  
3736.000000	1.259717  
3734.000000	1.262294  
3732.000000	1.268663  
3730.000000	1.265814  
3728.000000	1.264050  
3726.000000	1.266015  
3724.000000	1.263717  
3722.000000	1.264908  
3720.000000	1.267459  
3718.000000	1.268254  
3716.000000	1.267009  
3714.000000	1.268859  
3712.000000	1.275667  
3710.000000	1.275364  
3708.000000	1.270438  
3706.000000	1.267005  
3704.000000	1.267500  
3702.000000	1.271720  
3700.000000	1.269438  
3698.000000	1.267760  
3696.000000	1.269933  
3694.000000	1.267109  
3692.000000	1.263421  
3690.000000	1.265711  
3688.000000	1.268751  
3686.000000	1.265999  
3684.000000	1.264765  
3682.000000	1.263848  
3680.000000	1.265026  
3678.000000	1.262893  
3676.000000	1.266531  
3674.000000	1.259901  
3672.000000	1.258211  
3670.000000	1.272462  
3668.000000	1.269868  
3666.000000	1.265356  
3664.000000	1.264902  
3662.000000	1.262764  
3660.000000	1.260967  
3658.000000	1.262268  
3656.000000	1.264451  
3654.000000	1.256575  
3652.000000	1.256762  
3650.000000	1.262675  
3648.000000	1.268338  
3646.000000	1.267758  
3644.000000	1.265518  
3642.000000	1.264883  
3640.000000	1.262073  
3638.000000	1.260095  
3636.000000	1.260544  
3634.000000	1.260439  
3632.000000	1.253941  
3630.000000	1.256044  
3628.000000	1.262673  
3626.000000	1.259800  
3624.000000	1.256737  
3622.000000	1.254678  
3620.000000	1.260925  
3618.000000	1.266885  
3616.000000	1.262290  
3614.000000	1.258397  
3612.000000	1.257314  
3610.000000	1.261831  
3608.000000	1.266780  
3606.000000	1.265268  
3604.000000	1.265175  
3602.000000	1.268027  
3600.000000	1.268231  
3598.000000	1.268361  
3596.000000	1.267945  
3594.000000	1.269340  
3592.000000	1.265851  
3590.000000	1.264265  
3588.000000	1.273454  
3586.000000	1.275356  
3584.000000	1.269500  
3582.000000	1.267632  
3580.000000	1.265442  
3578.000000	1.265322  
3576.000000	1.267523  
3574.000000	1.266471  
3572.000000	1.263480  
3570.000000	1.263787  
3568.000000	1.268534  
3566.000000	1.266965  
3564.000000	1.266049  
3562.000000	1.268206  
3560.000000	1.267413  
3558.000000	1.266307  
3556.000000	1.263195  
3554.000000	1.261048  
3552.000000	1.261763  
3550.000000	1.261369  
3548.000000	1.263656  
3546.000000	1.266757  
3544.000000	1.267308  
3542.000000	1.263216  
3540.000000	1.260454  
3538.000000	1.258056  
3536.000000	1.257771  
3534.000000	1.257566  
3532.000000	1.255548  
3530.000000	1.254358  
3528.000000	1.257949  
3526.000000	1.260212  
3524.000000	1.259623  
3522.000000	1.259305  
3520.000000	1.259376  
3518.000000	1.257314  
3516.000000	1.256638  
3514.000000	1.258009  
3512.000000	1.256683  
3510.000000	1.256522  
3508.000000	1.256257  
3506.000000	1.255382  
3504.000000	1.255746  
3502.000000	1.254055  
3500.000000	1.251657  
3498.000000	1.254177  
3496.000000	1.258245  
3494.000000	1.259335  
3492.000000	1.259126  
3490.000000	1.258859  
3488.000000	1.256059  
3486.000000	1.255389  
3484.000000	1.256881  
3482.000000	1.258007  
3480.000000	1.256225  
3478.000000	1.254103  
3476.000000	1.255345  
3474.000000	1.258099  
3472.000000	1.260359  
3470.000000	1.260263  
3468.000000	1.257698  
3466.000000	1.257484  
3464.000000	1.260227  
3462.000000	1.261530  
3460.000000	1.260597  
3458.000000	1.259435  
3456.000000	1.258258  
3454.000000	1.259570  
3452.000000	1.261721  
3450.000000	1.261178  
3448.000000	1.262048  
3446.000000	1.261804  
3444.000000	1.260961  
3442.000000	1.259303  
3440.000000	1.258839  
3438.000000	1.261519  
3436.000000	1.261418  
3434.000000	1.260267  
3432.000000	1.261029  
3430.000000	1.260586  
3428.000000	1.262410  
3426.000000	1.260671  
3424.000000	1.255494  
3422.000000	1.256186  
3420.000000	1.258525  
3418.000000	1.258101  
3416.000000	1.255162  
3414.000000	1.253544  
3412.000000	1.253271  
3410.000000	1.254393  
3408.000000	1.256278  
3406.000000	1.255548  
3404.000000	1.255738  
3402.000000	1.255167  
3400.000000	1.253873  
3398.000000	1.252249  
3396.000000	1.250759  
3394.000000	1.250645  
3392.000000	1.249557  
3390.000000	1.248708  
3388.000000	1.250356  
3386.000000	1.252456  
3384.000000	1.253190  
3382.000000	1.249750  
3380.000000	1.247688  
3378.000000	1.246615  
3376.000000	1.249104  
3374.000000	1.250682  
3372.000000	1.249240  
3370.000000	1.248548  
3368.000000	1.247763  
3366.000000	1.247469  
3364.000000	1.248104  
3362.000000	1.248545  
3360.000000	1.247397  
3358.000000	1.246244  
3356.000000	1.246305  
3354.000000	1.247053  
3352.000000	1.248004  
3350.000000	1.248936  
3348.000000	1.250439  
3346.000000	1.249617  
3344.000000	1.247767  
3342.000000	1.249846  
3340.000000	1.250767  
3338.000000	1.250446  
3336.000000	1.250662  
3334.000000	1.249781  
3332.000000	1.251368  
3330.000000	1.251947  
3328.000000	1.250536  
3326.000000	1.251260  
3324.000000	1.249570  
3322.000000	1.246003  
3320.000000	1.245313  
3318.000000	1.245557  
3316.000000	1.247666  
3314.000000	1.249424  
3312.000000	1.251210  
3310.000000	1.250260  
3308.000000	1.249481  
3306.000000	1.249123  
3304.000000	1.247941  
3302.000000	1.247919  
3300.000000	1.249884  
3298.000000	1.252010  
3296.000000	1.252067  
3294.000000	1.250321  
3292.000000	1.248541  
3290.000000	1.247624  
3288.000000	1.247482  
3286.000000	1.247579  
3284.000000	1.247853  
3282.000000	1.247112  
3280.000000	1.244963  
3278.000000	1.243354  
3276.000000	1.244038  
3274.000000	1.245034  
3272.000000	1.244301  
3270.000000	1.244907  
3268.000000	1.245920  
3266.000000	1.244056  
3264.000000	1.242721  
3262.000000	1.244907  
3260.000000	1.244174  
3258.000000	1.240720  
3256.000000	1.239130  
3254.000000	1.241268  
3252.000000	1.240998  
3250.000000	1.240442  
3248.000000	1.239964  
3246.000000	1.240003  
3244.000000	1.240259  
3242.000000	1.240401  
3240.000000	1.238878  
3238.000000	1.237880  
3236.000000	1.241196  
3234.000000	1.243098  
3232.000000	1.242282  
3230.000000	1.242830  
3228.000000	1.242075  
3226.000000	1.240439  
3224.000000	1.241084  
3222.000000	1.242537  
3220.000000	1.243775  
3218.000000	1.242204  
3216.000000	1.242387  
3214.000000	1.242166  
3212.000000	1.239838  
3210.000000	1.238466  
3208.000000	1.239343  
3206.000000	1.240733  
3204.000000	1.242254  
3202.000000	1.242859  
3200.000000	1.243185  
3198.000000	1.242872  
3196.000000	1.239484  
3194.000000	1.238966  
3192.000000	1.241896  
3190.000000	1.242696  
3188.000000	1.241633  
3186.000000	1.240648  
3184.000000	1.242204  
3182.000000	1.242951  
3180.000000	1.241672  
3178.000000	1.239406  
3176.000000	1.236939  
3174.000000	1.237204  
3172.000000	1.239042  
3170.000000	1.239935  
3168.000000	1.239501  
3166.000000	1.237229  
3164.000000	1.233292  
3162.000000	1.230432  
3160.000000	1.232139  
3158.000000	1.235185  
3156.000000	1.236109  
3154.000000	1.236941  
3152.000000	1.236659  
3150.000000	1.235331  
3148.000000	1.234898  
3146.000000	1.235160  
3144.000000	1.235160  
3142.000000	1.234651  
3140.000000	1.235475  
3138.000000	1.235480  
3136.000000	1.233569  
3134.000000	1.235139  
3132.000000	1.236687  
3130.000000	1.235082  
3128.000000	1.235867  
3126.000000	1.237568  
3124.000000	1.234996  
3122.000000	1.233026  
3120.000000	1.233682  
3118.000000	1.234740  
3116.000000	1.235236  
3114.000000	1.232945  
3112.000000	1.232195  
3110.000000	1.232950  
3108.000000	1.231791  
3106.000000	1.230286  
3104.000000	1.231307  
3102.000000	1.232511  
3100.000000	1.231198  
3098.000000	1.229496  
3096.000000	1.231188  
3094.000000	1.234337  
3092.000000	1.235258  
3090.000000	1.232059  
3088.000000	1.231110  
3086.000000	1.234713  
3084.000000	1.235067  
3082.000000	1.233117  
3080.000000	1.232885  
3078.000000	1.231530  
3076.000000	1.228500  
3074.000000	1.227108  
3072.000000	1.227496  
3070.000000	1.228986  
3068.000000	1.230096  
3066.000000	1.230381  
3064.000000	1.229372  
3062.000000	1.228733  
3060.000000	1.229123  
3058.000000	1.228421  
3056.000000	1.225533  
3054.000000	1.224537  
3052.000000	1.224918  
3050.000000	1.224647  
3048.000000	1.226448  
3046.000000	1.228164  
3044.000000	1.225575  
3042.000000	1.225672  
3040.000000	1.226872  
3038.000000	1.225236  
3036.000000	1.224331  
3034.000000	1.224185  
3032.000000	1.225058  
3030.000000	1.224589  
3028.000000	1.222739  
3026.000000	1.222580  
3024.000000	1.221425  
3022.000000	1.221337  
3020.000000	1.224360  
3018.000000	1.226406  
3016.000000	1.224713  
3014.000000	1.222469  
3012.000000	1.223317  
3010.000000	1.223225  
3008.000000	1.221251  
3006.000000	1.220992  
3004.000000	1.221730  
3002.000000	1.221440  
3000.000000	1.222836  
2998.000000	1.224650  
2996.000000	1.224829  
2994.000000	1.223625  
2992.000000	1.223987  
2990.000000	1.226354  
2988.000000	1.225956  
2986.000000	1.226533  
2984.000000	1.227795  
2982.000000	1.227924  
2980.000000	1.226287  
2978.000000	1.224070  
2976.000000	1.223906  
2974.000000	1.224949  
2972.000000	1.226462  
2970.000000	1.226765  
2968.000000	1.227083  
2966.000000	1.228472  
2964.000000	1.227658  
2962.000000	1.225821  
2960.000000	1.225939  
2958.000000	1.226626  
2956.000000	1.226889  
2954.000000	1.226481  
2952.000000	1.225344  
2950.000000	1.224904  
2948.000000	1.223833  
2946.000000	1.222502  
2944.000000	1.222030  
2942.000000	1.222096  
2940.000000	1.223116  
2938.000000	1.224098  
2936.000000	1.226064  
2934.000000	1.224985  
2932.000000	1.222433  
2930.000000	1.223341  
2928.000000	1.223547  
2926.000000	1.223937  
2924.000000	1.223348  
2922.000000	1.222817  
2920.000000	1.225083  
2918.000000	1.224700  
2916.000000	1.224751  
2914.000000	1.225836  
2912.000000	1.223197  
2910.000000	1.219107  
2908.000000	1.218126  
2906.000000	1.218369  
2904.000000	1.219018  
2902.000000	1.216179  
2900.000000	1.211227  
2898.000000	1.209285  
2896.000000	1.209954  
2894.000000	1.214285  
2892.000000	1.216170  
2890.000000	1.212872  
2888.000000	1.211372  
2886.000000	1.211904  
2884.000000	1.211697  
2882.000000	1.211832  
2880.000000	1.210409  
2878.000000	1.209665  
2876.000000	1.212503  
2874.000000	1.213348  
2872.000000	1.210946  
2870.000000	1.207800  
2868.000000	1.208589  
2866.000000	1.212107  
2864.000000	1.213801  
2862.000000	1.215869  
2860.000000	1.217979  
2858.000000	1.217892  
2856.000000	1.217393  
2854.000000	1.217000  
2852.000000	1.214979  
2850.000000	1.212297  
2848.000000	1.212711  
2846.000000	1.214524  
2844.000000	1.214474  
2842.000000	1.212894  
2840.000000	1.213027  
2838.000000	1.211195  
2836.000000	1.209627  
2834.000000	1.211560  
2832.000000	1.211618  
2830.000000	1.210752  
2828.000000	1.210438  
2826.000000	1.210102  
2824.000000	1.207199  
2822.000000	1.205188  
2820.000000	1.205140  
2818.000000	1.205782  
2816.000000	1.207822  
2814.000000	1.207064  
2812.000000	1.206051  
2810.000000	1.207862  
2808.000000	1.205911  
2806.000000	1.204375  
2804.000000	1.204003  
2802.000000	1.203741  
2800.000000	1.204848  
2798.000000	1.204797  
2796.000000	1.203697  
2794.000000	1.201885  
2792.000000	1.200376  
2790.000000	1.199431  
2788.000000	1.199219  
2786.000000	1.201983  
2784.000000	1.200873  
2782.000000	1.198040  
2780.000000	1.198328  
2778.000000	1.197968  
2776.000000	1.198387  
2774.000000	1.200367  
2772.000000	1.200087  
2770.000000	1.198493  
2768.000000	1.198619  
2766.000000	1.194587  
2764.000000	1.191872  
2762.000000	1.194682  
2760.000000	1.197249  
2758.000000	1.195878  
2756.000000	1.194375  
2754.000000	1.194213  
2752.000000	1.195719  
2750.000000	1.196246  
2748.000000	1.195596  
2746.000000	1.194689  
2744.000000	1.193118  
2742.000000	1.192752  
2740.000000	1.194720  
2738.000000	1.196695  
2736.000000	1.195571  
2734.000000	1.193204  
2732.000000	1.193844  
2730.000000	1.194052  
2728.000000	1.192842  
2726.000000	1.194069  
2724.000000	1.194862  
2722.000000	1.194563  
2720.000000	1.194473  
2718.000000	1.194731  
2716.000000	1.193491  
2714.000000	1.193116  
2712.000000	1.194828  
2710.000000	1.196452  
2708.000000	1.196882  
2706.000000	1.196363  
2704.000000	1.196212  
2702.000000	1.195705  
2700.000000	1.194935  
2698.000000	1.193826  
2696.000000	1.193451  
2694.000000	1.194532  
2692.000000	1.195748  
2690.000000	1.196052  
2688.000000	1.194169  
2686.000000	1.191405  
2684.000000	1.190338  
2682.000000	1.189942  
2680.000000	1.189949  
2678.000000	1.190338  
2676.000000	1.190385  
2674.000000	1.188914  
2672.000000	1.187490  
2670.000000	1.187444  
2668.000000	1.188408  
2666.000000	1.188077  
2664.000000	1.188422  
2662.000000	1.188235  
2660.000000	1.186290  
2658.000000	1.184667  
2656.000000	1.184632  
2654.000000	1.184266  
2652.000000	1.184889  
2650.000000	1.184746  
2648.000000	1.182600  
2646.000000	1.183512  
2644.000000	1.183294  
2642.000000	1.181613  
2640.000000	1.180810  
2638.000000	1.181024  
2636.000000	1.181752  
2634.000000	1.180782  
2632.000000	1.179047  
2630.000000	1.177253  
2628.000000	1.176831  
2626.000000	1.177384  
2624.000000	1.177006  
2622.000000	1.177065  
2620.000000	1.177445  
2618.000000	1.176965  
2616.000000	1.177427  
2614.000000	1.177513  
2612.000000	1.175579  
2610.000000	1.175884  
2608.000000	1.176808  
2606.000000	1.176203  
2604.000000	1.175840  
2602.000000	1.176500  
2600.000000	1.176834  
2598.000000	1.177384  
2596.000000	1.177362  
2594.000000	1.177894  
2592.000000	1.178854  
2590.000000	1.178650  
2588.000000	1.177680  
2586.000000	1.178508  
2584.000000	1.179860  
2582.000000	1.178778  
2580.000000	1.177910  
2578.000000	1.178545  
2576.000000	1.178211  
2574.000000	1.177695  
2572.000000	1.178255  
2570.000000	1.177024  
2568.000000	1.177929  
2566.000000	1.179713  
2564.000000	1.179053  
2562.000000	1.177557  
2560.000000	1.177286  
2558.000000	1.175497  
2556.000000	1.176169  
2554.000000	1.179305  
2552.000000	1.180080  
2550.000000	1.179557  
2548.000000	1.178487  
2546.000000	1.179098  
2544.000000	1.178590  
2542.000000	1.176886  
2540.000000	1.176168  
2538.000000	1.176017  
2536.000000	1.174235  
2534.000000	1.172946  
2532.000000	1.172470  
2530.000000	1.170879  
2528.000000	1.170052  
2526.000000	1.171678  
2524.000000	1.173529  
2522.000000	1.173988  
2520.000000	1.171622  
2518.000000	1.170073  
2516.000000	1.169181  
2514.000000	1.167659  
2512.000000	1.167678  
2510.000000	1.167902  
2508.000000	1.167579  
2506.000000	1.168148  
2504.000000	1.167398  
2502.000000	1.167176  
2500.000000	1.166992  
2498.000000	1.164649  
2496.000000	1.163735  
2494.000000	1.162232  
2492.000000	1.163170  
2490.000000	1.165994  
2488.000000	1.165594  
2486.000000	1.162214  
2484.000000	1.161737  
2482.000000	1.163492  
2480.000000	1.164669  
2478.000000	1.165053  
2476.000000	1.163764  
2474.000000	1.163023  
2472.000000	1.164549  
2470.000000	1.164362  
2468.000000	1.161039  
2466.000000	1.159139  
2464.000000	1.159839  
2462.000000	1.160834  
2460.000000	1.162349  
2458.000000	1.163906  
2456.000000	1.164267  
2454.000000	1.163821  
2452.000000	1.162959  
2450.000000	1.162245  
2448.000000	1.163011  
2446.000000	1.162828  
2444.000000	1.163951  
2442.000000	1.166214  
2440.000000	1.164923  
2438.000000	1.164357  
2436.000000	1.163862  
2434.000000	1.162633  
2432.000000	1.163295  
2430.000000	1.164321  
2428.000000	1.164234  
2426.000000	1.163206  
2424.000000	1.162217  
2422.000000	1.162364  
2420.000000	1.162787  
2418.000000	1.162421  
2416.000000	1.162277  
2414.000000	1.162427  
2412.000000	1.161587  
2410.000000	1.159973  
2408.000000	1.159481  
2406.000000	1.159871  
2404.000000	1.160013  
2402.000000	1.158892  
2400.000000	1.157987  
2398.000000	1.156861  
2396.000000	1.155753  
2394.000000	1.158007  
2392.000000	1.158773  
2390.000000	1.156533  
2388.000000	1.156970  
2386.000000	1.155863  
2384.000000	1.152905  
2382.000000	1.152860  
2380.000000	1.152964  
2378.000000	1.150840  
2376.000000	1.148353  
2374.000000	1.146430  
2372.000000	1.145559  
2370.000000	1.146749  
2368.000000	1.146250  
2366.000000	1.147269  
2364.000000	1.148909  
2362.000000	1.148809  
2360.000000	1.149429  
2358.000000	1.147701  
2356.000000	1.146383  
2354.000000	1.149983  
2352.000000	1.151952  
2350.000000	1.147754  
2348.000000	1.141042  
2346.000000	1.142132  
2344.000000	1.145507  
2342.000000	1.145544  
2340.000000	1.146106  
2338.000000	1.144888  
2336.000000	1.144481  
2334.000000	1.146833  
2332.000000	1.146498  
2330.000000	1.148802  
2328.000000	1.146775  
2326.000000	1.145869  
2324.000000	1.150946  
2322.000000	1.153378  
2320.000000	1.150942  
2318.000000	1.147481  
2316.000000	1.147468  
2314.000000	1.148408  
2312.000000	1.149162  
2310.000000	1.148647  
2308.000000	1.148070  
2306.000000	1.147965  
2304.000000	1.148143  
2302.000000	1.148627  
2300.000000	1.148194  
2298.000000	1.147449  
2296.000000	1.148644  
2294.000000	1.149580  
2292.000000	1.148930  
2290.000000	1.147842  
2288.000000	1.147753  
2286.000000	1.146930  
2284.000000	1.145481  
2282.000000	1.147386  
2280.000000	1.148974  
2278.000000	1.147619  
2276.000000	1.146733  
2274.000000	1.147125  
2272.000000	1.148501  
2270.000000	1.149486  
2268.000000	1.148581  
2266.000000	1.147074  
2264.000000	1.147141  
2262.000000	1.148800  
2260.000000	1.149835  
2258.000000	1.150542  
2256.000000	1.149815  
2254.000000	1.148643  
2252.000000	1.149014  
2250.000000	1.150211  
2248.000000	1.150183  
2246.000000	1.150049  
2244.000000	1.151348  
2242.000000	1.150961  
2240.000000	1.150267  
2238.000000	1.149168  
2236.000000	1.147964  
2234.000000	1.150524  
2232.000000	1.151081  
2230.000000	1.148040  
2228.000000	1.149130  
2226.000000	1.150989  
2224.000000	1.150043  
2222.000000	1.149247  
2220.000000	1.149704  
2218.000000	1.149781  
2216.000000	1.150816  
2214.000000	1.151343  
2212.000000	1.151958  
2210.000000	1.153395  
2208.000000	1.152954  
2206.000000	1.152504  
2204.000000	1.152660  
2202.000000	1.153234  
2200.000000	1.154584  
2198.000000	1.156343  
2196.000000	1.158233  
2194.000000	1.158795  
2192.000000	1.159824  
2190.000000	1.159836  
2188.000000	1.158762  
2186.000000	1.160568  
2184.000000	1.161405  
2182.000000	1.161539  
2180.000000	1.162221  
2178.000000	1.160133  
2176.000000	1.157823  
2174.000000	1.158727  
2172.000000	1.160215  
2170.000000	1.160990  
2168.000000	1.161270  
2166.000000	1.162290  
2164.000000	1.163568  
2162.000000	1.164314  
2160.000000	1.165786  
2158.000000	1.167914  
2156.000000	1.171169  
2154.000000	1.175237  
2152.000000	1.179342  
2150.000000	1.185864  
2148.000000	1.194577  
2146.000000	1.200955  
2144.000000	1.206121  
2142.000000	1.210836  
2140.000000	1.211591  
2138.000000	1.210374  
2136.000000	1.209479  
2134.000000	1.209253  
2132.000000	1.211210  
2130.000000	1.213491  
2128.000000	1.219148  
2126.000000	1.224199  
2124.000000	1.228505  
2122.000000	1.237867  
2120.000000	1.249090  
2118.000000	1.259450  
2116.000000	1.266864  
2114.000000	1.268503  
2112.000000	1.268828  
2110.000000	1.271439  
2108.000000	1.270749  
2106.000000	1.268159  
2104.000000	1.264598  
2102.000000	1.259790  
2100.000000	1.253737  
2098.000000	1.246748  
2096.000000	1.243796  
2094.000000	1.249354  
2092.000000	1.255458  
2090.000000	1.258382  
2088.000000	1.258737  
2086.000000	1.254432  
2084.000000	1.248605  
2082.000000	1.244863  
2080.000000	1.241550  
2078.000000	1.236823  
2076.000000	1.228537  
2074.000000	1.218583  
2072.000000	1.209553  
2070.000000	1.196584  
2068.000000	1.180371  
2066.000000	1.166144  
2064.000000	1.153940  
2062.000000	1.143510  
2060.000000	1.136168  
2058.000000	1.128667  
2056.000000	1.123090  
2054.000000	1.118425  
2052.000000	1.113739  
2050.000000	1.111595  
2048.000000	1.111056  
2046.000000	1.108876  
2044.000000	1.105323  
2042.000000	1.103421  
2040.000000	1.103906  
2038.000000	1.103615  
2036.000000	1.101579  
2034.000000	1.100187  
2032.000000	1.100062  
2030.000000	1.098655  
2028.000000	1.097634  
2026.000000	1.097911  
2024.000000	1.096117  
2022.000000	1.093143  
2020.000000	1.092087  
2018.000000	1.092258  
2016.000000	1.092093  
2014.000000	1.091046  
2012.000000	1.090415  
2010.000000	1.090360  
2008.000000	1.088977  
2006.000000	1.087576  
2004.000000	1.086783  
2002.000000	1.086325  
2000.000000	1.085769  
1998.000000	1.085697  
1996.000000	1.085393  
1994.000000	1.085152  
1992.000000	1.085073  
1990.000000	1.084332  
1988.000000	1.083242  
1986.000000	1.082876  
1984.000000	1.083622  
1982.000000	1.083652  
1980.000000	1.081789  
1978.000000	1.080847  
1976.000000	1.080634  
1974.000000	1.079917  
1972.000000	1.080445  
1970.000000	1.079924  
1968.000000	1.079556  
1966.000000	1.079174  
1964.000000	1.078412  
1962.000000	1.078276  
1960.000000	1.078525  
1958.000000	1.076775  
1956.000000	1.075212  
1954.000000	1.075630  
1952.000000	1.075933  
1950.000000	1.075530  
1948.000000	1.075829  
1946.000000	1.075428  
1944.000000	1.073865  
1942.000000	1.072475  
1940.000000	1.072187  
1938.000000	1.072533  
1936.000000	1.071683  
1934.000000	1.071343  
1932.000000	1.070976  
1930.000000	1.071002  
1928.000000	1.070284  
1926.000000	1.067430  
1924.000000	1.067038  
1922.000000	1.068781  
1920.000000	1.068404  
1918.000000	1.068513  
1916.000000	1.067886  
1914.000000	1.066926  
1912.000000	1.065679  
1910.000000	1.065619  
1908.000000	1.065560  
1906.000000	1.065210  
1904.000000	1.064012  
1902.000000	1.063330  
1900.000000	1.062333  
1898.000000	1.061120  
1896.000000	1.060190  
1894.000000	1.059854  
1892.000000	1.059446  
1890.000000	1.059533  
1888.000000	1.058039  
1886.000000	1.056064  
1884.000000	1.055272  
1882.000000	1.054331  
1880.000000	1.052975  
1878.000000	1.052699  
1876.000000	1.053475  
1874.000000	1.051801  
1872.000000	1.049746  
1870.000000	1.050575  
1868.000000	1.051059  
1866.000000	1.048672  
1864.000000	1.048554  
1862.000000	1.049491  
1860.000000	1.048889  
1858.000000	1.047911  
1856.000000	1.047114  
1854.000000	1.046782  
1852.000000	1.046497  
1850.000000	1.045083  
1848.000000	1.043297  
1846.000000	1.040625  
1844.000000	1.042594  
1842.000000	1.043170  
1840.000000	1.041578  
1838.000000	1.042222  
1836.000000	1.041745  
1834.000000	1.039726  
1832.000000	1.038655  
1830.000000	1.040922  
1828.000000	1.040488  
1826.000000	1.038920  
1824.000000	1.038944  
1822.000000	1.037562  
1820.000000	1.036640  
1818.000000	1.036029  
1816.000000	1.035102  
1814.000000	1.033363  
1812.000000	1.032492  
1810.000000	1.033277  
1808.000000	1.033269  
1806.000000	1.032228  
1804.000000	1.030788  
1802.000000	1.030497  
1800.000000	1.031202  
1798.000000	1.031385  
1796.000000	1.029830  
1794.000000	1.027685  
1792.000000	1.029151  
1790.000000	1.028240  
1788.000000	1.026081  
1786.000000	1.025642  
1784.000000	1.024875  
1782.000000	1.023514  
1780.000000	1.023582  
1778.000000	1.021471  
1776.000000	1.018802  
1774.000000	1.017929  
1772.000000	1.019722  
1770.000000	1.018432  
1768.000000	1.018708  
1766.000000	1.019290  
1764.000000	1.016661  
1762.000000	1.016875  
1760.000000	1.016422  
1758.000000	1.014487  
1756.000000	1.013683  
1754.000000	1.010886  
1752.000000	1.011091  
1750.000000	1.012453  
1748.000000	1.011196  
1746.000000	1.009952  
1744.000000	1.008708  
1742.000000	1.007409  
1740.000000	1.009092  
1738.000000	1.007640  
1736.000000	1.003314  
1734.000000	1.010380  
1732.000000	1.010895  
1730.000000	1.007372  
1728.000000	1.006380  
1726.000000	1.005977  
1724.000000	1.006007  
1722.000000	1.003805  
1720.000000	1.000880  
1718.000000	1.003517  
1716.000000	1.006262  
1714.000000	1.005130  
1712.000000	1.002869  
1710.000000	1.000104  
1708.000000	0.997857  
1706.000000	0.998686  
1704.000000	0.996980  
1702.000000	0.994491  
1700.000000	0.997884  
1698.000000	0.994483  
1696.000000	0.998170  
1694.000000	0.997233  
1692.000000	0.992486  
1690.000000	0.992778  
1688.000000	0.989885  
1686.000000	0.985771  
1684.000000	0.991984  
1682.000000	0.989801  
1680.000000	0.985593  
1678.000000	0.982916  
1676.000000	0.984470  
1674.000000	0.985958  
1672.000000	0.980605  
1670.000000	0.981657  
1668.000000	0.983588  
1666.000000	0.979782  
1664.000000	0.977730  
1662.000000	0.978713  
1660.000000	0.976693  
1658.000000	0.972837  
1656.000000	0.968178  
1654.000000	0.971226  
1652.000000	0.976301  
1650.000000	0.968534  
1648.000000	0.965697  
1646.000000	0.969393  
1644.000000	0.968722  
1642.000000	0.965855  
1640.000000	0.963238  
1638.000000	0.959876  
1636.000000	0.964058  
1634.000000	0.965219  
1632.000000	0.959882  
1630.000000	0.957356  
1628.000000	0.958173  
1626.000000	0.956978  
1624.000000	0.955795  
1622.000000	0.955403  
1620.000000	0.951813  
1618.000000	0.950270  
1616.000000	0.953072  
1614.000000	0.951468  
1612.000000	0.948764  
1610.000000	0.948178  
1608.000000	0.948844  
1606.000000	0.948140  
1604.000000	0.946086  
1602.000000	0.944270  
1600.000000	0.943967  
1598.000000	0.944401  
1596.000000	0.943379  
1594.000000	0.942165  
1592.000000	0.941977  
1590.000000	0.940494  
1588.000000	0.939122  
1586.000000	0.938958  
1584.000000	0.937890  
1582.000000	0.936677  
1580.000000	0.934672  
1578.000000	0.932370  
1576.000000	0.935998  
1574.000000	0.934726  
1572.000000	0.930734  
1570.000000	0.931597  
1568.000000	0.930706  
1566.000000	0.928452  
1564.000000	0.927190  
1562.000000	0.922691  
1560.000000	0.924374  
1558.000000	0.931488  
1556.000000	0.925737  
1554.000000	0.922694  
1552.000000	0.921267  
1550.000000	0.920953  
1548.000000	0.920110  
1546.000000	0.918576  
1544.000000	0.918584  
1542.000000	0.917684  
1540.000000	0.919788  
1538.000000	0.919376  
1536.000000	0.914099  
1534.000000	0.914881  
1532.000000	0.915580  
1530.000000	0.911507  
1528.000000	0.909726  
1526.000000	0.909062  
1524.000000	0.906429  
1522.000000	0.907112  
1520.000000	0.908246  
1518.000000	0.905681  
1516.000000	0.906605  
1514.000000	0.904044  
1512.000000	0.901127  
1510.000000	0.897337  
1508.000000	0.896785  
1506.000000	0.902058  
1504.000000	0.898041  
1502.000000	0.893042  
1500.000000	0.891708  
1498.000000	0.892428  
1496.000000	0.894614  
1494.000000	0.892813  
1492.000000	0.889707  
1490.000000	0.889932  
1488.000000	0.890946  
1486.000000	0.890390  
1484.000000	0.887616  
1482.000000	0.885611  
1480.000000	0.883688  
1478.000000	0.881810  
1476.000000	0.881500  
1474.000000	0.882014  
1472.000000	0.882580  
1470.000000	0.880950  
1468.000000	0.879117  
1466.000000	0.878667  
1464.000000	0.877935  
1462.000000	0.874483  
1460.000000	0.871887  
1458.000000	0.874015  
1456.000000	0.877436  
1454.000000	0.874230  
1452.000000	0.872386  
1450.000000	0.871589  
1448.000000	0.871049  
1446.000000	0.869311  
1444.000000	0.866628  
1442.000000	0.865644  
1440.000000	0.864106  
1438.000000	0.863485  
1436.000000	0.864683  
1434.000000	0.860837  
1432.000000	0.857401  
1430.000000	0.855712  
1428.000000	0.853984  
1426.000000	0.852008  
1424.000000	0.850351  
1422.000000	0.847634  
1420.000000	0.847470  
1418.000000	0.847774  
1416.000000	0.845029  
1414.000000	0.842866  
1412.000000	0.840851  
1410.000000	0.838612  
1408.000000	0.836515  
1406.000000	0.834599  
1404.000000	0.833331  
1402.000000	0.830911  
1400.000000	0.829243  
1398.000000	0.828315  
1396.000000	0.825781  
1394.000000	0.825012  
1392.000000	0.823728  
1390.000000	0.821447  
1388.000000	0.819966  
1386.000000	0.818230  
1384.000000	0.816127  
1382.000000	0.814533  
1380.000000	0.812450  
1378.000000	0.810230  
1376.000000	0.807835  
1374.000000	0.806176  
1372.000000	0.804176  
1370.000000	0.802329  
1368.000000	0.801082  
1366.000000	0.799071  
1364.000000	0.797052  
1362.000000	0.795797  
1360.000000	0.793631  
1358.000000	0.791245  
1356.000000	0.789270  
1354.000000	0.787503  
1352.000000	0.786197  
1350.000000	0.784859  
1348.000000	0.782969  
1346.000000	0.780696  
1344.000000	0.778401  
1342.000000	0.775956  
1340.000000	0.774313  
1338.000000	0.772989  
1336.000000	0.771205  
1334.000000	0.769623  
1332.000000	0.768400  
1330.000000	0.767369  
1328.000000	0.766210  
1326.000000	0.764226  
1324.000000	0.762171  
1322.000000	0.760710  
1320.000000	0.759132  
1318.000000	0.757170  
1316.000000	0.755453  
1314.000000	0.754038  
1312.000000	0.752573  
1310.000000	0.750814  
1308.000000	0.748882  
1306.000000	0.746803  
1304.000000	0.744931  
1302.000000	0.743517  
1300.000000	0.741936  
1298.000000	0.740354  
1296.000000	0.738320  
1294.000000	0.736060  
1292.000000	0.734284  
1290.000000	0.732068  
1288.000000	0.729789  
1286.000000	0.727785  
1284.000000	0.726299  
1282.000000	0.724020  
1280.000000	0.721062  
1278.000000	0.719047  
1276.000000	0.716578  
1274.000000	0.714384  
1272.000000	0.712850  
1270.000000	0.710557  
1268.000000	0.708101  
1266.000000	0.705947  
1264.000000	0.703931  
1262.000000	0.701353  
1260.000000	0.698889  
1258.000000	0.696117  
1256.000000	0.694150  
1254.000000	0.692988  
1252.000000	0.691080  
1250.000000	0.688287  
1248.000000	0.685646  
1246.000000	0.683086  
1244.000000	0.681157  
1242.000000	0.679250  
1240.000000	0.676630  
1238.000000	0.674610  
1236.000000	0.672643  
1234.000000	0.670191  
1232.000000	0.667547  
1230.000000	0.665836  
1228.000000	0.664240  
1226.000000	0.661814  
1224.000000	0.659628  
1222.000000	0.657767  
1220.000000	0.655758  
1218.000000	0.654009  
1216.000000	0.652270  
1214.000000	0.650106  
1212.000000	0.648071  
1210.000000	0.646081  
1208.000000	0.643983  
1206.000000	0.642604  
1204.000000	0.641236  
1202.000000	0.639653  
1200.000000	0.638150  
1198.000000	0.636579  
1196.000000	0.635287  
1194.000000	0.633856  
1192.000000	0.632427  
1190.000000	0.630870  
1188.000000	0.629610  
1186.000000	0.628819  
1184.000000	0.627957  
1182.000000	0.627236  
1180.000000	0.626356  
1178.000000	0.625454  
1176.000000	0.624935  
1174.000000	0.624237  
1172.000000	0.623842  
1170.000000	0.623705  
1168.000000	0.623764  
1166.000000	0.623740  
1164.000000	0.623660  
1162.000000	0.624256  
1160.000000	0.624372  
1158.000000	0.625164  
1156.000000	0.626385  
1154.000000	0.627392  
1152.000000	0.628363  
1150.000000	0.628544  
1148.000000	0.629200  
1146.000000	0.630394  
1144.000000	0.631285  
1142.000000	0.632879  
1140.000000	0.634067  
1138.000000	0.634938  
1136.000000	0.635635  
1134.000000	0.636753  
1132.000000	0.637263  
1130.000000	0.637663  
1128.000000	0.638418  
1126.000000	0.638829  
1124.000000	0.638836  
1122.000000	0.639202  
1120.000000	0.639816  
1118.000000	0.640894  
1116.000000	0.642037  
1114.000000	0.643827  
1112.000000	0.645894  
1110.000000	0.647608  
1108.000000	0.650393  
1106.000000	0.653425  
1104.000000	0.655782  
1102.000000	0.657278  
1100.000000	0.659296  
1098.000000	0.661874  
1096.000000	0.662555  
1094.000000	0.662688  
1092.000000	0.664292  
1090.000000	0.664964  
1088.000000	0.665414  
1086.000000	0.665800  
1084.000000	0.665716  
1082.000000	0.665303  
1080.000000	0.666492  
1078.000000	0.667369  
1076.000000	0.667390  
1074.000000	0.667050  
1072.000000	0.666943  
1070.000000	0.667468  
1068.000000	0.667803  
1066.000000	0.667533  
1064.000000	0.667221  
1062.000000	0.666601  
1060.000000	0.665312  
1058.000000	0.664314  
1056.000000	0.663164  
1054.000000	0.660984  
1052.000000	0.659335  
1050.000000	0.659087  
1048.000000	0.658038  
1046.000000	0.655252  
1044.000000	0.651841  
1042.000000	0.649429  
1040.000000	0.646434  
1038.000000	0.642841  
1036.000000	0.639699  
1034.000000	0.636285  
1032.000000	0.632110  
1030.000000	0.627494  
1028.000000	0.622569  
1026.000000	0.617686  
1024.000000	0.612529  
1022.000000	0.607674  
1020.000000	0.601930  
1018.000000	0.595180  
1016.000000	0.588210  
1014.000000	0.581114  
1012.000000	0.573974  
1010.000000	0.567488  
1008.000000	0.561083  
1006.000000	0.553756  
1004.000000	0.546785  
1002.000000	0.540283  
1000.000000	0.532894  
998.000000	 0.525629  
996.000000	 0.519498  
994.000000	 0.513847  
992.000000	 0.508808  
990.000000	 0.504418  
988.000000	 0.501515  
986.000000	 0.500271  
984.000000	 0.500387  
982.000000	 0.501709  
980.000000	 0.503804  
978.000000	 0.505024  
976.000000	 0.504896  
974.000000	 0.503404  
972.000000	 0.499623  
970.000000	 0.493314  
968.000000	 0.485722  
966.000000	 0.478659  
964.000000	 0.472572  
962.000000	 0.467184  
960.000000	 0.462914  
958.000000	 0.459562  
956.000000	 0.456379  
954.000000	 0.453627  
952.000000	 0.451249  
950.000000	 0.449334  
948.000000	 0.448486  
946.000000	 0.449038  
944.000000	 0.450850  
942.000000	 0.453302  
940.000000	 0.455828  
938.000000	 0.458238  
936.000000	 0.460085  
934.000000	 0.461374  
932.000000	 0.461815  
930.000000	 0.461993  
928.000000	 0.462584  
926.000000	 0.464036  
924.000000	 0.468078  
922.000000	 0.476757  
920.000000	 0.491197  
918.000000	 0.510168  
916.000000	 0.529242  
914.000000	 0.545022  
912.000000	 0.557525  
910.000000	 0.568609  
908.000000	 0.579567  
906.000000	 0.585027  
904.000000	 0.582959  
902.000000	 0.577571  
900.000000	 0.569504  
898.000000	 0.556720  
896.000000	 0.539544  
894.000000	 0.519152  
892.000000	 0.497312  
890.000000	 0.475382  
888.000000	 0.454954  
886.000000	 0.437827  
884.000000	 0.424381  
882.000000	 0.414658  
880.000000	 0.408150  
878.000000	 0.403735  
876.000000	 0.400880  
874.000000	 0.399346  
872.000000	 0.398677  
870.000000	 0.399475  
868.000000	 0.401593  
866.000000	 0.403029  
864.000000	 0.403936  
862.000000	 0.404697  
860.000000	 0.404199  
858.000000	 0.402766  
856.000000	 0.400168  
854.000000	 0.397215  
852.000000	 0.394918  
850.000000	 0.393307  
848.000000	 0.392252  
846.000000	 0.391293  
844.000000	 0.390614  
842.000000	 0.390093  
840.000000	 0.388720  
838.000000	 0.387568  
836.000000	 0.387158  
834.000000	 0.385371  
832.000000	 0.382525  
830.000000	 0.380419  
828.000000	 0.377724  
826.000000	 0.374259  
824.000000	 0.371175  
822.000000	 0.368167  
820.000000	 0.365616  
818.000000	 0.363544  
816.000000	 0.362849  
814.000000	 0.363002  
812.000000	 0.362179  
810.000000	 0.360148  
808.000000	 0.357584  
806.000000	 0.354806  
804.000000	 0.351086  
802.000000	 0.347192  
800.000000	 0.343784  
798.000000	 0.339864  
796.000000	 0.335452  
794.000000	 0.331418  
792.000000	 0.327106  
790.000000	 0.322073  
788.000000	 0.316483  
786.000000	 0.310711  
784.000000	 0.305179  
782.000000	 0.299786  
780.000000	 0.293820  
778.000000	 0.287775  
776.000000	 0.281441  
774.000000	 0.275582  
772.000000	 0.270608  
770.000000	 0.264999  
768.000000	 0.259351  
766.000000	 0.254463  
764.000000	 0.250018  
762.000000	 0.245511  
760.000000	 0.241974  
758.000000	 0.239098  
756.000000	 0.235921  
754.000000	 0.233050  
752.000000	 0.231485  
750.000000	 0.230172  
748.000000	 0.229580  
746.000000	 0.230140  
744.000000	 0.231007  
742.000000	 0.232610  
740.000000	 0.236568  
738.000000	 0.241747  
736.000000	 0.245850  
734.000000	 0.248950  
732.000000	 0.252432  
730.000000	 0.257091  
728.000000	 0.263442  
726.000000	 0.271054  
724.000000	 0.278442  
722.000000	 0.284530  
720.000000	 0.290357  
718.000000	 0.296317  
716.000000	 0.301788  
714.000000	 0.307371  
712.000000	 0.312372  
710.000000	 0.317207  
708.000000	 0.322025  
706.000000	 0.326924  
704.000000	 0.332779  
702.000000	 0.339580  
700.000000	 0.345317  
698.000000	 0.353509  
696.000000	 0.363497  
694.000000	 0.374071  
692.000000	 0.385711  
690.000000	 0.398990  
688.000000	 0.413590  
686.000000	 0.427536  
684.000000	 0.441231  
682.000000	 0.454779  
680.000000	 0.467203  
678.000000	 0.479712  
676.000000	 0.492605  
674.000000	 0.504026  
672.000000	 0.511776  
670.000000	 0.515935  
668.000000	 0.519555  
666.000000	 0.519281  
664.000000	 0.512975  
662.000000	 0.503315  
660.000000	 0.494705  
658.000000	 0.487369  
656.000000	 0.481127  
654.000000	 0.475165  
652.000000	 0.471592  
650.000000	 0.471617  
648.000000	 0.473558  
646.000000	 0.478727  
644.000000	 0.485983  
642.000000	 0.493613  
640.000000	 0.503467  
638.000000	 0.514208  
636.000000	 0.525082  
634.000000	 0.536332  
632.000000	 0.546795  
630.000000	 0.553062  
628.000000	 0.551761  
626.000000	 0.541897  
624.000000	 0.522785  
622.000000	 0.495610  
620.000000	 0.462370  
618.000000	 0.423721  
616.000000	 0.384622  
614.000000	 0.349035  
612.000000	 0.317741  
610.000000	 0.291628  
608.000000	 0.268307  
606.000000	 0.247317  
604.000000	 0.229814  
602.000000	 0.214788  
600.000000	 0.201466  
598.000000	 0.189868  
596.000000	 0.179507  
594.000000	 0.170694  
592.000000	 0.163130  
590.000000	 0.156019  
588.000000	 0.149893  
586.000000	 0.144745  
584.000000	 0.139970  
582.000000	 0.133996  
580.000000	 0.128384  
578.000000	 0.123471  
576.000000	 0.117843  
574.000000	 0.111948  
572.000000	 0.106302  
570.000000	 0.100205  
568.000000	 0.095072  
566.000000	 0.091654  
564.000000	 0.088858  
562.000000	 0.085017  
560.000000	 0.080049  
558.000000	 0.075219  
556.000000	 0.071348  
554.000000	 0.068482  
552.000000	 0.066794  
550.000000	 0.065535  
548.000000	 0.063395  
546.000000	 0.060010  
544.000000	 0.056739  
542.000000	 0.053606  
540.000000	 0.050290  
538.000000	 0.048123  
536.000000	 0.046648  
534.000000	 0.045075  
532.000000	 0.042669  
530.000000	 0.039981  
528.000000	 0.037718  
526.000000	 0.036334  
524.000000	 0.035229  
522.000000	 0.034910  
520.000000	 0.034819  
518.000000	 0.034612  
516.000000	 0.034945  
514.000000	 0.036703  
512.000000	 0.038887  
510.000000	 0.039717  
508.000000	 0.039783  
506.000000	 0.038750  
504.000000	 0.036440  
502.000000	 0.034232  
500.000000	 0.032372  
498.000000	 0.031034  
496.000000	 0.031359  
494.000000	 0.030985  
492.000000	 0.029507  
490.000000	 0.028370  
488.000000	 0.027595  
486.000000	 0.026251  
484.000000	 0.024374  
482.000000	 0.021852  
480.000000	 0.020524  
478.000000	 0.019383  
476.000000	 0.018368  
474.000000	 0.016981  
472.000000	 0.015400  
470.000000	 0.014172  
468.000000	 0.012962  
466.000000	 0.011101  
464.000000	 0.008519  
462.000000	 0.005875  
460.000000	 0.003858  
458.000000	 0.002959  
456.000000	 0.002115  
454.000000	 0.000409  
452.000000	 -0.000827 
450.000000	 -0.002366 

