4400.000000	1.297857  
4398.000000	1.296995  
4396.000000	1.295330  
4394.000000	1.296050  
4392.000000	1.294713  
4390.000000	1.292069  
4388.000000	1.292332  
4386.000000	1.294206  
4384.000000	1.292647  
4382.000000	1.292873  
4380.000000	1.291343  
4378.000000	1.287424  
4376.000000	1.286947  
4374.000000	1.286498  
4372.000000	1.284155  
4370.000000	1.290330  
4368.000000	1.295610  
4366.000000	1.290057  
4364.000000	1.289611  
4362.000000	1.291272  
4360.000000	1.289438  
4358.000000	1.291383  
4356.000000	1.294630  
4354.000000	1.292245  
4352.000000	1.295146  
4350.000000	1.293996  
4348.000000	1.284696  
4346.000000	1.282535  
4344.000000	1.280573  
4342.000000	1.283706  
4340.000000	1.287876  
4338.000000	1.293051  
4336.000000	1.295199  
4334.000000	1.286296  
4332.000000	1.276237  
4330.000000	1.282097  
4328.000000	1.295680  
4326.000000	1.300106  
4324.000000	1.298339  
4322.000000	1.289942  
4320.000000	1.279313  
4318.000000	1.276864  
4316.000000	1.284502  
4314.000000	1.294397  
4312.000000	1.294538  
4310.000000	1.287288  
4308.000000	1.283026  
4306.000000	1.281245  
4304.000000	1.282156  
4302.000000	1.288747  
4300.000000	1.291981  
4298.000000	1.291685  
4296.000000	1.286268  
4294.000000	1.278011  
4292.000000	1.275364  
4290.000000	1.278473  
4288.000000	1.283377  
4286.000000	1.289244  
4284.000000	1.291560  
4282.000000	1.288749  
4280.000000	1.283650  
4278.000000	1.278547  
4276.000000	1.283831  
4274.000000	1.290948  
4272.000000	1.294336  
4270.000000	1.297099  
4268.000000	1.290077  
4266.000000	1.284462  
4264.000000	1.283620  
4262.000000	1.283936  
4260.000000	1.288980  
4258.000000	1.288809  
4256.000000	1.281431  
4254.000000	1.277569  
4252.000000	1.283624  
4250.000000	1.284813  
4248.000000	1.284552  
4246.000000	1.286979  
4244.000000	1.289653  
4242.000000	1.286678  
4240.000000	1.281303  
4238.000000	1.281944  
4236.000000	1.288463  
4234.000000	1.295760  
4232.000000	1.297058  
4230.000000	1.295257  
4228.000000	1.290330  
4226.000000	1.284317  
4224.000000	1.283558  
4222.000000	1.290360  
4220.000000	1.291163  
4218.000000	1.285742  
4216.000000	1.282363  
4214.000000	1.282891  
4212.000000	1.283260  
4210.000000	1.284327  
4208.000000	1.288519  
4206.000000	1.292759  
4204.000000	1.288079  
4202.000000	1.279900  
4200.000000	1.285362  
4198.000000	1.289912  
4196.000000	1.291005  
4194.000000	1.291272  
4192.000000	1.289274  
4190.000000	1.290706  
4188.000000	1.288083  
4186.000000	1.286560  
4184.000000	1.281475  
4182.000000	1.281073  
4180.000000	1.284084  
4178.000000	1.284504  
4176.000000	1.285506  
4174.000000	1.285690  
4172.000000	1.284510  
4170.000000	1.284660  
4168.000000	1.290508  
4166.000000	1.291276  
4164.000000	1.289000  
4162.000000	1.286090  
4160.000000	1.286168  
4158.000000	1.288511  
4156.000000	1.288861  
4154.000000	1.290120  
4152.000000	1.288757  
4150.000000	1.281418  
4148.000000	1.279006  
4146.000000	1.284797  
4144.000000	1.288471  
4142.000000	1.292326  
4140.000000	1.291527  
4138.000000	1.286953  
4136.000000	1.285352  
4134.000000	1.280486  
4132.000000	1.281117  
4130.000000	1.286927  
4128.000000	1.284538  
4126.000000	1.279021  
4124.000000	1.278378  
4122.000000	1.280392  
4120.000000	1.281455  
4118.000000	1.277197  
4116.000000	1.277613  
4114.000000	1.283747  
4112.000000	1.284058  
4110.000000	1.285230  
4108.000000	1.287810  
4106.000000	1.284584  
4104.000000	1.279821  
4102.000000	1.284066  
4100.000000	1.291675  
4098.000000	1.294393  
4096.000000	1.288326  
4094.000000	1.281441  
4092.000000	1.277897  
4090.000000	1.277605  
4088.000000	1.282047  
4086.000000	1.282706  
4084.000000	1.286634  
4082.000000	1.286280  
4080.000000	1.276954  
4078.000000	1.273277  
4076.000000	1.277840  
4074.000000	1.282928  
4072.000000	1.284865  
4070.000000	1.289133  
4068.000000	1.291436  
4066.000000	1.286126  
4064.000000	1.277756  
4062.000000	1.278372  
4060.000000	1.282196  
4058.000000	1.279766  
4056.000000	1.280403  
4054.000000	1.283381  
4052.000000	1.281538  
4050.000000	1.279441  
4048.000000	1.276337  
4046.000000	1.277477  
4044.000000	1.282420  
4042.000000	1.283763  
4040.000000	1.285200  
4038.000000	1.281859  
4036.000000	1.271288  
4034.000000	1.270105  
4032.000000	1.277497  
4030.000000	1.282456  
4028.000000	1.284961  
4026.000000	1.286150  
4024.000000	1.280457  
4022.000000	1.274999  
4020.000000	1.274395  
4018.000000	1.275134  
4016.000000	1.278537  
4014.000000	1.282613  
4012.000000	1.279077  
4010.000000	1.272929  
4008.000000	1.270305  
4006.000000	1.267707  
4004.000000	1.274876  
4002.000000	1.285143  
4000.000000	1.287069  
3998.000000	1.284542  
3996.000000	1.278716  
3994.000000	1.271867  
3992.000000	1.271824  
3990.000000	1.278504  
3988.000000	1.283099  
3986.000000	1.286162  
3984.000000	1.283105  
3982.000000	1.277622  
3980.000000	1.277364  
3978.000000	1.275456  
3976.000000	1.276874  
3974.000000	1.281728  
3972.000000	1.282047  
3970.000000	1.281625  
3968.000000	1.278777  
3966.000000	1.274268  
3964.000000	1.275985  
3962.000000	1.281984  
3960.000000	1.283373  
3958.000000	1.281994  
3956.000000	1.275897  
3954.000000	1.270786  
3952.000000	1.271404  
3950.000000	1.275653  
3948.000000	1.278589  
3946.000000	1.277542  
3944.000000	1.277620  
3942.000000	1.277432  
3940.000000	1.277879  
3938.000000	1.281433  
3936.000000	1.279197  
3934.000000	1.278225  
3932.000000	1.278030  
3930.000000	1.275923  
3928.000000	1.277068  
3926.000000	1.278882  
3924.000000	1.278425  
3922.000000	1.276363  
3920.000000	1.276797  
3918.000000	1.272958  
3916.000000	1.271248  
3914.000000	1.270693  
3912.000000	1.271542  
3910.000000	1.273922  
3908.000000	1.276441  
3906.000000	1.281435  
3904.000000	1.280670  
3902.000000	1.273597  
3900.000000	1.273838  
3898.000000	1.276551  
3896.000000	1.274949  
3894.000000	1.275649  
3892.000000	1.283847  
3890.000000	1.277569  
3888.000000	1.268678  
3886.000000	1.277350  
3884.000000	1.279971  
3882.000000	1.282373  
3880.000000	1.286859  
3878.000000	1.275624  
3876.000000	1.272462  
3874.000000	1.270921  
3872.000000	1.267312  
3870.000000	1.281921  
3868.000000	1.275843  
3866.000000	1.274495  
3864.000000	1.274968  
3862.000000	1.274420  
3860.000000	1.271196  
3858.000000	1.266464  
3856.000000	1.267969  
3854.000000	1.286146  
3852.000000	1.289694  
3850.000000	1.275270  
3848.000000	1.267668  
3846.000000	1.267486  
3844.000000	1.271389  
3842.000000	1.272495  
3840.000000	1.278150  
3838.000000	1.278943  
3836.000000	1.269136  
3834.000000	1.267049  
3832.000000	1.272091  
3830.000000	1.272698  
3828.000000	1.274239  
3826.000000	1.272725  
3824.000000	1.262770  
3822.000000	1.273838  
3820.000000	1.275725  
3818.000000	1.266818  
3816.000000	1.273724  
3814.000000	1.273424  
3812.000000	1.274524  
3810.000000	1.268196  
3808.000000	1.271588  
3806.000000	1.269987  
3804.000000	1.262433  
3802.000000	1.278823  
3800.000000	1.279336  
3798.000000	1.274937  
3796.000000	1.275641  
3794.000000	1.267415  
3792.000000	1.266366  
3790.000000	1.266112  
3788.000000	1.265879  
3786.000000	1.270110  
3784.000000	1.272914  
3782.000000	1.272363  
3780.000000	1.271534  
3778.000000	1.271638  
3776.000000	1.274095  
3774.000000	1.273648  
3772.000000	1.273308  
3770.000000	1.275665  
3768.000000	1.272136  
3766.000000	1.270365  
3764.000000	1.261386  
3762.000000	1.255346  
3760.000000	1.263075  
3758.000000	1.269061  
3756.000000	1.265303  
3754.000000	1.264537  
3752.000000	1.266957  
3750.000000	1.263825  
3748.000000	1.255061  
3746.000000	1.263244  
3744.000000	1.290876  
3742.000000	1.275440  
3740.000000	1.263020  
3738.000000	1.261058  
3736.000000	1.263900  
3734.000000	1.269417  
3732.000000	1.277301  
3730.000000	1.273541  
3728.000000	1.271908  
3726.000000	1.271381  
3724.000000	1.267619  
3722.000000	1.267053  
3720.000000	1.267082  
3718.000000	1.266825  
3716.000000	1.261279  
3714.000000	1.264048  
3712.000000	1.274187  
3710.000000	1.268542  
3708.000000	1.264255  
3706.000000	1.266860  
3704.000000	1.269868  
3702.000000	1.275005  
3700.000000	1.276660  
3698.000000	1.272712  
3696.000000	1.265860  
3694.000000	1.256515  
3692.000000	1.254650  
3690.000000	1.268559  
3688.000000	1.277397  
3686.000000	1.269201  
3684.000000	1.264556  
3682.000000	1.261343  
3680.000000	1.256765  
3678.000000	1.260095  
3676.000000	1.278909  
3674.000000	1.274117  
3672.000000	1.260969  
3670.000000	1.268152  
3668.000000	1.270286  
3666.000000	1.269155  
3664.000000	1.269203  
3662.000000	1.268307  
3660.000000	1.261381  
3658.000000	1.258467  
3656.000000	1.262391  
3654.000000	1.258677  
3652.000000	1.265627  
3650.000000	1.276038  
3648.000000	1.278738  
3646.000000	1.269136  
3644.000000	1.261010  
3642.000000	1.264093  
3640.000000	1.270157  
3638.000000	1.273277  
3636.000000	1.273275  
3634.000000	1.268551  
3632.000000	1.261177  
3630.000000	1.271710  
3628.000000	1.280969  
3626.000000	1.274820  
3624.000000	1.269478  
3622.000000	1.265145  
3620.000000	1.267875  
3618.000000	1.265333  
3616.000000	1.260052  
3614.000000	1.269586  
3612.000000	1.272776  
3610.000000	1.273143  
3608.000000	1.276445  
3606.000000	1.269278  
3604.000000	1.263330  
3602.000000	1.264228  
3600.000000	1.269417  
3598.000000	1.272347  
3596.000000	1.275569  
3594.000000	1.272355  
3592.000000	1.259305  
3590.000000	1.256719  
3588.000000	1.263611  
3586.000000	1.265545  
3584.000000	1.268234  
3582.000000	1.268217  
3580.000000	1.261630  
3578.000000	1.258953  
3576.000000	1.258606  
3574.000000	1.259380  
3572.000000	1.261906  
3570.000000	1.263677  
3568.000000	1.266502  
3566.000000	1.267952  
3564.000000	1.265658  
3562.000000	1.265074  
3560.000000	1.266758  
3558.000000	1.265017  
3556.000000	1.264008  
3554.000000	1.265105  
3552.000000	1.267634  
3550.000000	1.266152  
3548.000000	1.263938  
3546.000000	1.264874  
3544.000000	1.262381  
3542.000000	1.259613  
3540.000000	1.262160  
3538.000000	1.265984  
3536.000000	1.263218  
3534.000000	1.260461  
3532.000000	1.260291  
3530.000000	1.262476  
3528.000000	1.266936  
3526.000000	1.265370  
3524.000000	1.263512  
3522.000000	1.264474  
3520.000000	1.261218  
3518.000000	1.258576  
3516.000000	1.259057  
3514.000000	1.263054  
3512.000000	1.263723  
3510.000000	1.259958  
3508.000000	1.256089  
3506.000000	1.256453  
3504.000000	1.261471  
3502.000000	1.263806  
3500.000000	1.260727  
3498.000000	1.257493  
3496.000000	1.255984  
3494.000000	1.256420  
3492.000000	1.259224  
3490.000000	1.260393  
3488.000000	1.262173  
3486.000000	1.261415  
3484.000000	1.259958  
3482.000000	1.258947  
3480.000000	1.257055  
3478.000000	1.258885  
3476.000000	1.262245  
3474.000000	1.259922  
3472.000000	1.257085  
3470.000000	1.256883  
3468.000000	1.257300  
3466.000000	1.256132  
3464.000000	1.255430  
3462.000000	1.257347  
3460.000000	1.260331  
3458.000000	1.259566  
3456.000000	1.255378  
3454.000000	1.253850  
3452.000000	1.256887  
3450.000000	1.258955  
3448.000000	1.260437  
3446.000000	1.262342  
3444.000000	1.261260  
3442.000000	1.257624  
3440.000000	1.255602  
3438.000000	1.257447  
3436.000000	1.259937  
3434.000000	1.262740  
3432.000000	1.262251  
3430.000000	1.257250  
3428.000000	1.255104  
3426.000000	1.253119  
3424.000000	1.253650  
3422.000000	1.260941  
3420.000000	1.263161  
3418.000000	1.257938  
3416.000000	1.254230  
3414.000000	1.251690  
3412.000000	1.252472  
3410.000000	1.258224  
3408.000000	1.260056  
3406.000000	1.259286  
3404.000000	1.257769  
3402.000000	1.254685  
3400.000000	1.252497  
3398.000000	1.252121  
3396.000000	1.251936  
3394.000000	1.252526  
3392.000000	1.256298  
3390.000000	1.258256  
3388.000000	1.255274  
3386.000000	1.252550  
3384.000000	1.255481  
3382.000000	1.259252  
3380.000000	1.260344  
3378.000000	1.258816  
3376.000000	1.253828  
3374.000000	1.254090  
3372.000000	1.254447  
3370.000000	1.256242  
3368.000000	1.260723  
3366.000000	1.262740  
3364.000000	1.255361  
3362.000000	1.247886  
3360.000000	1.246369  
3358.000000	1.250459  
3356.000000	1.255244  
3354.000000	1.256763  
3352.000000	1.258947  
3350.000000	1.255218  
3348.000000	1.250533  
3346.000000	1.253529  
3344.000000	1.256039  
3342.000000	1.256003  
3340.000000	1.254633  
3338.000000	1.252267  
3336.000000	1.252261  
3334.000000	1.250686  
3332.000000	1.248385  
3330.000000	1.249766  
3328.000000	1.251472  
3326.000000	1.250324  
3324.000000	1.250472  
3322.000000	1.249279  
3320.000000	1.249634  
3318.000000	1.248486  
3316.000000	1.252665  
3314.000000	1.256995  
3312.000000	1.255406  
3310.000000	1.252573  
3308.000000	1.251538  
3306.000000	1.250085  
3304.000000	1.251566  
3302.000000	1.253306  
3300.000000	1.252210  
3298.000000	1.252724  
3296.000000	1.252099  
3294.000000	1.247202  
3292.000000	1.243234  
3290.000000	1.245752  
3288.000000	1.248587  
3286.000000	1.247518  
3284.000000	1.246874  
3282.000000	1.248796  
3280.000000	1.247220  
3278.000000	1.245453  
3276.000000	1.251651  
3274.000000	1.256244  
3272.000000	1.255783  
3270.000000	1.251570  
3268.000000	1.248324  
3266.000000	1.250682  
3264.000000	1.248438  
3262.000000	1.246115  
3260.000000	1.247591  
3258.000000	1.252047  
3256.000000	1.251858  
3254.000000	1.249904  
3252.000000	1.248574  
3250.000000	1.247575  
3248.000000	1.246250  
3246.000000	1.249787  
3244.000000	1.252189  
3242.000000	1.248181  
3240.000000	1.245209  
3238.000000	1.244819  
3236.000000	1.245488  
3234.000000	1.246840  
3232.000000	1.246011  
3230.000000	1.246405  
3228.000000	1.249296  
3226.000000	1.244845  
3224.000000	1.240996  
3222.000000	1.241857  
3220.000000	1.242412  
3218.000000	1.244632  
3216.000000	1.245675  
3214.000000	1.244561  
3212.000000	1.242215  
3210.000000	1.241539  
3208.000000	1.239928  
3206.000000	1.240967  
3204.000000	1.244130  
3202.000000	1.244856  
3200.000000	1.243096  
3198.000000	1.239834  
3196.000000	1.241113  
3194.000000	1.241405  
3192.000000	1.240414  
3190.000000	1.242289  
3188.000000	1.243176  
3186.000000	1.242070  
3184.000000	1.243952  
3182.000000	1.244876  
3180.000000	1.245025  
3178.000000	1.245457  
3176.000000	1.245242  
3174.000000	1.244334  
3172.000000	1.241663  
3170.000000	1.237637  
3168.000000	1.235523  
3166.000000	1.237629  
3164.000000	1.238932  
3162.000000	1.240925  
3160.000000	1.240163  
3158.000000	1.235867  
3156.000000	1.233103  
3154.000000	1.232483  
3152.000000	1.237114  
3150.000000	1.240154  
3148.000000	1.241463  
3146.000000	1.239719  
3144.000000	1.236893  
3142.000000	1.234483  
3140.000000	1.234907  
3138.000000	1.238471  
3136.000000	1.241068  
3134.000000	1.241896  
3132.000000	1.240007  
3130.000000	1.238156  
3128.000000	1.238063  
3126.000000	1.237855  
3124.000000	1.236022  
3122.000000	1.237844  
3120.000000	1.237968  
3118.000000	1.235110  
3116.000000	1.235037  
3114.000000	1.234705  
3112.000000	1.235478  
3110.000000	1.238469  
3108.000000	1.239843  
3106.000000	1.238905  
3104.000000	1.236093  
3102.000000	1.232879  
3100.000000	1.233092  
3098.000000	1.236823  
3096.000000	1.239178  
3094.000000	1.239638  
3092.000000	1.236109  
3090.000000	1.234941  
3088.000000	1.232519  
3086.000000	1.232310  
3084.000000	1.238204  
3082.000000	1.242276  
3080.000000	1.241936  
3078.000000	1.238012  
3076.000000	1.232517  
3074.000000	1.230319  
3072.000000	1.234037  
3070.000000	1.236361  
3068.000000	1.237028  
3066.000000	1.234125  
3064.000000	1.231262  
3062.000000	1.232423  
3060.000000	1.233579  
3058.000000	1.236694  
3056.000000	1.239008  
3054.000000	1.236896  
3052.000000	1.230425  
3050.000000	1.231223  
3048.000000	1.234097  
3046.000000	1.236696  
3044.000000	1.240410  
3042.000000	1.239191  
3040.000000	1.236065  
3038.000000	1.230045  
3036.000000	1.229425  
3034.000000	1.229597  
3032.000000	1.229442  
3030.000000	1.230941  
3028.000000	1.232259  
3026.000000	1.231181  
3024.000000	1.229454  
3022.000000	1.229888  
3020.000000	1.229509  
3018.000000	1.233055  
3016.000000	1.235975  
3014.000000	1.238270  
3012.000000	1.235352  
3010.000000	1.230272  
3008.000000	1.229655  
3006.000000	1.230969  
3004.000000	1.233569  
3002.000000	1.232637  
3000.000000	1.231203  
2998.000000	1.227609  
2996.000000	1.227151  
2994.000000	1.227326  
2992.000000	1.228886  
2990.000000	1.232093  
2988.000000	1.232450  
2986.000000	1.231128  
2984.000000	1.228909  
2982.000000	1.229909  
2980.000000	1.232851  
2978.000000	1.233126  
2976.000000	1.230462  
2974.000000	1.230208  
2972.000000	1.229344  
2970.000000	1.227730  
2968.000000	1.227940  
2966.000000	1.230573  
2964.000000	1.230946  
2962.000000	1.226654  
2960.000000	1.227174  
2958.000000	1.231226  
2956.000000	1.232458  
2954.000000	1.229720  
2952.000000	1.227158  
2950.000000	1.225565  
2948.000000	1.226138  
2946.000000	1.227595  
2944.000000	1.228959  
2942.000000	1.230900  
2940.000000	1.227922  
2938.000000	1.227010  
2936.000000	1.225885  
2934.000000	1.228302  
2932.000000	1.230157  
2930.000000	1.228728  
2928.000000	1.228588  
2926.000000	1.228279  
2924.000000	1.226696  
2922.000000	1.228875  
2920.000000	1.232979  
2918.000000	1.232938  
2916.000000	1.232105  
2914.000000	1.229361  
2912.000000	1.226854  
2910.000000	1.227247  
2908.000000	1.226940  
2906.000000	1.225295  
2904.000000	1.226603  
2902.000000	1.225558  
2900.000000	1.221413  
2898.000000	1.221271  
2896.000000	1.223786  
2894.000000	1.223278  
2892.000000	1.224678  
2890.000000	1.227873  
2888.000000	1.225822  
2886.000000	1.220949  
2884.000000	1.220036  
2882.000000	1.219758  
2880.000000	1.221649  
2878.000000	1.222817  
2876.000000	1.225324  
2874.000000	1.225015  
2872.000000	1.222132  
2870.000000	1.216582  
2868.000000	1.216405  
2866.000000	1.219744  
2864.000000	1.222067  
2862.000000	1.224845  
2860.000000	1.221683  
2858.000000	1.218244  
2856.000000	1.220270  
2854.000000	1.224972  
2852.000000	1.226872  
2850.000000	1.224973  
2848.000000	1.220526  
2846.000000	1.218061  
2844.000000	1.217687  
2842.000000	1.220395  
2840.000000	1.222295  
2838.000000	1.219679  
2836.000000	1.217924  
2834.000000	1.215964  
2832.000000	1.212850  
2830.000000	1.212336  
2828.000000	1.213168  
2826.000000	1.214445  
2824.000000	1.214463  
2822.000000	1.215370  
2820.000000	1.214053  
2818.000000	1.211783  
2816.000000	1.209497  
2814.000000	1.211882  
2812.000000	1.215579  
2810.000000	1.218093  
2808.000000	1.214667  
2806.000000	1.209865  
2804.000000	1.210872  
2802.000000	1.210687  
2800.000000	1.211291  
2798.000000	1.212762  
2796.000000	1.213332  
2794.000000	1.210745  
2792.000000	1.209263  
2790.000000	1.207438  
2788.000000	1.209509  
2786.000000	1.212601  
2784.000000	1.210265  
2782.000000	1.209408  
2780.000000	1.207061  
2778.000000	1.205837  
2776.000000	1.205434  
2774.000000	1.209514  
2772.000000	1.212274  
2770.000000	1.210577  
2768.000000	1.207989  
2766.000000	1.207122  
2764.000000	1.208491  
2762.000000	1.210298  
2760.000000	1.213389  
2758.000000	1.210270  
2756.000000	1.206526  
2754.000000	1.206412  
2752.000000	1.205821  
2750.000000	1.204601  
2748.000000	1.205798  
2746.000000	1.205748  
2744.000000	1.202809  
2742.000000	1.202172  
2740.000000	1.201270  
2738.000000	1.199657  
2736.000000	1.200315  
2734.000000	1.205461  
2732.000000	1.205323  
2730.000000	1.202532  
2728.000000	1.204521  
2726.000000	1.203088  
2724.000000	1.201696  
2722.000000	1.201500  
2720.000000	1.201624  
2718.000000	1.204180  
2716.000000	1.207304  
2714.000000	1.204003  
2712.000000	1.201391  
2710.000000	1.200067  
2708.000000	1.196225  
2706.000000	1.196389  
2704.000000	1.198347  
2702.000000	1.198792  
2700.000000	1.196382  
2698.000000	1.196666  
2696.000000	1.197903  
2694.000000	1.197353  
2692.000000	1.196012  
2690.000000	1.197482  
2688.000000	1.197021  
2686.000000	1.194268  
2684.000000	1.194195  
2682.000000	1.196231  
2680.000000	1.198079  
2678.000000	1.196220  
2676.000000	1.196007  
2674.000000	1.195664  
2672.000000	1.194702  
2670.000000	1.194952  
2668.000000	1.194154  
2666.000000	1.194491  
2664.000000	1.197011  
2662.000000	1.195542  
2660.000000	1.193304  
2658.000000	1.193307  
2656.000000	1.190836  
2654.000000	1.190022  
2652.000000	1.190947  
2650.000000	1.191310  
2648.000000	1.193737  
2646.000000	1.193718  
2644.000000	1.190966  
2642.000000	1.191493  
2640.000000	1.192889  
2638.000000	1.191405  
2636.000000	1.191249  
2634.000000	1.192025  
2632.000000	1.190593  
2630.000000	1.187653  
2628.000000	1.187707  
2626.000000	1.189289  
2624.000000	1.191066  
2622.000000	1.193925  
2620.000000	1.192984  
2618.000000	1.190191  
2616.000000	1.185774  
2614.000000	1.184303  
2612.000000	1.186303  
2610.000000	1.189466  
2608.000000	1.189647  
2606.000000	1.187986  
2604.000000	1.189196  
2602.000000	1.186468  
2600.000000	1.184584  
2598.000000	1.186395  
2596.000000	1.189955  
2594.000000	1.192113  
2592.000000	1.191571  
2590.000000	1.189908  
2588.000000	1.186384  
2586.000000	1.184534  
2584.000000	1.187525  
2582.000000	1.190990  
2580.000000	1.190035  
2578.000000	1.187662  
2576.000000	1.184480  
2574.000000	1.182173  
2572.000000	1.181547  
2570.000000	1.182961  
2568.000000	1.186218  
2566.000000	1.187318  
2564.000000	1.185636  
2562.000000	1.180870  
2560.000000	1.179917  
2558.000000	1.183918  
2556.000000	1.189422  
2554.000000	1.191223  
2552.000000	1.188946  
2550.000000	1.184578  
2548.000000	1.182081  
2546.000000	1.181859  
2544.000000	1.182339  
2542.000000	1.185042  
2540.000000	1.184779  
2538.000000	1.180889  
2536.000000	1.179939  
2534.000000	1.180679  
2532.000000	1.179180  
2530.000000	1.178698  
2528.000000	1.181142  
2526.000000	1.183822  
2524.000000	1.182531  
2522.000000	1.177423  
2520.000000	1.177499  
2518.000000	1.179225  
2516.000000	1.179627  
2514.000000	1.178194  
2512.000000	1.177827  
2510.000000	1.177477  
2508.000000	1.174079  
2506.000000	1.174452  
2504.000000	1.177268  
2502.000000	1.180967  
2500.000000	1.179486  
2498.000000	1.178359  
2496.000000	1.175541  
2494.000000	1.172721  
2492.000000	1.173273  
2490.000000	1.175702  
2488.000000	1.177342  
2486.000000	1.176760  
2484.000000	1.173409  
2482.000000	1.169981  
2480.000000	1.171432  
2478.000000	1.173350  
2476.000000	1.174099  
2474.000000	1.174545  
2472.000000	1.175421  
2470.000000	1.172757  
2468.000000	1.170356  
2466.000000	1.171936  
2464.000000	1.172509  
2462.000000	1.174560  
2460.000000	1.175052  
2458.000000	1.171724  
2456.000000	1.168972  
2454.000000	1.170147  
2452.000000	1.170744  
2450.000000	1.170071  
2448.000000	1.168572  
2446.000000	1.165286  
2444.000000	1.166418  
2442.000000	1.168035  
2440.000000	1.169554  
2438.000000	1.168021  
2436.000000	1.165803  
2434.000000	1.167045  
2432.000000	1.169703  
2430.000000	1.170672  
2428.000000	1.170665  
2426.000000	1.167764  
2424.000000	1.164283  
2422.000000	1.166434  
2420.000000	1.167933  
2418.000000	1.166776  
2416.000000	1.164120  
2414.000000	1.160615  
2412.000000	1.160907  
2410.000000	1.163376  
2408.000000	1.163287  
2406.000000	1.162189  
2404.000000	1.162459  
2402.000000	1.165750  
2400.000000	1.167873  
2398.000000	1.168184  
2396.000000	1.169519  
2394.000000	1.167366  
2392.000000	1.164471  
2390.000000	1.163357  
2388.000000	1.163784  
2386.000000	1.165570  
2384.000000	1.162627  
2382.000000	1.158080  
2380.000000	1.156901  
2378.000000	1.154227  
2376.000000	1.151895  
2374.000000	1.153660  
2372.000000	1.152499  
2370.000000	1.146842  
2368.000000	1.145643  
2366.000000	1.148850  
2364.000000	1.156791  
2362.000000	1.162003  
2360.000000	1.160249  
2358.000000	1.157910  
2356.000000	1.161635  
2354.000000	1.166591  
2352.000000	1.165793  
2350.000000	1.160300  
2348.000000	1.153091  
2346.000000	1.151634  
2344.000000	1.149007  
2342.000000	1.148606  
2340.000000	1.147926  
2338.000000	1.149007  
2336.000000	1.153330  
2334.000000	1.155383  
2332.000000	1.155356  
2330.000000	1.152919  
2328.000000	1.150331  
2326.000000	1.153317  
2324.000000	1.156379  
2322.000000	1.155287  
2320.000000	1.151157  
2318.000000	1.150030  
2316.000000	1.150882  
2314.000000	1.152089  
2312.000000	1.154847  
2310.000000	1.158391  
2308.000000	1.155881  
2306.000000	1.148931  
2304.000000	1.147683  
2302.000000	1.150732  
2300.000000	1.154029  
2298.000000	1.156968  
2296.000000	1.156162  
2294.000000	1.154181  
2292.000000	1.152820  
2290.000000	1.146916  
2288.000000	1.145294  
2286.000000	1.148638  
2284.000000	1.152758  
2282.000000	1.152668  
2280.000000	1.150836  
2278.000000	1.145940  
2276.000000	1.142326  
2274.000000	1.144014  
2272.000000	1.148402  
2270.000000	1.151210  
2268.000000	1.150002  
2266.000000	1.147148  
2264.000000	1.144228  
2262.000000	1.146025  
2260.000000	1.148890  
2258.000000	1.150368  
2256.000000	1.151656  
2254.000000	1.148766  
2252.000000	1.144508  
2250.000000	1.143857  
2248.000000	1.144250  
2246.000000	1.146620  
2244.000000	1.148278  
2242.000000	1.145657  
2240.000000	1.143654  
2238.000000	1.141865  
2236.000000	1.142552  
2234.000000	1.143635  
2232.000000	1.145407  
2230.000000	1.147128  
2228.000000	1.147154  
2226.000000	1.144917  
2224.000000	1.142299  
2222.000000	1.142976  
2220.000000	1.145015  
2218.000000	1.147773  
2216.000000	1.147293  
2214.000000	1.145888  
2212.000000	1.145555  
2210.000000	1.144664  
2208.000000	1.143393  
2206.000000	1.143537  
2204.000000	1.145362  
2202.000000	1.144801  
2200.000000	1.142810  
2198.000000	1.141733  
2196.000000	1.142738  
2194.000000	1.143768  
2192.000000	1.145518  
2190.000000	1.145271  
2188.000000	1.142738  
2186.000000	1.142020  
2184.000000	1.142783  
2182.000000	1.144293  
2180.000000	1.145691  
2178.000000	1.147357  
2176.000000	1.146803  
2174.000000	1.147429  
2172.000000	1.147767  
2170.000000	1.148114  
2168.000000	1.149718  
2166.000000	1.152355  
2164.000000	1.153912  
2162.000000	1.152292  
2160.000000	1.152807  
2158.000000	1.157208  
2156.000000	1.162379  
2154.000000	1.167522  
2152.000000	1.173514  
2150.000000	1.181583  
2148.000000	1.190956  
2146.000000	1.197732  
2144.000000	1.203285  
2142.000000	1.208867  
2140.000000	1.213279  
2138.000000	1.217924  
2136.000000	1.220887  
2134.000000	1.219697  
2132.000000	1.216639  
2130.000000	1.217502  
2128.000000	1.223569  
2126.000000	1.233283  
2124.000000	1.242725  
2122.000000	1.250203  
2120.000000	1.260380  
2118.000000	1.273708  
2116.000000	1.284163  
2114.000000	1.286472  
2112.000000	1.288332  
2110.000000	1.290598  
2108.000000	1.289480  
2106.000000	1.290126  
2104.000000	1.288131  
2102.000000	1.282863  
2100.000000	1.277666  
2098.000000	1.272745  
2096.000000	1.271366  
2094.000000	1.272925  
2092.000000	1.277042  
2090.000000	1.282569  
2088.000000	1.281287  
2086.000000	1.276513  
2084.000000	1.273872  
2082.000000	1.271751  
2080.000000	1.269902  
2078.000000	1.264352  
2076.000000	1.251904  
2074.000000	1.240808  
2072.000000	1.232063  
2070.000000	1.221552  
2068.000000	1.208995  
2066.000000	1.193790  
2064.000000	1.178066  
2062.000000	1.163473  
2060.000000	1.150540  
2058.000000	1.141767  
2056.000000	1.136843  
2054.000000	1.131620  
2052.000000	1.125620  
2050.000000	1.122218  
2048.000000	1.120497  
2046.000000	1.118114  
2044.000000	1.118280  
2042.000000	1.120210  
2040.000000	1.118438  
2038.000000	1.116010  
2036.000000	1.114497  
2034.000000	1.112236  
2032.000000	1.110934  
2030.000000	1.112603  
2028.000000	1.112701  
2026.000000	1.112784  
2024.000000	1.110851  
2022.000000	1.106112  
2020.000000	1.103945  
2018.000000	1.104608  
2016.000000	1.104115  
2014.000000	1.104131  
2012.000000	1.104903  
2010.000000	1.105973  
2008.000000	1.102935  
2006.000000	1.099230  
2004.000000	1.100653  
2002.000000	1.103190  
2000.000000	1.104727  
1998.000000	1.103927  
1996.000000	1.100348  
1994.000000	1.097344  
1992.000000	1.098170  
1990.000000	1.097804  
1988.000000	1.097616  
1986.000000	1.098553  
1984.000000	1.098118  
1982.000000	1.095415  
1980.000000	1.094016  
1978.000000	1.095672  
1976.000000	1.094795  
1974.000000	1.093788  
1972.000000	1.094817  
1970.000000	1.093272  
1968.000000	1.090827  
1966.000000	1.092413  
1964.000000	1.093119  
1962.000000	1.092669  
1960.000000	1.092115  
1958.000000	1.088215  
1956.000000	1.087912  
1954.000000	1.085940  
1952.000000	1.084348  
1950.000000	1.084451  
1948.000000	1.084700  
1946.000000	1.084111  
1944.000000	1.083581  
1942.000000	1.084825  
1940.000000	1.083979  
1938.000000	1.084631  
1936.000000	1.086562  
1934.000000	1.086861  
1932.000000	1.085102  
1930.000000	1.083231  
1928.000000	1.081172  
1926.000000	1.080508  
1924.000000	1.082910  
1922.000000	1.083719  
1920.000000	1.081926  
1918.000000	1.081378  
1916.000000	1.077642  
1914.000000	1.072953  
1912.000000	1.072097  
1910.000000	1.073432  
1908.000000	1.075449  
1906.000000	1.076097  
1904.000000	1.073765  
1902.000000	1.073040  
1900.000000	1.072290  
1898.000000	1.073858  
1896.000000	1.074670  
1894.000000	1.074805  
1892.000000	1.073177  
1890.000000	1.072728  
1888.000000	1.070579  
1886.000000	1.068206  
1884.000000	1.067442  
1882.000000	1.068066  
1880.000000	1.070786  
1878.000000	1.071942  
1876.000000	1.069426  
1874.000000	1.065372  
1872.000000	1.064526  
1870.000000	1.067211  
1868.000000	1.068974  
1866.000000	1.067261  
1864.000000	1.066960  
1862.000000	1.066833  
1860.000000	1.063549  
1858.000000	1.061338  
1856.000000	1.060283  
1854.000000	1.060809  
1852.000000	1.062508  
1850.000000	1.063017  
1848.000000	1.061866  
1846.000000	1.058723  
1844.000000	1.059503  
1842.000000	1.058325  
1840.000000	1.055655  
1838.000000	1.056437  
1836.000000	1.058397  
1834.000000	1.055083  
1832.000000	1.051047  
1830.000000	1.051250  
1828.000000	1.051084  
1826.000000	1.051610  
1824.000000	1.054556  
1822.000000	1.053524  
1820.000000	1.049942  
1818.000000	1.047987  
1816.000000	1.047585  
1814.000000	1.045668  
1812.000000	1.046437  
1810.000000	1.048633  
1808.000000	1.047438  
1806.000000	1.047134  
1804.000000	1.046176  
1802.000000	1.043907  
1800.000000	1.043370  
1798.000000	1.044699  
1796.000000	1.043578  
1794.000000	1.043164  
1792.000000	1.046304  
1790.000000	1.042652  
1788.000000	1.038217  
1786.000000	1.038298  
1784.000000	1.041334  
1782.000000	1.041799  
1780.000000	1.039381  
1778.000000	1.035346  
1776.000000	1.032123  
1774.000000	1.032831  
1772.000000	1.037637  
1770.000000	1.037706  
1768.000000	1.036659  
1766.000000	1.033787  
1764.000000	1.031585  
1762.000000	1.034932  
1760.000000	1.033161  
1758.000000	1.031103  
1756.000000	1.032225  
1754.000000	1.029544  
1752.000000	1.029998  
1750.000000	1.031243  
1748.000000	1.031073  
1746.000000	1.030303  
1744.000000	1.030262  
1742.000000	1.029286  
1740.000000	1.028981  
1738.000000	1.025544  
1736.000000	1.022237  
1734.000000	1.033024  
1732.000000	1.030443  
1730.000000	1.025922  
1728.000000	1.023819  
1726.000000	1.020929  
1724.000000	1.021316  
1722.000000	1.018695  
1720.000000	1.016892  
1718.000000	1.025163  
1716.000000	1.030529  
1714.000000	1.025756  
1712.000000	1.020948  
1710.000000	1.017045  
1708.000000	1.016062  
1706.000000	1.019023  
1704.000000	1.017543  
1702.000000	1.016149  
1700.000000	1.022314  
1698.000000	1.014586  
1696.000000	1.013875  
1694.000000	1.011961  
1692.000000	1.005398  
1690.000000	1.004819  
1688.000000	1.003733  
1686.000000	1.002289  
1684.000000	1.007714  
1682.000000	1.003619  
1680.000000	1.001343  
1678.000000	1.001120  
1676.000000	1.007052  
1674.000000	1.005983  
1672.000000	0.996134  
1670.000000	0.996065  
1668.000000	0.997549  
1666.000000	0.994977  
1664.000000	0.994940  
1662.000000	0.995434  
1660.000000	0.991401  
1658.000000	0.986346  
1656.000000	0.980473  
1654.000000	0.989162  
1652.000000	0.998103  
1650.000000	0.988279  
1648.000000	0.986227  
1646.000000	0.989714  
1644.000000	0.985504  
1642.000000	0.981681  
1640.000000	0.980930  
1638.000000	0.980164  
1636.000000	0.990279  
1634.000000	0.990848  
1632.000000	0.983524  
1630.000000	0.978012  
1628.000000	0.977346  
1626.000000	0.976307  
1624.000000	0.977306  
1622.000000	0.978065  
1620.000000	0.970830  
1618.000000	0.968945  
1616.000000	0.972875  
1614.000000	0.970430  
1612.000000	0.970198  
1610.000000	0.972131  
1608.000000	0.970757  
1606.000000	0.970448  
1604.000000	0.969243  
1602.000000	0.967106  
1600.000000	0.966897  
1598.000000	0.965225  
1596.000000	0.963980  
1594.000000	0.962836  
1592.000000	0.960366  
1590.000000	0.958564  
1588.000000	0.958871  
1586.000000	0.958628  
1584.000000	0.957774  
1582.000000	0.957901  
1580.000000	0.956369  
1578.000000	0.955631  
1576.000000	0.959204  
1574.000000	0.957680  
1572.000000	0.952236  
1570.000000	0.954668  
1568.000000	0.954316  
1566.000000	0.949776  
1564.000000	0.947646  
1562.000000	0.944802  
1560.000000	0.949197  
1558.000000	0.954723  
1556.000000	0.948271  
1554.000000	0.944904  
1552.000000	0.943060  
1550.000000	0.942011  
1548.000000	0.941095  
1546.000000	0.939167  
1544.000000	0.937670  
1542.000000	0.939364  
1540.000000	0.947529  
1538.000000	0.945985  
1536.000000	0.938517  
1534.000000	0.938022  
1532.000000	0.936758  
1530.000000	0.932562  
1528.000000	0.930772  
1526.000000	0.931879  
1524.000000	0.930539  
1522.000000	0.931836  
1520.000000	0.931963  
1518.000000	0.927296  
1516.000000	0.929216  
1514.000000	0.925996  
1512.000000	0.923899  
1510.000000	0.923809  
1508.000000	0.927645  
1506.000000	0.932276  
1504.000000	0.924231  
1502.000000	0.917294  
1500.000000	0.916753  
1498.000000	0.919729  
1496.000000	0.921563  
1494.000000	0.919374  
1492.000000	0.914908  
1490.000000	0.912649  
1488.000000	0.912965  
1486.000000	0.913933  
1484.000000	0.910930  
1482.000000	0.908768  
1480.000000	0.907032  
1478.000000	0.904159  
1476.000000	0.905077  
1474.000000	0.909378  
1472.000000	0.914536  
1470.000000	0.909429  
1468.000000	0.905029  
1466.000000	0.904139  
1464.000000	0.904202  
1462.000000	0.902143  
1460.000000	0.901255  
1458.000000	0.907592  
1456.000000	0.910150  
1454.000000	0.901400  
1452.000000	0.894593  
1450.000000	0.894273  
1448.000000	0.896330  
1446.000000	0.896701  
1444.000000	0.894708  
1442.000000	0.890148  
1440.000000	0.884291  
1438.000000	0.882879  
1436.000000	0.886464  
1434.000000	0.885773  
1432.000000	0.885223  
1430.000000	0.883943  
1428.000000	0.879956  
1426.000000	0.874473  
1424.000000	0.872810  
1422.000000	0.871427  
1420.000000	0.873805  
1418.000000	0.877749  
1416.000000	0.871942  
1414.000000	0.866808  
1412.000000	0.862603  
1410.000000	0.860158  
1408.000000	0.861177  
1406.000000	0.863538  
1404.000000	0.862990  
1402.000000	0.858203  
1400.000000	0.854248  
1398.000000	0.850973  
1396.000000	0.850506  
1394.000000	0.851402  
1392.000000	0.851252  
1390.000000	0.849742  
1388.000000	0.848222  
1386.000000	0.845372  
1384.000000	0.842080  
1382.000000	0.840704  
1380.000000	0.840398  
1378.000000	0.839604  
1376.000000	0.836852  
1374.000000	0.834700  
1372.000000	0.830520  
1370.000000	0.828268  
1368.000000	0.827583  
1366.000000	0.826701  
1364.000000	0.826005  
1362.000000	0.824119  
1360.000000	0.820772  
1358.000000	0.817266  
1356.000000	0.816312  
1354.000000	0.815232  
1352.000000	0.814701  
1350.000000	0.813907  
1348.000000	0.811988  
1346.000000	0.809695  
1344.000000	0.807818  
1342.000000	0.806287  
1340.000000	0.805115  
1338.000000	0.804668  
1336.000000	0.802247  
1334.000000	0.798990  
1332.000000	0.797625  
1330.000000	0.796862  
1328.000000	0.794866  
1326.000000	0.793922  
1324.000000	0.792424  
1322.000000	0.789305  
1320.000000	0.787231  
1318.000000	0.785796  
1316.000000	0.785920  
1314.000000	0.785626  
1312.000000	0.784428  
1310.000000	0.781468  
1308.000000	0.778607  
1306.000000	0.776255  
1304.000000	0.774768  
1302.000000	0.773957  
1300.000000	0.771975  
1298.000000	0.770571  
1296.000000	0.767922  
1294.000000	0.766748  
1292.000000	0.764783  
1290.000000	0.763471  
1288.000000	0.762569  
1286.000000	0.760191  
1284.000000	0.758226  
1282.000000	0.756890  
1280.000000	0.755461  
1278.000000	0.753113  
1276.000000	0.751052  
1274.000000	0.749668  
1272.000000	0.747723  
1270.000000	0.744476  
1268.000000	0.742555  
1266.000000	0.740659  
1264.000000	0.737107  
1262.000000	0.734580  
1260.000000	0.733246  
1258.000000	0.731859  
1256.000000	0.730156  
1254.000000	0.727780  
1252.000000	0.725499  
1250.000000	0.723562  
1248.000000	0.720899  
1246.000000	0.719882  
1244.000000	0.720226  
1242.000000	0.718142  
1240.000000	0.714602  
1238.000000	0.711559  
1236.000000	0.709190  
1234.000000	0.706469  
1232.000000	0.704508  
1230.000000	0.703013  
1228.000000	0.701084  
1226.000000	0.698533  
1224.000000	0.695144  
1222.000000	0.692000  
1220.000000	0.690644  
1218.000000	0.690081  
1216.000000	0.689208  
1214.000000	0.688526  
1212.000000	0.685655  
1210.000000	0.682278  
1208.000000	0.680124  
1206.000000	0.678284  
1204.000000	0.676556  
1202.000000	0.675762  
1200.000000	0.674815  
1198.000000	0.671921  
1196.000000	0.669182  
1194.000000	0.667117  
1192.000000	0.664853  
1190.000000	0.662225  
1188.000000	0.661047  
1186.000000	0.659819  
1184.000000	0.657283  
1182.000000	0.654323  
1180.000000	0.651829  
1178.000000	0.650668  
1176.000000	0.650781  
1174.000000	0.650089  
1172.000000	0.647982  
1170.000000	0.645138  
1168.000000	0.641166  
1166.000000	0.638224  
1164.000000	0.636754  
1162.000000	0.635784  
1160.000000	0.634862  
1158.000000	0.633261  
1156.000000	0.630624  
1154.000000	0.627480  
1152.000000	0.624867  
1150.000000	0.623505  
1148.000000	0.623451  
1146.000000	0.621964  
1144.000000	0.620408  
1142.000000	0.617922  
1140.000000	0.613760  
1138.000000	0.611853  
1136.000000	0.610489  
1134.000000	0.609824  
1132.000000	0.607940  
1130.000000	0.605057  
1128.000000	0.602548  
1126.000000	0.600556  
1124.000000	0.598913  
1122.000000	0.597879  
1120.000000	0.596178  
1118.000000	0.593883  
1116.000000	0.592635  
1114.000000	0.591066  
1112.000000	0.589608  
1110.000000	0.588522  
1108.000000	0.589600  
1106.000000	0.591618  
1104.000000	0.591500  
1102.000000	0.589316  
1100.000000	0.588119  
1098.000000	0.587677  
1096.000000	0.587907  
1094.000000	0.587759  
1092.000000	0.586201  
1090.000000	0.584095  
1088.000000	0.581131  
1086.000000	0.578810  
1084.000000	0.577244  
1082.000000	0.576067  
1080.000000	0.575770  
1078.000000	0.573752  
1076.000000	0.571995  
1074.000000	0.569780  
1072.000000	0.567423  
1070.000000	0.566148  
1068.000000	0.564813  
1066.000000	0.562178  
1064.000000	0.560010  
1062.000000	0.557433  
1060.000000	0.554710  
1058.000000	0.553382  
1056.000000	0.551763  
1054.000000	0.549820  
1052.000000	0.548190  
1050.000000	0.547174  
1048.000000	0.543625  
1046.000000	0.539965  
1044.000000	0.537708  
1042.000000	0.536448  
1040.000000	0.534504  
1038.000000	0.531337  
1036.000000	0.528959  
1034.000000	0.525882  
1032.000000	0.522728  
1030.000000	0.520165  
1028.000000	0.518472  
1026.000000	0.515612  
1024.000000	0.511118  
1022.000000	0.507121  
1020.000000	0.503830  
1018.000000	0.500930  
1016.000000	0.497597  
1014.000000	0.494171  
1012.000000	0.490318  
1010.000000	0.486474  
1008.000000	0.482733  
1006.000000	0.479241  
1004.000000	0.476680  
1002.000000	0.474096  
1000.000000	0.470706  
998.000000	 0.466932  
996.000000	 0.463441  
994.000000	 0.460145  
992.000000	 0.456618  
990.000000	 0.453411  
988.000000	 0.451494  
986.000000	 0.449080  
984.000000	 0.446777  
982.000000	 0.445010  
980.000000	 0.442542  
978.000000	 0.440698  
976.000000	 0.439407  
974.000000	 0.437488  
972.000000	 0.434601  
970.000000	 0.431392  
968.000000	 0.427243  
966.000000	 0.423381  
964.000000	 0.420273  
962.000000	 0.416531  
960.000000	 0.414144  
958.000000	 0.413070  
956.000000	 0.411170  
954.000000	 0.408399  
952.000000	 0.405521  
950.000000	 0.402657  
948.000000	 0.400537  
946.000000	 0.398836  
944.000000	 0.397337  
942.000000	 0.396282  
940.000000	 0.394445  
938.000000	 0.391862  
936.000000	 0.390838  
934.000000	 0.391690  
932.000000	 0.391942  
930.000000	 0.392409  
928.000000	 0.393469  
926.000000	 0.395641  
924.000000	 0.401308  
922.000000	 0.414107  
920.000000	 0.435797  
918.000000	 0.463873  
916.000000	 0.493467  
914.000000	 0.521528  
912.000000	 0.545631  
910.000000	 0.564801  
908.000000	 0.582096  
906.000000	 0.594182  
904.000000	 0.598289  
902.000000	 0.598494  
900.000000	 0.595206  
898.000000	 0.583997  
896.000000	 0.565486  
894.000000	 0.542083  
892.000000	 0.515648  
890.000000	 0.489359  
888.000000	 0.461688  
886.000000	 0.433718  
884.000000	 0.409901  
882.000000	 0.392212  
880.000000	 0.379070  
878.000000	 0.368753  
876.000000	 0.361432  
874.000000	 0.355099  
872.000000	 0.349442  
870.000000	 0.344869  
868.000000	 0.342486  
866.000000	 0.341160  
864.000000	 0.341086  
862.000000	 0.340940  
860.000000	 0.339704  
858.000000	 0.336946  
856.000000	 0.331517  
854.000000	 0.326171  
852.000000	 0.323185  
850.000000	 0.321372  
848.000000	 0.318492  
846.000000	 0.315257  
844.000000	 0.312579  
842.000000	 0.310459  
840.000000	 0.307654  
838.000000	 0.305152  
836.000000	 0.303351  
834.000000	 0.302182  
832.000000	 0.299968  
830.000000	 0.296247  
828.000000	 0.293498  
826.000000	 0.292115  
824.000000	 0.290325  
822.000000	 0.288471  
820.000000	 0.287536  
818.000000	 0.285703  
816.000000	 0.284582  
814.000000	 0.286006  
812.000000	 0.286685  
810.000000	 0.285870  
808.000000	 0.283311  
806.000000	 0.279888  
804.000000	 0.275482  
802.000000	 0.270494  
800.000000	 0.266505  
798.000000	 0.263684  
796.000000	 0.261655  
794.000000	 0.259050  
792.000000	 0.255631  
790.000000	 0.251814  
788.000000	 0.248995  
786.000000	 0.246678  
784.000000	 0.244567  
782.000000	 0.241723  
780.000000	 0.237764  
778.000000	 0.232945  
776.000000	 0.228277  
774.000000	 0.225217  
772.000000	 0.222850  
770.000000	 0.219735  
768.000000	 0.215901  
766.000000	 0.211932  
764.000000	 0.208693  
762.000000	 0.205648  
760.000000	 0.202994  
758.000000	 0.201346  
756.000000	 0.199636  
754.000000	 0.196734  
752.000000	 0.195025  
750.000000	 0.194193  
748.000000	 0.193096  
746.000000	 0.192889  
744.000000	 0.195500  
742.000000	 0.199863  
740.000000	 0.206135  
738.000000	 0.212691  
736.000000	 0.217466  
734.000000	 0.222133  
732.000000	 0.226661  
730.000000	 0.231965  
728.000000	 0.239895  
726.000000	 0.249110  
724.000000	 0.257445  
722.000000	 0.264727  
720.000000	 0.272140  
718.000000	 0.279424  
716.000000	 0.285160  
714.000000	 0.291408  
712.000000	 0.296391  
710.000000	 0.299843  
708.000000	 0.303677  
706.000000	 0.308217  
704.000000	 0.314750  
702.000000	 0.323669  
700.000000	 0.331819  
698.000000	 0.342463  
696.000000	 0.356032  
694.000000	 0.370908  
692.000000	 0.386725  
690.000000	 0.404782  
688.000000	 0.425713  
686.000000	 0.447053  
684.000000	 0.465317  
682.000000	 0.481334  
680.000000	 0.496191  
678.000000	 0.510306  
676.000000	 0.523118  
674.000000	 0.535781  
672.000000	 0.546534  
670.000000	 0.551948  
668.000000	 0.555090  
666.000000	 0.553596  
664.000000	 0.546807  
662.000000	 0.537111  
660.000000	 0.529535  
658.000000	 0.523613  
656.000000	 0.517336  
654.000000	 0.508955  
652.000000	 0.501527  
650.000000	 0.498872  
648.000000	 0.501990  
646.000000	 0.509953  
644.000000	 0.519354  
642.000000	 0.526944  
640.000000	 0.535202  
638.000000	 0.543863  
636.000000	 0.552995  
634.000000	 0.566697  
632.000000	 0.580563  
630.000000	 0.585237  
628.000000	 0.582544  
626.000000	 0.573309  
624.000000	 0.554460  
622.000000	 0.526978  
620.000000	 0.492517  
618.000000	 0.453219  
616.000000	 0.413099  
614.000000	 0.373711  
612.000000	 0.337464  
610.000000	 0.306880  
608.000000	 0.279743  
606.000000	 0.257192  
604.000000	 0.240287  
602.000000	 0.224647  
600.000000	 0.208329  
598.000000	 0.194498  
596.000000	 0.183553  
594.000000	 0.175733  
592.000000	 0.168915  
590.000000	 0.162056  
588.000000	 0.154991  
586.000000	 0.148780  
584.000000	 0.144450  
582.000000	 0.139635  
580.000000	 0.135769  
578.000000	 0.131451  
576.000000	 0.125187  
574.000000	 0.118336  
572.000000	 0.112614  
570.000000	 0.107200  
568.000000	 0.102815  
566.000000	 0.100228  
564.000000	 0.096521  
562.000000	 0.091816  
560.000000	 0.086254  
558.000000	 0.081348  
556.000000	 0.078152  
554.000000	 0.076146  
552.000000	 0.075150  
550.000000	 0.074391  
548.000000	 0.073293  
546.000000	 0.070440  
544.000000	 0.066424  
542.000000	 0.062659  
540.000000	 0.059224  
538.000000	 0.055573  
536.000000	 0.052260  
534.000000	 0.048834  
532.000000	 0.044741  
530.000000	 0.041784  
528.000000	 0.040902  
526.000000	 0.041010  
524.000000	 0.039362  
522.000000	 0.037360  
520.000000	 0.035639  
518.000000	 0.033762  
516.000000	 0.033031  
514.000000	 0.035130  
512.000000	 0.037825  
510.000000	 0.039203  
508.000000	 0.038095  
506.000000	 0.035217  
504.000000	 0.032655  
502.000000	 0.030033  
500.000000	 0.028821  
498.000000	 0.029211  
496.000000	 0.029920  
494.000000	 0.027889  
492.000000	 0.025041  
490.000000	 0.022375  
488.000000	 0.021239  
486.000000	 0.020934  
484.000000	 0.020728  
482.000000	 0.019747  
480.000000	 0.017247  
478.000000	 0.014170  
476.000000	 0.010552  
474.000000	 0.006807  
472.000000	 0.005370  
470.000000	 0.004095  
468.000000	 0.001628  
466.000000	 -0.001761 
464.000000	 -0.006233 
462.000000	 -0.011529 
460.000000	 -0.015373 
458.000000	 -0.016417 
456.000000	 -0.014678 
454.000000	 -0.013379 
452.000000	 -0.013245 
450.000000	 -0.015588 

