4400.000000	1.285916 
4398.000000	1.282956 
4396.000000	1.282250 
4394.000000	1.281566 
4392.000000	1.283109 
4390.000000	1.284106 
4388.000000	1.281400 
4386.000000	1.280190 
4384.000000	1.281000 
4382.000000	1.284193 
4380.000000	1.286368 
4378.000000	1.284903 
4376.000000	1.282632 
4374.000000	1.282650 
4372.000000	1.283252 
4370.000000	1.280526 
4368.000000	1.278357 
4366.000000	1.279581 
4364.000000	1.281661 
4362.000000	1.280506 
4360.000000	1.284664 
4358.000000	1.287141 
4356.000000	1.286400 
4354.000000	1.289851 
4352.000000	1.287165 
4350.000000	1.283509 
4348.000000	1.282271 
4346.000000	1.280759 
4344.000000	1.279938 
4342.000000	1.283055 
4340.000000	1.281087 
4338.000000	1.276343 
4336.000000	1.274479 
4334.000000	1.276556 
4332.000000	1.280475 
4330.000000	1.281730 
4328.000000	1.281831 
4326.000000	1.282319 
4324.000000	1.281214 
4322.000000	1.277801 
4320.000000	1.275477 
4318.000000	1.280336 
4316.000000	1.283169 
4314.000000	1.280165 
4312.000000	1.282034 
4310.000000	1.281067 
4308.000000	1.275101 
4306.000000	1.278488 
4304.000000	1.283252 
4302.000000	1.284967 
4300.000000	1.281948 
4298.000000	1.276952 
4296.000000	1.277779 
4294.000000	1.280301 
4292.000000	1.279021 
4290.000000	1.280664 
4288.000000	1.285710 
4286.000000	1.284020 
4284.000000	1.278998 
4282.000000	1.278919 
4280.000000	1.282258 
4278.000000	1.282426 
4276.000000	1.282055 
4274.000000	1.281663 
4272.000000	1.278264 
4270.000000	1.274750 
4268.000000	1.274730 
4266.000000	1.279126 
4264.000000	1.280943 
4262.000000	1.280344 
4260.000000	1.281762 
4258.000000	1.282014 
4256.000000	1.282603 
4254.000000	1.282950 
4252.000000	1.279918 
4250.000000	1.280107 
4248.000000	1.281194 
4246.000000	1.276875 
4244.000000	1.275103 
4242.000000	1.277703 
4240.000000	1.280007 
4238.000000	1.281317 
4236.000000	1.280289 
4234.000000	1.278313 
4232.000000	1.275819 
4230.000000	1.275534 
4228.000000	1.278225 
4226.000000	1.277766 
4224.000000	1.279344 
4222.000000	1.279950 
4220.000000	1.277828 
4218.000000	1.278506 
4216.000000	1.278553 
4214.000000	1.276132 
4212.000000	1.274274 
4210.000000	1.272138 
4208.000000	1.272094 
4206.000000	1.275296 
4204.000000	1.277105 
4202.000000	1.276707 
4200.000000	1.275575 
4198.000000	1.274720 
4196.000000	1.275153 
4194.000000	1.274072 
4192.000000	1.274313 
4190.000000	1.278384 
4188.000000	1.281875 
4186.000000	1.280315 
4184.000000	1.276695 
4182.000000	1.275790 
4180.000000	1.278313 
4178.000000	1.278473 
4176.000000	1.275132 
4174.000000	1.274910 
4172.000000	1.277679 
4170.000000	1.278117 
4168.000000	1.276944 
4166.000000	1.276709 
4164.000000	1.279332 
4162.000000	1.281109 
4160.000000	1.278429 
4158.000000	1.275635 
4156.000000	1.276758 
4154.000000	1.276844 
4152.000000	1.275079 
4150.000000	1.273537 
4148.000000	1.271286 
4146.000000	1.270037 
4144.000000	1.270342 
4142.000000	1.270130 
4140.000000	1.269812 
4138.000000	1.271855 
4136.000000	1.273514 
4134.000000	1.273036 
4132.000000	1.272679 
4130.000000	1.271712 
4128.000000	1.272654 
4126.000000	1.271778 
4124.000000	1.273457 
4122.000000	1.279256 
4120.000000	1.278663 
4118.000000	1.273718 
4116.000000	1.269781 
4114.000000	1.270537 
4112.000000	1.272134 
4110.000000	1.274206 
4108.000000	1.276282 
4106.000000	1.273290 
4104.000000	1.269417 
4102.000000	1.270328 
4100.000000	1.273683 
4098.000000	1.278099 
4096.000000	1.280129 
4094.000000	1.274101 
4092.000000	1.271076 
4090.000000	1.276169 
4088.000000	1.277254 
4086.000000	1.273695 
4084.000000	1.271534 
4082.000000	1.269945 
4080.000000	1.267868 
4078.000000	1.269644 
4076.000000	1.272372 
4074.000000	1.274300 
4072.000000	1.273967 
4070.000000	1.270865 
4068.000000	1.273151 
4066.000000	1.276091 
4064.000000	1.272805 
4062.000000	1.270869 
4060.000000	1.271917 
4058.000000	1.272522 
4056.000000	1.269532 
4054.000000	1.264466 
4052.000000	1.263451 
4050.000000	1.268292 
4048.000000	1.272301 
4046.000000	1.272861 
4044.000000	1.272163 
4042.000000	1.272359 
4040.000000	1.273154 
4038.000000	1.274052 
4036.000000	1.274771 
4034.000000	1.273022 
4032.000000	1.273084 
4030.000000	1.273986 
4028.000000	1.271621 
4026.000000	1.272122 
4024.000000	1.272592 
4022.000000	1.268676 
4020.000000	1.263662 
4018.000000	1.264672 
4016.000000	1.268388 
4014.000000	1.271648 
4012.000000	1.273104 
4010.000000	1.273609 
4008.000000	1.272830 
4006.000000	1.270780 
4004.000000	1.269706 
4002.000000	1.267833 
4000.000000	1.267072 
3998.000000	1.268572 
3996.000000	1.270510 
3994.000000	1.272475 
3992.000000	1.274800 
3990.000000	1.275066 
3988.000000	1.270796 
3986.000000	1.267843 
3984.000000	1.270367 
3982.000000	1.271128 
3980.000000	1.271447 
3978.000000	1.273083 
3976.000000	1.271751 
3974.000000	1.268071 
3972.000000	1.268401 
3970.000000	1.272580 
3968.000000	1.273642 
3966.000000	1.269679 
3964.000000	1.266158 
3962.000000	1.269294 
3960.000000	1.269783 
3958.000000	1.265988 
3956.000000	1.268023 
3954.000000	1.269238 
3952.000000	1.267904 
3950.000000	1.267496 
3948.000000	1.266676 
3946.000000	1.265942 
3944.000000	1.267682 
3942.000000	1.269494 
3940.000000	1.266856 
3938.000000	1.265837 
3936.000000	1.267055 
3934.000000	1.268386 
3932.000000	1.268135 
3930.000000	1.266156 
3928.000000	1.263556 
3926.000000	1.265778 
3924.000000	1.268572 
3922.000000	1.269286 
3920.000000	1.272634 
3918.000000	1.273982 
3916.000000	1.270328 
3914.000000	1.265108 
3912.000000	1.261399 
3910.000000	1.259192 
3908.000000	1.260788 
3906.000000	1.265293 
3904.000000	1.270132 
3902.000000	1.270770 
3900.000000	1.274884 
3898.000000	1.273038 
3896.000000	1.267373 
3894.000000	1.268997 
3892.000000	1.273024 
3890.000000	1.266575 
3888.000000	1.260763 
3886.000000	1.266959 
3884.000000	1.264842 
3882.000000	1.266590 
3880.000000	1.274160 
3878.000000	1.269147 
3876.000000	1.266877 
3874.000000	1.264840 
3872.000000	1.262094 
3870.000000	1.271489 
3868.000000	1.265835 
3866.000000	1.265820 
3864.000000	1.265980 
3862.000000	1.264327 
3860.000000	1.265516 
3858.000000	1.261679 
3856.000000	1.264484 
3854.000000	1.281380 
3852.000000	1.278467 
3850.000000	1.264798 
3848.000000	1.259478 
3846.000000	1.262810 
3844.000000	1.267588 
3842.000000	1.266720 
3840.000000	1.265703 
3838.000000	1.268340 
3836.000000	1.269217 
3834.000000	1.269563 
3832.000000	1.269373 
3830.000000	1.264998 
3828.000000	1.264112 
3826.000000	1.263140 
3824.000000	1.258482 
3822.000000	1.269161 
3820.000000	1.269334 
3818.000000	1.266082 
3816.000000	1.272343 
3814.000000	1.263563 
3812.000000	1.258739 
3810.000000	1.255885 
3808.000000	1.261042 
3806.000000	1.261061 
3804.000000	1.256595 
3802.000000	1.269192 
3800.000000	1.268050 
3798.000000	1.262065 
3796.000000	1.265990 
3794.000000	1.263894 
3792.000000	1.262041 
3790.000000	1.262846 
3788.000000	1.261394 
3786.000000	1.261594 
3784.000000	1.262719 
3782.000000	1.261339 
3780.000000	1.266298 
3778.000000	1.266412 
3776.000000	1.263195 
3774.000000	1.261793 
3772.000000	1.261810 
3770.000000	1.267431 
3768.000000	1.265660 
3766.000000	1.265980 
3764.000000	1.264632 
3762.000000	1.264189 
3760.000000	1.266613 
3758.000000	1.264356 
3756.000000	1.258767 
3754.000000	1.256111 
3752.000000	1.265188 
3750.000000	1.270037 
3748.000000	1.259425 
3746.000000	1.265654 
3744.000000	1.283660 
3742.000000	1.267636 
3740.000000	1.262599 
3738.000000	1.269517 
3736.000000	1.276062 
3734.000000	1.272694 
3732.000000	1.271329 
3730.000000	1.267342 
3728.000000	1.264327 
3726.000000	1.264246 
3724.000000	1.267003 
3722.000000	1.270568 
3720.000000	1.269040 
3718.000000	1.267977 
3716.000000	1.263045 
3714.000000	1.265186 
3712.000000	1.273492 
3710.000000	1.274175 
3708.000000	1.270894 
3706.000000	1.268027 
3704.000000	1.271824 
3702.000000	1.277897 
3700.000000	1.273646 
3698.000000	1.269657 
3696.000000	1.268972 
3694.000000	1.266969 
3692.000000	1.271263 
3690.000000	1.281329 
3688.000000	1.286072 
3686.000000	1.279902 
3684.000000	1.275190 
3682.000000	1.275282 
3680.000000	1.276367 
3678.000000	1.276005 
3676.000000	1.284628 
3674.000000	1.277491 
3672.000000	1.270966 
3670.000000	1.281600 
3668.000000	1.282097 
3666.000000	1.280947 
3664.000000	1.282865 
3662.000000	1.282172 
3660.000000	1.277073 
3658.000000	1.280589 
3656.000000	1.288129 
3654.000000	1.280621 
3652.000000	1.281980 
3650.000000	1.288855 
3648.000000	1.287145 
3646.000000	1.282982 
3644.000000	1.280293 
3642.000000	1.281992 
3640.000000	1.286694 
3638.000000	1.287422 
3636.000000	1.283208 
3634.000000	1.279071 
3632.000000	1.275616 
3630.000000	1.284452 
3628.000000	1.289417 
3626.000000	1.282922 
3624.000000	1.284112 
3622.000000	1.286975 
3620.000000	1.288652 
3618.000000	1.285021 
3616.000000	1.281184 
3614.000000	1.281271 
3612.000000	1.281930 
3610.000000	1.286278 
3608.000000	1.285886 
3606.000000	1.280382 
3604.000000	1.280273 
3602.000000	1.284052 
3600.000000	1.283093 
3598.000000	1.279593 
3596.000000	1.282694 
3594.000000	1.287757 
3592.000000	1.286486 
3590.000000	1.285576 
3588.000000	1.287770 
3586.000000	1.285122 
3584.000000	1.282083 
3582.000000	1.282053 
3580.000000	1.281435 
3578.000000	1.279268 
3576.000000	1.277768 
3574.000000	1.276122 
3572.000000	1.272107 
3570.000000	1.271627 
3568.000000	1.280046 
3566.000000	1.282484 
3564.000000	1.277524 
3562.000000	1.275944 
3560.000000	1.277881 
3558.000000	1.279581 
3556.000000	1.276525 
3554.000000	1.274518 
3552.000000	1.275768 
3550.000000	1.276874 
3548.000000	1.279244 
3546.000000	1.279506 
3544.000000	1.279575 
3542.000000	1.280072 
3540.000000	1.278404 
3538.000000	1.276826 
3536.000000	1.276030 
3534.000000	1.273743 
3532.000000	1.272912 
3530.000000	1.275749 
3528.000000	1.277915 
3526.000000	1.276302 
3524.000000	1.277220 
3522.000000	1.280178 
3520.000000	1.278742 
3518.000000	1.275378 
3516.000000	1.276776 
3514.000000	1.278726 
3512.000000	1.278636 
3510.000000	1.279236 
3508.000000	1.278221 
3506.000000	1.278461 
3504.000000	1.277899 
3502.000000	1.276531 
3500.000000	1.276662 
3498.000000	1.276862 
3496.000000	1.277946 
3494.000000	1.277514 
3492.000000	1.275009 
3490.000000	1.273671 
3488.000000	1.274391 
3486.000000	1.276089 
3484.000000	1.275083 
3482.000000	1.272156 
3480.000000	1.272751 
3478.000000	1.274442 
3476.000000	1.275064 
3474.000000	1.276611 
3472.000000	1.276742 
3470.000000	1.274557 
3468.000000	1.272644 
3466.000000	1.273691 
3464.000000	1.275618 
3462.000000	1.276177 
3460.000000	1.275690 
3458.000000	1.274625 
3456.000000	1.275362 
3454.000000	1.276830 
3452.000000	1.274399 
3450.000000	1.271857 
3448.000000	1.274014 
3446.000000	1.274890 
3444.000000	1.273992 
3442.000000	1.271430 
3440.000000	1.270778 
3438.000000	1.274444 
3436.000000	1.276736 
3434.000000	1.274947 
3432.000000	1.270201 
3430.000000	1.269864 
3428.000000	1.273382 
3426.000000	1.273352 
3424.000000	1.271807 
3422.000000	1.270375 
3420.000000	1.270163 
3418.000000	1.272466 
3416.000000	1.273722 
3414.000000	1.271799 
3412.000000	1.272578 
3410.000000	1.272020 
3408.000000	1.269569 
3406.000000	1.269534 
3404.000000	1.270496 
3402.000000	1.271368 
3400.000000	1.271227 
3398.000000	1.269893 
3396.000000	1.268159 
3394.000000	1.267082 
3392.000000	1.267185 
3390.000000	1.267040 
3388.000000	1.265585 
3386.000000	1.265286 
3384.000000	1.267622 
3382.000000	1.268619 
3380.000000	1.269386 
3378.000000	1.268530 
3376.000000	1.267607 
3374.000000	1.268699 
3372.000000	1.268753 
3370.000000	1.269122 
3368.000000	1.266981 
3366.000000	1.265791 
3364.000000	1.264670 
3362.000000	1.263755 
3360.000000	1.266661 
3358.000000	1.269440 
3356.000000	1.269638 
3354.000000	1.269619 
3352.000000	1.269244 
3350.000000	1.269792 
3348.000000	1.269775 
3346.000000	1.269078 
3344.000000	1.268607 
3342.000000	1.267818 
3340.000000	1.265059 
3338.000000	1.262525 
3336.000000	1.261810 
3334.000000	1.262772 
3332.000000	1.263051 
3330.000000	1.261967 
3328.000000	1.263694 
3326.000000	1.265072 
3324.000000	1.265766 
3322.000000	1.263614 
3320.000000	1.261649 
3318.000000	1.263639 
3316.000000	1.264307 
3314.000000	1.263092 
3312.000000	1.264569 
3310.000000	1.265392 
3308.000000	1.265225 
3306.000000	1.266632 
3304.000000	1.263083 
3302.000000	1.258720 
3300.000000	1.258942 
3298.000000	1.259841 
3296.000000	1.259455 
3294.000000	1.260420 
3292.000000	1.260037 
3290.000000	1.258557 
3288.000000	1.258016 
3286.000000	1.257767 
3284.000000	1.257979 
3282.000000	1.258762 
3280.000000	1.257274 
3278.000000	1.256335 
3276.000000	1.257394 
3274.000000	1.256726 
3272.000000	1.255981 
3270.000000	1.257164 
3268.000000	1.256335 
3266.000000	1.254884 
3264.000000	1.253774 
3262.000000	1.253383 
3260.000000	1.252611 
3258.000000	1.255339 
3256.000000	1.258658 
3254.000000	1.257072 
3252.000000	1.253108 
3250.000000	1.251836 
3248.000000	1.252680 
3246.000000	1.254706 
3244.000000	1.256014 
3242.000000	1.254315 
3240.000000	1.251694 
3238.000000	1.250824 
3236.000000	1.253015 
3234.000000	1.255356 
3232.000000	1.255048 
3230.000000	1.254324 
3228.000000	1.253277 
3226.000000	1.249193 
3224.000000	1.248970 
3222.000000	1.252208 
3220.000000	1.251849 
3218.000000	1.251945 
3216.000000	1.251847 
3214.000000	1.247916 
3212.000000	1.247690 
3210.000000	1.248086 
3208.000000	1.245732 
3206.000000	1.244667 
3204.000000	1.247888 
3202.000000	1.249932 
3200.000000	1.248396 
3198.000000	1.246458 
3196.000000	1.248706 
3194.000000	1.249042 
3192.000000	1.247110 
3190.000000	1.245322 
3188.000000	1.244423 
3186.000000	1.245803 
3184.000000	1.245972 
3182.000000	1.245054 
3180.000000	1.246239 
3178.000000	1.246418 
3176.000000	1.243873 
3174.000000	1.243209 
3172.000000	1.243938 
3170.000000	1.244392 
3168.000000	1.243433 
3166.000000	1.243180 
3164.000000	1.242892 
3162.000000	1.241136 
3160.000000	1.240931 
3158.000000	1.244370 
3156.000000	1.246474 
3154.000000	1.244194 
3152.000000	1.240509 
3150.000000	1.241817 
3148.000000	1.241864 
3146.000000	1.239155 
3144.000000	1.239897 
3142.000000	1.242649 
3140.000000	1.242700 
3138.000000	1.242235 
3136.000000	1.239773 
3134.000000	1.236716 
3132.000000	1.238450 
3130.000000	1.240487 
3128.000000	1.239915 
3126.000000	1.239541 
3124.000000	1.239498 
3122.000000	1.239087 
3120.000000	1.237365 
3118.000000	1.236923 
3116.000000	1.238869 
3114.000000	1.240599 
3112.000000	1.239225 
3110.000000	1.237853 
3108.000000	1.240857 
3106.000000	1.239002 
3104.000000	1.236803 
3102.000000	1.237041 
3100.000000	1.236616 
3098.000000	1.236496 
3096.000000	1.233661 
3094.000000	1.230726 
3092.000000	1.234342 
3090.000000	1.238582 
3088.000000	1.238984 
3086.000000	1.237084 
3084.000000	1.233632 
3082.000000	1.232324 
3080.000000	1.233546 
3078.000000	1.234397 
3076.000000	1.234058 
3074.000000	1.233265 
3072.000000	1.231810 
3070.000000	1.230106 
3068.000000	1.230381 
3066.000000	1.232301 
3064.000000	1.230548 
3062.000000	1.228947 
3060.000000	1.232678 
3058.000000	1.233957 
3056.000000	1.232043 
3054.000000	1.231897 
3052.000000	1.231334 
3050.000000	1.229839 
3048.000000	1.230013 
3046.000000	1.228879 
3044.000000	1.227415 
3042.000000	1.230876 
3040.000000	1.232358 
3038.000000	1.228300 
3036.000000	1.227630 
3034.000000	1.228526 
3032.000000	1.226895 
3030.000000	1.227782 
3028.000000	1.227761 
3026.000000	1.224843 
3024.000000	1.224928 
3022.000000	1.224853 
3020.000000	1.225876 
3018.000000	1.227901 
3016.000000	1.227438 
3014.000000	1.227586 
3012.000000	1.228553 
3010.000000	1.228008 
3008.000000	1.225450 
3006.000000	1.226240 
3004.000000	1.226785 
3002.000000	1.225639 
3000.000000	1.226289 
2998.000000	1.227221 
2996.000000	1.226169 
2994.000000	1.226404 
2992.000000	1.228577 
2990.000000	1.227782 
2988.000000	1.227246 
2986.000000	1.228763 
2984.000000	1.227929 
2982.000000	1.228194 
2980.000000	1.229360 
2978.000000	1.227929 
2976.000000	1.226577 
2974.000000	1.225713 
2972.000000	1.225100 
2970.000000	1.225633 
2968.000000	1.227337 
2966.000000	1.228661 
2964.000000	1.228639 
2962.000000	1.228847 
2960.000000	1.228742 
2958.000000	1.229003 
2956.000000	1.228554 
2954.000000	1.226844 
2952.000000	1.226727 
2950.000000	1.228530 
2948.000000	1.226933 
2946.000000	1.224537 
2944.000000	1.225878 
2942.000000	1.227295 
2940.000000	1.229498 
2938.000000	1.232313 
2936.000000	1.231674 
2934.000000	1.231246 
2932.000000	1.233597 
2930.000000	1.234593 
2928.000000	1.235286 
2926.000000	1.234763 
2924.000000	1.232795 
2922.000000	1.230140 
2920.000000	1.226922 
2918.000000	1.228194 
2916.000000	1.229888 
2914.000000	1.228872 
2912.000000	1.226661 
2910.000000	1.223760 
2908.000000	1.222853 
2906.000000	1.222571 
2904.000000	1.222955 
2902.000000	1.222848 
2900.000000	1.220746 
2898.000000	1.219389 
2896.000000	1.218735 
2894.000000	1.216717 
2892.000000	1.216383 
2890.000000	1.219284 
2888.000000	1.218574 
2886.000000	1.217010 
2884.000000	1.217810 
2882.000000	1.218665 
2880.000000	1.218360 
2878.000000	1.218352 
2876.000000	1.220211 
2874.000000	1.218970 
2872.000000	1.215420 
2870.000000	1.213213 
2868.000000	1.213217 
2866.000000	1.214156 
2864.000000	1.215397 
2862.000000	1.217104 
2860.000000	1.217478 
2858.000000	1.216647 
2856.000000	1.216530 
2854.000000	1.215792 
2852.000000	1.215646 
2850.000000	1.216049 
2848.000000	1.214484 
2846.000000	1.213024 
2844.000000	1.211990 
2842.000000	1.211166 
2840.000000	1.210342 
2838.000000	1.210554 
2836.000000	1.210285 
2834.000000	1.208946 
2832.000000	1.208417 
2830.000000	1.208884 
2828.000000	1.207910 
2826.000000	1.206641 
2824.000000	1.206562 
2822.000000	1.207136 
2820.000000	1.206755 
2818.000000	1.205278 
2816.000000	1.205361 
2814.000000	1.206159 
2812.000000	1.206649 
2810.000000	1.206986 
2808.000000	1.206267 
2806.000000	1.206039 
2804.000000	1.205981 
2802.000000	1.203435 
2800.000000	1.202699 
2798.000000	1.204422 
2796.000000	1.203692 
2794.000000	1.202915 
2792.000000	1.204178 
2790.000000	1.204685 
2788.000000	1.204384 
2786.000000	1.203943 
2784.000000	1.203511 
2782.000000	1.202545 
2780.000000	1.200435 
2778.000000	1.201079 
2776.000000	1.200839 
2774.000000	1.200259 
2772.000000	1.202753 
2770.000000	1.201003 
2768.000000	1.198418 
2766.000000	1.198755 
2764.000000	1.198948 
2762.000000	1.199352 
2760.000000	1.200734 
2758.000000	1.200962 
2756.000000	1.199382 
2754.000000	1.197381 
2752.000000	1.196610 
2750.000000	1.196770 
2748.000000	1.196892 
2746.000000	1.199277 
2744.000000	1.200502 
2742.000000	1.197503 
2740.000000	1.195334 
2738.000000	1.196482 
2736.000000	1.198114 
2734.000000	1.197057 
2732.000000	1.193495 
2730.000000	1.191458 
2728.000000	1.192447 
2726.000000	1.193386 
2724.000000	1.193591 
2722.000000	1.194148 
2720.000000	1.195476 
2718.000000	1.195797 
2716.000000	1.193951 
2714.000000	1.192945 
2712.000000	1.192571 
2710.000000	1.192931 
2708.000000	1.194156 
2706.000000	1.192742 
2704.000000	1.189836 
2702.000000	1.189452 
2700.000000	1.189827 
2698.000000	1.189060 
2696.000000	1.188943 
2694.000000	1.190207 
2692.000000	1.191283 
2690.000000	1.190157 
2688.000000	1.188718 
2686.000000	1.188184 
2684.000000	1.188531 
2682.000000	1.187806 
2680.000000	1.187538 
2678.000000	1.188798 
2676.000000	1.188713 
2674.000000	1.187375 
2672.000000	1.187492 
2670.000000	1.188810 
2668.000000	1.188465 
2666.000000	1.185847 
2664.000000	1.184941 
2662.000000	1.185042 
2660.000000	1.185279 
2658.000000	1.187125 
2656.000000	1.188208 
2654.000000	1.188197 
2652.000000	1.186457 
2650.000000	1.184816 
2648.000000	1.185817 
2646.000000	1.187670 
2644.000000	1.187618 
2642.000000	1.186050 
2640.000000	1.184439 
2638.000000	1.183792 
2636.000000	1.184874 
2634.000000	1.185302 
2632.000000	1.183675 
2630.000000	1.181862 
2628.000000	1.180646 
2626.000000	1.179802 
2624.000000	1.180765 
2622.000000	1.182230 
2620.000000	1.183105 
2618.000000	1.182547 
2616.000000	1.182465 
2614.000000	1.182995 
2612.000000	1.183215 
2610.000000	1.184641 
2608.000000	1.183094 
2606.000000	1.180426 
2604.000000	1.180523 
2602.000000	1.180019 
2600.000000	1.179042 
2598.000000	1.178091 
2596.000000	1.178452 
2594.000000	1.179026 
2592.000000	1.179727 
2590.000000	1.179854 
2588.000000	1.179856 
2586.000000	1.180036 
2584.000000	1.179197 
2582.000000	1.179375 
2580.000000	1.178898 
2578.000000	1.174992 
2576.000000	1.173397 
2574.000000	1.174407 
2572.000000	1.174399 
2570.000000	1.175624 
2568.000000	1.177034 
2566.000000	1.176331 
2564.000000	1.173359 
2562.000000	1.170881 
2560.000000	1.171042 
2558.000000	1.172681 
2556.000000	1.173711 
2554.000000	1.173813 
2552.000000	1.173617 
2550.000000	1.172949 
2548.000000	1.173222 
2546.000000	1.172931 
2544.000000	1.173236 
2542.000000	1.174265 
2540.000000	1.173747 
2538.000000	1.172869 
2536.000000	1.172019 
2534.000000	1.170321 
2532.000000	1.170004 
2530.000000	1.170490 
2528.000000	1.170468 
2526.000000	1.169625 
2524.000000	1.168283 
2522.000000	1.168976 
2520.000000	1.168879 
2518.000000	1.168134 
2516.000000	1.168700 
2514.000000	1.166943 
2512.000000	1.165417 
2510.000000	1.165503 
2508.000000	1.165291 
2506.000000	1.166172 
2504.000000	1.167385 
2502.000000	1.167027 
2500.000000	1.166049 
2498.000000	1.165615 
2496.000000	1.165417 
2494.000000	1.165709 
2492.000000	1.165524 
2490.000000	1.165347 
2488.000000	1.164510 
2486.000000	1.163245 
2484.000000	1.164654 
2482.000000	1.165242 
2480.000000	1.164308 
2478.000000	1.164478 
2476.000000	1.163679 
2474.000000	1.162802 
2472.000000	1.162593 
2470.000000	1.162913 
2468.000000	1.163293 
2466.000000	1.162609 
2464.000000	1.163052 
2462.000000	1.162504 
2460.000000	1.159324 
2458.000000	1.159730 
2456.000000	1.162358 
2454.000000	1.163035 
2452.000000	1.161929 
2450.000000	1.159374 
2448.000000	1.157957 
2446.000000	1.159031 
2444.000000	1.159053 
2442.000000	1.157981 
2440.000000	1.158912 
2438.000000	1.159795 
2436.000000	1.158455 
2434.000000	1.156076 
2432.000000	1.155897 
2430.000000	1.157364 
2428.000000	1.158197 
2426.000000	1.157263 
2424.000000	1.155383 
2422.000000	1.155580 
2420.000000	1.155706 
2418.000000	1.154982 
2416.000000	1.156137 
2414.000000	1.156275 
2412.000000	1.155279 
2410.000000	1.152148 
2408.000000	1.151041 
2406.000000	1.153995 
2404.000000	1.156802 
2402.000000	1.156448 
2400.000000	1.153892 
2398.000000	1.152702 
2396.000000	1.152898 
2394.000000	1.152760 
2392.000000	1.151028 
2390.000000	1.150069 
2388.000000	1.150889 
2386.000000	1.150056 
2384.000000	1.147238 
2382.000000	1.145628 
2380.000000	1.145045 
2378.000000	1.143514 
2376.000000	1.142125 
2374.000000	1.139361 
2372.000000	1.135613 
2370.000000	1.135277 
2368.000000	1.135120 
2366.000000	1.131187 
2364.000000	1.128894 
2362.000000	1.130543 
2360.000000	1.127441 
2358.000000	1.126326 
2356.000000	1.131422 
2354.000000	1.136501 
2352.000000	1.139143 
2350.000000	1.137112 
2348.000000	1.134514 
2346.000000	1.134085 
2344.000000	1.132143 
2342.000000	1.131559 
2340.000000	1.133967 
2338.000000	1.135268 
2336.000000	1.132914 
2334.000000	1.132294 
2332.000000	1.133750 
2330.000000	1.133727 
2328.000000	1.133333 
2326.000000	1.135885 
2324.000000	1.139971 
2322.000000	1.141704 
2320.000000	1.141611 
2318.000000	1.140990 
2316.000000	1.139899 
2314.000000	1.140166 
2312.000000	1.142585 
2310.000000	1.143728 
2308.000000	1.142691 
2306.000000	1.143545 
2304.000000	1.145416 
2302.000000	1.147150 
2300.000000	1.148876 
2298.000000	1.149607 
2296.000000	1.149971 
2294.000000	1.150302 
2292.000000	1.150237 
2290.000000	1.151904 
2288.000000	1.155695 
2286.000000	1.158004 
2284.000000	1.159168 
2282.000000	1.159080 
2280.000000	1.159255 
2278.000000	1.160234 
2276.000000	1.160781 
2274.000000	1.163494 
2272.000000	1.168879 
2270.000000	1.173506 
2268.000000	1.176648 
2266.000000	1.178441 
2264.000000	1.181066 
2262.000000	1.183756 
2260.000000	1.184143 
2258.000000	1.184653 
2256.000000	1.186778 
2254.000000	1.189383 
2252.000000	1.191405 
2250.000000	1.192945 
2248.000000	1.193781 
2246.000000	1.192038 
2244.000000	1.189033 
2242.000000	1.187485 
2240.000000	1.188039 
2238.000000	1.188817 
2236.000000	1.187970 
2234.000000	1.186458 
2232.000000	1.183511 
2230.000000	1.179611 
2228.000000	1.178200 
2226.000000	1.179496 
2224.000000	1.179738 
2222.000000	1.178848 
2220.000000	1.177863 
2218.000000	1.176757 
2216.000000	1.176953 
2214.000000	1.179081 
2212.000000	1.180961 
2210.000000	1.182988 
2208.000000	1.184075 
2206.000000	1.183018 
2204.000000	1.184053 
2202.000000	1.187178 
2200.000000	1.189033 
2198.000000	1.188432 
2196.000000	1.187637 
2194.000000	1.187916 
2192.000000	1.188210 
2190.000000	1.186613 
2188.000000	1.184452 
2186.000000	1.184105 
2184.000000	1.182627 
2182.000000	1.179424 
2180.000000	1.177783 
2178.000000	1.176610 
2176.000000	1.174624 
2174.000000	1.173937 
2172.000000	1.174924 
2170.000000	1.174624 
2168.000000	1.174624 
2166.000000	1.174490 
2164.000000	1.173545 
2162.000000	1.172820 
2160.000000	1.172962 
2158.000000	1.173485 
2156.000000	1.175300 
2154.000000	1.179223 
2152.000000	1.183184 
2150.000000	1.188879 
2148.000000	1.195804 
2146.000000	1.198047 
2144.000000	1.197443 
2142.000000	1.197278 
2140.000000	1.197813 
2138.000000	1.197608 
2136.000000	1.195589 
2134.000000	1.195279 
2132.000000	1.194772 
2130.000000	1.193309 
2128.000000	1.194538 
2126.000000	1.200193 
2124.000000	1.206441 
2122.000000	1.211935 
2120.000000	1.217849 
2118.000000	1.223583 
2116.000000	1.227223 
2114.000000	1.228223 
2112.000000	1.226188 
2110.000000	1.222369 
2108.000000	1.217437 
2106.000000	1.211867 
2104.000000	1.205602 
2102.000000	1.200159 
2100.000000	1.196969 
2098.000000	1.195295 
2096.000000	1.195044 
2094.000000	1.197453 
2092.000000	1.202207 
2090.000000	1.203563 
2088.000000	1.200517 
2086.000000	1.198913 
2084.000000	1.197223 
2082.000000	1.191482 
2080.000000	1.183579 
2078.000000	1.177401 
2076.000000	1.172185 
2074.000000	1.165144 
2072.000000	1.156613 
2070.000000	1.146261 
2068.000000	1.134463 
2066.000000	1.122879 
2064.000000	1.113095 
2062.000000	1.106780 
2060.000000	1.103848 
2058.000000	1.101324 
2056.000000	1.097668 
2054.000000	1.093537 
2052.000000	1.090966 
2050.000000	1.090146 
2048.000000	1.089783 
2046.000000	1.088285 
2044.000000	1.086264 
2042.000000	1.084836 
2040.000000	1.082504 
2038.000000	1.081108 
2036.000000	1.082264 
2034.000000	1.082637 
2032.000000	1.081549 
2030.000000	1.080824 
2028.000000	1.080109 
2026.000000	1.079721 
2024.000000	1.079994 
2022.000000	1.079705 
2020.000000	1.078834 
2018.000000	1.077247 
2016.000000	1.076529 
2014.000000	1.076112 
2012.000000	1.074891 
2010.000000	1.074501 
2008.000000	1.073221 
2006.000000	1.072654 
2004.000000	1.073208 
2002.000000	1.072429 
2000.000000	1.072217 
1998.000000	1.073071 
1996.000000	1.073169 
1994.000000	1.072817 
1992.000000	1.072245 
1990.000000	1.069793 
1988.000000	1.066642 
1986.000000	1.066332 
1984.000000	1.066459 
1982.000000	1.066182 
1980.000000	1.065558 
1978.000000	1.064938 
1976.000000	1.065577 
1974.000000	1.065791 
1972.000000	1.064789 
1970.000000	1.064379 
1968.000000	1.064496 
1966.000000	1.063577 
1964.000000	1.062122 
1962.000000	1.060983 
1960.000000	1.059551 
1958.000000	1.059350 
1956.000000	1.059609 
1954.000000	1.059154 
1952.000000	1.057854 
1950.000000	1.056463 
1948.000000	1.055986 
1946.000000	1.057009 
1944.000000	1.058797 
1942.000000	1.059180 
1940.000000	1.056826 
1938.000000	1.054661 
1936.000000	1.052588 
1934.000000	1.052805 
1932.000000	1.054157 
1930.000000	1.053417 
1928.000000	1.052493 
1926.000000	1.050861 
1924.000000	1.048933 
1922.000000	1.049541 
1920.000000	1.050418 
1918.000000	1.051605 
1916.000000	1.050876 
1914.000000	1.048859 
1912.000000	1.046224 
1910.000000	1.045895 
1908.000000	1.047665 
1906.000000	1.048692 
1904.000000	1.047534 
1902.000000	1.044385 
1900.000000	1.041614 
1898.000000	1.041292 
1896.000000	1.041012 
1894.000000	1.040474 
1892.000000	1.040812 
1890.000000	1.041798 
1888.000000	1.040705 
1886.000000	1.038180 
1884.000000	1.036157 
1882.000000	1.035307 
1880.000000	1.036040 
1878.000000	1.036258 
1876.000000	1.035423 
1874.000000	1.034257 
1872.000000	1.033228 
1870.000000	1.034829 
1868.000000	1.036222 
1866.000000	1.033391 
1864.000000	1.030356 
1862.000000	1.028766 
1860.000000	1.028184 
1858.000000	1.029152 
1856.000000	1.029188 
1854.000000	1.027948 
1852.000000	1.027246 
1850.000000	1.027059 
1848.000000	1.026543 
1846.000000	1.026236 
1844.000000	1.028942 
1842.000000	1.027443 
1840.000000	1.024595 
1838.000000	1.023731 
1836.000000	1.023157 
1834.000000	1.021618 
1832.000000	1.021355 
1830.000000	1.022993 
1828.000000	1.020822 
1826.000000	1.019452 
1824.000000	1.019439 
1822.000000	1.017648 
1820.000000	1.017266 
1818.000000	1.018109 
1816.000000	1.018212 
1814.000000	1.015604 
1812.000000	1.013108 
1810.000000	1.013792 
1808.000000	1.013847 
1806.000000	1.011950 
1804.000000	1.010929 
1802.000000	1.011704 
1800.000000	1.010564 
1798.000000	1.007970 
1796.000000	1.006848 
1794.000000	1.006216 
1792.000000	1.009092 
1790.000000	1.008512 
1788.000000	1.005560 
1786.000000	1.004013 
1784.000000	1.003451 
1782.000000	1.002459 
1780.000000	1.002586 
1778.000000	1.001880 
1776.000000	1.000232 
1774.000000	1.000548 
1772.000000	1.002669 
1770.000000	1.000665 
1768.000000	0.999401 
1766.000000	0.997646 
1764.000000	0.995423 
1762.000000	0.995756 
1760.000000	0.993680 
1758.000000	0.993249 
1756.000000	0.994189 
1754.000000	0.990874 
1752.000000	0.991866 
1750.000000	0.993579 
1748.000000	0.991030 
1746.000000	0.988335 
1744.000000	0.987956 
1742.000000	0.987898 
1740.000000	0.988432 
1738.000000	0.986032 
1736.000000	0.984067 
1734.000000	0.991559 
1732.000000	0.989484 
1730.000000	0.984824 
1728.000000	0.984011 
1726.000000	0.982868 
1724.000000	0.981589 
1722.000000	0.979011 
1720.000000	0.978375 
1718.000000	0.983917 
1716.000000	0.984960 
1714.000000	0.980697 
1712.000000	0.977340 
1710.000000	0.973617 
1708.000000	0.971842 
1706.000000	0.973637 
1704.000000	0.970686 
1702.000000	0.969761 
1700.000000	0.976832 
1698.000000	0.970752 
1696.000000	0.969323 
1694.000000	0.965507 
1692.000000	0.960507 
1690.000000	0.961731 
1688.000000	0.960821 
1686.000000	0.958598 
1684.000000	0.961842 
1682.000000	0.958940 
1680.000000	0.956624 
1678.000000	0.955607 
1676.000000	0.956168 
1674.000000	0.955323 
1672.000000	0.950996 
1670.000000	0.952762 
1668.000000	0.952300 
1666.000000	0.947907 
1664.000000	0.947817 
1662.000000	0.949270 
1660.000000	0.945862 
1658.000000	0.941769 
1656.000000	0.938328 
1654.000000	0.944114 
1652.000000	0.949739 
1650.000000	0.941153 
1648.000000	0.940093 
1646.000000	0.943063 
1644.000000	0.938171 
1642.000000	0.934181 
1640.000000	0.933361 
1638.000000	0.931868 
1636.000000	0.935523 
1634.000000	0.936188 
1632.000000	0.931652 
1630.000000	0.929801 
1628.000000	0.931094 
1626.000000	0.930245 
1624.000000	0.930188 
1622.000000	0.929507 
1620.000000	0.924495 
1618.000000	0.924247 
1616.000000	0.927701 
1614.000000	0.923614 
1612.000000	0.920441 
1610.000000	0.919964 
1608.000000	0.918637 
1606.000000	0.916932 
1604.000000	0.914927 
1602.000000	0.913797 
1600.000000	0.913032 
1598.000000	0.911039 
1596.000000	0.908910 
1594.000000	0.908122 
1592.000000	0.908164 
1590.000000	0.907867 
1588.000000	0.906228 
1586.000000	0.904564 
1584.000000	0.903018 
1582.000000	0.901147 
1580.000000	0.898807 
1578.000000	0.897828 
1576.000000	0.902588 
1574.000000	0.900184 
1572.000000	0.894211 
1570.000000	0.894692 
1568.000000	0.894351 
1566.000000	0.891803 
1564.000000	0.890588 
1562.000000	0.888001 
1560.000000	0.893413 
1558.000000	0.899269 
1556.000000	0.891732 
1554.000000	0.886812 
1552.000000	0.883698 
1550.000000	0.882222 
1548.000000	0.880867 
1546.000000	0.880071 
1544.000000	0.880109 
1542.000000	0.880953 
1540.000000	0.885266 
1538.000000	0.881745 
1536.000000	0.875494 
1534.000000	0.874943 
1532.000000	0.872793 
1530.000000	0.869160 
1528.000000	0.868666 
1526.000000	0.868973 
1524.000000	0.867907 
1522.000000	0.870294 
1520.000000	0.870049 
1518.000000	0.865204 
1516.000000	0.863254 
1514.000000	0.860529 
1512.000000	0.858890 
1510.000000	0.857260 
1508.000000	0.860459 
1506.000000	0.864916 
1504.000000	0.857374 
1502.000000	0.852225 
1500.000000	0.852553 
1498.000000	0.852978 
1496.000000	0.854371 
1494.000000	0.852785 
1492.000000	0.850061 
1490.000000	0.850475 
1488.000000	0.849044 
1486.000000	0.846120 
1484.000000	0.843962 
1482.000000	0.842692 
1480.000000	0.840452 
1478.000000	0.839237 
1476.000000	0.839677 
1474.000000	0.841025 
1472.000000	0.843004 
1470.000000	0.838655 
1468.000000	0.834249 
1466.000000	0.833785 
1464.000000	0.834853 
1462.000000	0.832814 
1460.000000	0.831869 
1458.000000	0.835594 
1456.000000	0.836486 
1454.000000	0.829981 
1452.000000	0.825978 
1450.000000	0.824537 
1448.000000	0.824355 
1446.000000	0.823140 
1444.000000	0.819972 
1442.000000	0.817368 
1440.000000	0.815324 
1438.000000	0.816279 
1436.000000	0.817969 
1434.000000	0.812906 
1432.000000	0.808948 
1430.000000	0.807861 
1428.000000	0.805085 
1426.000000	0.802329 
1424.000000	0.801760 
1422.000000	0.799743 
1420.000000	0.799684 
1418.000000	0.798678 
1416.000000	0.794454 
1414.000000	0.791179 
1412.000000	0.788631 
1410.000000	0.787194 
1408.000000	0.786274 
1406.000000	0.785102 
1404.000000	0.783514 
1402.000000	0.781400 
1400.000000	0.780481 
1398.000000	0.779484 
1396.000000	0.777871 
1394.000000	0.776682 
1392.000000	0.773818 
1390.000000	0.770902 
1388.000000	0.770467 
1386.000000	0.769410 
1384.000000	0.766613 
1382.000000	0.764693 
1380.000000	0.762447 
1378.000000	0.759675 
1376.000000	0.757597 
1374.000000	0.756686 
1372.000000	0.754944 
1370.000000	0.752794 
1368.000000	0.750598 
1366.000000	0.748511 
1364.000000	0.747409 
1362.000000	0.746746 
1360.000000	0.744768 
1358.000000	0.742554 
1356.000000	0.739889 
1354.000000	0.736701 
1352.000000	0.734686 
1350.000000	0.733324 
1348.000000	0.732032 
1346.000000	0.730366 
1344.000000	0.728235 
1342.000000	0.726267 
1340.000000	0.724988 
1338.000000	0.723002 
1336.000000	0.720882 
1334.000000	0.719890 
1332.000000	0.717997 
1330.000000	0.715295 
1328.000000	0.712635 
1326.000000	0.710000 
1324.000000	0.708389 
1322.000000	0.707549 
1320.000000	0.706528 
1318.000000	0.705052 
1316.000000	0.703563 
1314.000000	0.701586 
1312.000000	0.700323 
1310.000000	0.698604 
1308.000000	0.696650 
1306.000000	0.694623 
1304.000000	0.692229 
1302.000000	0.689962 
1300.000000	0.688035 
1298.000000	0.686675 
1296.000000	0.684965 
1294.000000	0.682889 
1292.000000	0.681047 
1290.000000	0.678393 
1288.000000	0.676049 
1286.000000	0.674998 
1284.000000	0.674175 
1282.000000	0.672397 
1280.000000	0.670284 
1278.000000	0.667873 
1276.000000	0.665157 
1274.000000	0.663485 
1272.000000	0.662578 
1270.000000	0.660822 
1268.000000	0.658639 
1266.000000	0.656985 
1264.000000	0.655452 
1262.000000	0.654087 
1260.000000	0.652457 
1258.000000	0.650508 
1256.000000	0.648899 
1254.000000	0.647429 
1252.000000	0.646439 
1250.000000	0.644932 
1248.000000	0.643096 
1246.000000	0.642331 
1244.000000	0.641098 
1242.000000	0.639955 
1240.000000	0.639573 
1238.000000	0.639015 
1236.000000	0.638193 
1234.000000	0.638535 
1232.000000	0.639131 
1230.000000	0.639527 
1228.000000	0.640431 
1226.000000	0.640943 
1224.000000	0.641373 
1222.000000	0.643262 
1220.000000	0.645577 
1218.000000	0.647843 
1216.000000	0.651191 
1214.000000	0.654741 
1212.000000	0.658775 
1210.000000	0.664267 
1208.000000	0.669804 
1206.000000	0.675397 
1204.000000	0.681855 
1202.000000	0.688647 
1200.000000	0.695777 
1198.000000	0.703503 
1196.000000	0.712626 
1194.000000	0.722182 
1192.000000	0.730855 
1190.000000	0.738122 
1188.000000	0.745119 
1186.000000	0.753301 
1184.000000	0.762107 
1182.000000	0.770835 
1180.000000	0.779956 
1178.000000	0.788141 
1176.000000	0.795169 
1174.000000	0.802335 
1172.000000	0.809770 
1170.000000	0.817488 
1168.000000	0.825412 
1166.000000	0.833427 
1164.000000	0.839838 
1162.000000	0.845346 
1160.000000	0.851726 
1158.000000	0.857849 
1156.000000	0.864424 
1154.000000	0.869964 
1152.000000	0.874184 
1150.000000	0.878656 
1148.000000	0.883278 
1146.000000	0.887707 
1144.000000	0.892822 
1142.000000	0.898040 
1140.000000	0.901545 
1138.000000	0.904844 
1136.000000	0.908161 
1134.000000	0.910374 
1132.000000	0.913895 
1130.000000	0.917788 
1128.000000	0.920533 
1126.000000	0.922651 
1124.000000	0.924074 
1122.000000	0.925637 
1120.000000	0.929108 
1118.000000	0.933112 
1116.000000	0.936204 
1114.000000	0.937010 
1112.000000	0.937732 
1110.000000	0.941461 
1108.000000	0.947480 
1106.000000	0.953398 
1104.000000	0.956750 
1102.000000	0.957963 
1100.000000	0.959619 
1098.000000	0.963898 
1096.000000	0.968856 
1094.000000	0.971957 
1092.000000	0.975073 
1090.000000	0.978492 
1088.000000	0.980417 
1086.000000	0.982689 
1084.000000	0.987861 
1082.000000	0.994210 
1080.000000	0.999404 
1078.000000	1.003188 
1076.000000	1.005938 
1074.000000	1.008409 
1072.000000	1.012902 
1070.000000	1.016508 
1068.000000	1.017872 
1066.000000	1.018854 
1064.000000	1.019908 
1062.000000	1.019371 
1060.000000	1.018426 
1058.000000	1.018152 
1056.000000	1.016914 
1054.000000	1.013773 
1052.000000	1.010820 
1050.000000	1.007854 
1048.000000	1.003634 
1046.000000	0.997870 
1044.000000	0.992516 
1042.000000	0.987240 
1040.000000	0.979721 
1038.000000	0.971582 
1036.000000	0.961662 
1034.000000	0.949629 
1032.000000	0.939104 
1030.000000	0.927820 
1028.000000	0.915761 
1026.000000	0.903767 
1024.000000	0.889637 
1022.000000	0.873935 
1020.000000	0.858295 
1018.000000	0.843204 
1016.000000	0.826533 
1014.000000	0.807690 
1012.000000	0.788846 
1010.000000	0.770833 
1008.000000	0.752304 
1006.000000	0.732746 
1004.000000	0.714143 
1002.000000	0.696437 
1000.000000	0.678988 
998.000000	 0.662146 
996.000000	 0.647180 
994.000000	 0.635756 
992.000000	 0.627071 
990.000000	 0.621215 
988.000000	 0.620687 
986.000000	 0.625272 
984.000000	 0.632845 
982.000000	 0.640596 
980.000000	 0.646331 
978.000000	 0.648107 
976.000000	 0.642877 
974.000000	 0.631649 
972.000000	 0.617004 
970.000000	 0.601107 
968.000000	 0.585813 
966.000000	 0.571923 
964.000000	 0.561248 
962.000000	 0.553116 
960.000000	 0.546323 
958.000000	 0.541143 
956.000000	 0.538584 
954.000000	 0.539425 
952.000000	 0.543434 
950.000000	 0.549590 
948.000000	 0.557454 
946.000000	 0.566183 
944.000000	 0.574525 
942.000000	 0.581372 
940.000000	 0.586210 
938.000000	 0.587935 
936.000000	 0.586480 
934.000000	 0.583122 
932.000000	 0.578295 
930.000000	 0.573586 
928.000000	 0.569280 
926.000000	 0.564744 
924.000000	 0.560983 
922.000000	 0.559391 
920.000000	 0.560217 
918.000000	 0.563810 
916.000000	 0.568165 
914.000000	 0.570260 
912.000000	 0.570683 
910.000000	 0.571354 
908.000000	 0.573095 
906.000000	 0.572637 
904.000000	 0.567604 
902.000000	 0.562228 
900.000000	 0.558125 
898.000000	 0.554162 
896.000000	 0.552167 
894.000000	 0.553861 
892.000000	 0.560480 
890.000000	 0.570843 
888.000000	 0.582857 
886.000000	 0.596048 
884.000000	 0.609434 
882.000000	 0.622536 
880.000000	 0.634554 
878.000000	 0.643929 
876.000000	 0.651254 
874.000000	 0.656882 
872.000000	 0.660942 
870.000000	 0.664166 
868.000000	 0.666140 
866.000000	 0.667769 
864.000000	 0.668072 
862.000000	 0.666139 
860.000000	 0.663792 
858.000000	 0.661398 
856.000000	 0.659306 
854.000000	 0.657745 
852.000000	 0.656024 
850.000000	 0.654213 
848.000000	 0.653481 
846.000000	 0.652304 
844.000000	 0.651229 
842.000000	 0.651511 
840.000000	 0.650945 
838.000000	 0.648536 
836.000000	 0.643237 
834.000000	 0.635677 
832.000000	 0.625139 
830.000000	 0.610648 
828.000000	 0.593204 
826.000000	 0.572807 
824.000000	 0.551540 
822.000000	 0.530783 
820.000000	 0.511688 
818.000000	 0.496037 
816.000000	 0.482936 
814.000000	 0.471548 
812.000000	 0.461778 
810.000000	 0.452127 
808.000000	 0.443921 
806.000000	 0.437077 
804.000000	 0.429325 
802.000000	 0.422605 
800.000000	 0.416979 
798.000000	 0.410145 
796.000000	 0.402020 
794.000000	 0.393441 
792.000000	 0.385433 
790.000000	 0.378185 
788.000000	 0.371050 
786.000000	 0.364096 
784.000000	 0.357209 
782.000000	 0.350590 
780.000000	 0.345006 
778.000000	 0.339231 
776.000000	 0.333176 
774.000000	 0.328188 
772.000000	 0.323538 
770.000000	 0.319383 
768.000000	 0.315587 
766.000000	 0.312174 
764.000000	 0.309351 
762.000000	 0.306554 
760.000000	 0.305084 
758.000000	 0.304093 
756.000000	 0.303387 
754.000000	 0.303091 
752.000000	 0.303188 
750.000000	 0.303422 
748.000000	 0.303420 
746.000000	 0.303902 
744.000000	 0.305032 
742.000000	 0.306343 
740.000000	 0.308402 
738.000000	 0.311321 
736.000000	 0.313821 
734.000000	 0.315317 
732.000000	 0.317053 
730.000000	 0.319665 
728.000000	 0.322983 
726.000000	 0.326388 
724.000000	 0.329753 
722.000000	 0.333196 
720.000000	 0.336063 
718.000000	 0.339421 
716.000000	 0.343373 
714.000000	 0.347621 
712.000000	 0.352017 
710.000000	 0.354874 
708.000000	 0.355947 
706.000000	 0.356066 
704.000000	 0.354418 
702.000000	 0.351675 
700.000000	 0.350041 
698.000000	 0.348829 
696.000000	 0.346544 
694.000000	 0.345273 
692.000000	 0.345054 
690.000000	 0.346204 
688.000000	 0.349227 
686.000000	 0.353115 
684.000000	 0.357478 
682.000000	 0.362833 
680.000000	 0.368596 
678.000000	 0.375342 
676.000000	 0.383200 
674.000000	 0.390912 
672.000000	 0.396329 
670.000000	 0.395993 
668.000000	 0.394660 
666.000000	 0.396355 
664.000000	 0.392734 
662.000000	 0.385663 
660.000000	 0.379325 
658.000000	 0.374567 
656.000000	 0.370451 
654.000000	 0.367745 
652.000000	 0.367030 
650.000000	 0.368903 
648.000000	 0.373093 
646.000000	 0.378595 
644.000000	 0.384343 
642.000000	 0.391208 
640.000000	 0.398470 
638.000000	 0.406165 
636.000000	 0.414555 
634.000000	 0.424194 
632.000000	 0.432830 
630.000000	 0.437065 
628.000000	 0.437978 
626.000000	 0.433822 
624.000000	 0.418662 
622.000000	 0.394402 
620.000000	 0.366227 
618.000000	 0.335806 
616.000000	 0.306185 
614.000000	 0.280167 
612.000000	 0.257734 
610.000000	 0.237859 
608.000000	 0.221504 
606.000000	 0.206715 
604.000000	 0.193073 
602.000000	 0.182490 
600.000000	 0.174468 
598.000000	 0.166871 
596.000000	 0.159439 
594.000000	 0.152179 
592.000000	 0.145207 
590.000000	 0.138199 
588.000000	 0.132996 
586.000000	 0.129009 
584.000000	 0.124276 
582.000000	 0.118911 
580.000000	 0.114123 
578.000000	 0.109911 
576.000000	 0.105950 
574.000000	 0.101730 
572.000000	 0.096890 
570.000000	 0.092012 
568.000000	 0.087664 
566.000000	 0.083955 
564.000000	 0.081051 
562.000000	 0.078483 
560.000000	 0.075244 
558.000000	 0.071426 
556.000000	 0.068429 
554.000000	 0.066339 
552.000000	 0.064295 
550.000000	 0.063303 
548.000000	 0.062720 
546.000000	 0.061436 
544.000000	 0.059193 
542.000000	 0.057034 
540.000000	 0.055849 
538.000000	 0.054871 
536.000000	 0.053894 
534.000000	 0.053531 
532.000000	 0.052588 
530.000000	 0.051152 
528.000000	 0.050126 
526.000000	 0.050592 
524.000000	 0.051744 
522.000000	 0.052702 
520.000000	 0.053780 
518.000000	 0.054750 
516.000000	 0.055515 
514.000000	 0.056726 
512.000000	 0.058565 
510.000000	 0.060100 
508.000000	 0.060437 
506.000000	 0.060427 
504.000000	 0.060603 
502.000000	 0.060591 
500.000000	 0.061534 
498.000000	 0.062368 
496.000000	 0.063369 
494.000000	 0.065044 
492.000000	 0.066861 
490.000000	 0.068744 
488.000000	 0.071229 
486.000000	 0.074701 
484.000000	 0.078185 
482.000000	 0.080454 
480.000000	 0.082519 
478.000000	 0.084428 
476.000000	 0.087005 
474.000000	 0.090883 
472.000000	 0.093911 
470.000000	 0.095976 
468.000000	 0.098817 
466.000000	 0.100423 
464.000000	 0.100348 
462.000000	 0.101490 
460.000000	 0.103154 
458.000000	 0.103461 
456.000000	 0.104260 
454.000000	 0.104155 
452.000000	 0.102041 
450.000000	 0.101168 

