4400.000000	1.305809 
4398.000000	1.305227 
4396.000000	1.303724 
4394.000000	1.305106 
4392.000000	1.311900 
4390.000000	1.312535 
4388.000000	1.309213 
4386.000000	1.310054 
4384.000000	1.309807 
4382.000000	1.306397 
4380.000000	1.306624 
4378.000000	1.307094 
4376.000000	1.304897 
4374.000000	1.309866 
4372.000000	1.318473 
4370.000000	1.319150 
4368.000000	1.317364 
4366.000000	1.318432 
4364.000000	1.312945 
4362.000000	1.310636 
4360.000000	1.310759 
4358.000000	1.302692 
4356.000000	1.295848 
4354.000000	1.300732 
4352.000000	1.303033 
4350.000000	1.305562 
4348.000000	1.306292 
4346.000000	1.306909 
4344.000000	1.303281 
4342.000000	1.304131 
4340.000000	1.306938 
4338.000000	1.307598 
4336.000000	1.308556 
4334.000000	1.307457 
4332.000000	1.307375 
4330.000000	1.307985 
4328.000000	1.305830 
4326.000000	1.303443 
4324.000000	1.309608 
4322.000000	1.319634 
4320.000000	1.320493 
4318.000000	1.319118 
4316.000000	1.319075 
4314.000000	1.320816 
4312.000000	1.318635 
4310.000000	1.310054 
4308.000000	1.302547 
4306.000000	1.298958 
4304.000000	1.297377 
4302.000000	1.300319 
4300.000000	1.304298 
4298.000000	1.304220 
4296.000000	1.306422 
4294.000000	1.307443 
4292.000000	1.308219 
4290.000000	1.307955 
4288.000000	1.305239 
4286.000000	1.303549 
4284.000000	1.307455 
4282.000000	1.309669 
4280.000000	1.313576 
4278.000000	1.319628 
4276.000000	1.318469 
4274.000000	1.309310 
4272.000000	1.304913 
4270.000000	1.303956 
4268.000000	1.303291 
4266.000000	1.303077 
4264.000000	1.299249 
4262.000000	1.294903 
4260.000000	1.294626 
4258.000000	1.296282 
4256.000000	1.298116 
4254.000000	1.304705 
4252.000000	1.309232 
4250.000000	1.303576 
4248.000000	1.298341 
4246.000000	1.298487 
4244.000000	1.300114 
4242.000000	1.300441 
4240.000000	1.306370 
4238.000000	1.309743 
4236.000000	1.311371 
4234.000000	1.314143 
4232.000000	1.314348 
4230.000000	1.312263 
4228.000000	1.309857 
4226.000000	1.308589 
4224.000000	1.309568 
4222.000000	1.308986 
4220.000000	1.305419 
4218.000000	1.303683 
4216.000000	1.304241 
4214.000000	1.303718 
4212.000000	1.299540 
4210.000000	1.297208 
4208.000000	1.297457 
4206.000000	1.296864 
4204.000000	1.302206 
4202.000000	1.311256 
4200.000000	1.313603 
4198.000000	1.311969 
4196.000000	1.310153 
4194.000000	1.306928 
4192.000000	1.305064 
4190.000000	1.304897 
4188.000000	1.308090 
4186.000000	1.310485 
4184.000000	1.312416 
4182.000000	1.310989 
4180.000000	1.308421 
4178.000000	1.308292 
4176.000000	1.302667 
4174.000000	1.296593 
4172.000000	1.295592 
4170.000000	1.294679 
4168.000000	1.292022 
4166.000000	1.295232 
4164.000000	1.300585 
4162.000000	1.301756 
4160.000000	1.301461 
4158.000000	1.302852 
4156.000000	1.302013 
4154.000000	1.299433 
4152.000000	1.301747 
4150.000000	1.306112 
4148.000000	1.306494 
4146.000000	1.309547 
4144.000000	1.310407 
4142.000000	1.309167 
4140.000000	1.310367 
4138.000000	1.311821 
4136.000000	1.303177 
4134.000000	1.295592 
4132.000000	1.293696 
4130.000000	1.289873 
4128.000000	1.291003 
4126.000000	1.297407 
4124.000000	1.302142 
4122.000000	1.300348 
4120.000000	1.294924 
4118.000000	1.292371 
4116.000000	1.295625 
4114.000000	1.295843 
4112.000000	1.291927 
4110.000000	1.294636 
4108.000000	1.302019 
4106.000000	1.304427 
4104.000000	1.304033 
4102.000000	1.305664 
4100.000000	1.304256 
4098.000000	1.298569 
4096.000000	1.296849 
4094.000000	1.297428 
4092.000000	1.299158 
4090.000000	1.301644 
4088.000000	1.301113 
4086.000000	1.295161 
4084.000000	1.291331 
4082.000000	1.292588 
4080.000000	1.291367 
4078.000000	1.292030 
4076.000000	1.291906 
4074.000000	1.287480 
4072.000000	1.291197 
4070.000000	1.299534 
4068.000000	1.300875 
4066.000000	1.299105 
4064.000000	1.296667 
4062.000000	1.294569 
4060.000000	1.300201 
4058.000000	1.303808 
4056.000000	1.298963 
4054.000000	1.298672 
4052.000000	1.303431 
4050.000000	1.302553 
4048.000000	1.298637 
4046.000000	1.298131 
4044.000000	1.295657 
4042.000000	1.290681 
4040.000000	1.290538 
4038.000000	1.289785 
4036.000000	1.288354 
4034.000000	1.289226 
4032.000000	1.296771 
4030.000000	1.297383 
4028.000000	1.297089 
4026.000000	1.297576 
4024.000000	1.293139 
4022.000000	1.289982 
4020.000000	1.295281 
4018.000000	1.298841 
4016.000000	1.298425 
4014.000000	1.300104 
4012.000000	1.302964 
4010.000000	1.304855 
4008.000000	1.306093 
4006.000000	1.300629 
4004.000000	1.291702 
4002.000000	1.290833 
4000.000000	1.291406 
3998.000000	1.286096 
3996.000000	1.282148 
3994.000000	1.283783 
3992.000000	1.286845 
3990.000000	1.291187 
3988.000000	1.295889 
3986.000000	1.297438 
3984.000000	1.294181 
3982.000000	1.291438 
3980.000000	1.290950 
3978.000000	1.289081 
3976.000000	1.290386 
3974.000000	1.293159 
3972.000000	1.294883 
3970.000000	1.295101 
3968.000000	1.291870 
3966.000000	1.289629 
3964.000000	1.291525 
3962.000000	1.297251 
3960.000000	1.300434 
3958.000000	1.302520 
3956.000000	1.303435 
3954.000000	1.296185 
3952.000000	1.288618 
3950.000000	1.289514 
3948.000000	1.289857 
3946.000000	1.283811 
3944.000000	1.282384 
3942.000000	1.287274 
3940.000000	1.291114 
3938.000000	1.294838 
3936.000000	1.295825 
3934.000000	1.293564 
3932.000000	1.296658 
3930.000000	1.297442 
3928.000000	1.288918 
3926.000000	1.292718 
3924.000000	1.296425 
3922.000000	1.293635 
3920.000000	1.294946 
3918.000000	1.296185 
3916.000000	1.294165 
3914.000000	1.291416 
3912.000000	1.290134 
3910.000000	1.285566 
3908.000000	1.278888 
3906.000000	1.275751 
3904.000000	1.273434 
3902.000000	1.274549 
3900.000000	1.283069 
3898.000000	1.284048 
3896.000000	1.279021 
3894.000000	1.281329 
3892.000000	1.289577 
3890.000000	1.285424 
3888.000000	1.275512 
3886.000000	1.278431 
3884.000000	1.280309 
3882.000000	1.288576 
3880.000000	1.298816 
3878.000000	1.292399 
3876.000000	1.288598 
3874.000000	1.288861 
3872.000000	1.281113 
3870.000000	1.289787 
3868.000000	1.287505 
3866.000000	1.284863 
3864.000000	1.286580 
3862.000000	1.288646 
3860.000000	1.287358 
3858.000000	1.275337 
3856.000000	1.268415 
3854.000000	1.281911 
3852.000000	1.287689 
3850.000000	1.284474 
3848.000000	1.285528 
3846.000000	1.285099 
3844.000000	1.287667 
3842.000000	1.283932 
3840.000000	1.279884 
3838.000000	1.288451 
3836.000000	1.292517 
3834.000000	1.287388 
3832.000000	1.287332 
3830.000000	1.286694 
3828.000000	1.287904 
3826.000000	1.287049 
3824.000000	1.279778 
3822.000000	1.283115 
3820.000000	1.280141 
3818.000000	1.274060 
3816.000000	1.281497 
3814.000000	1.276453 
3812.000000	1.271254 
3810.000000	1.267814 
3808.000000	1.275864 
3806.000000	1.278388 
3804.000000	1.273803 
3802.000000	1.283875 
3800.000000	1.286048 
3798.000000	1.286340 
3796.000000	1.290936 
3794.000000	1.286396 
3792.000000	1.284331 
3790.000000	1.285724 
3788.000000	1.289470 
3786.000000	1.292978 
3784.000000	1.289413 
3782.000000	1.283127 
3780.000000	1.283827 
3778.000000	1.283069 
3776.000000	1.277205 
3774.000000	1.275066 
3772.000000	1.276672 
3770.000000	1.279077 
3768.000000	1.279376 
3766.000000	1.286905 
3764.000000	1.288640 
3762.000000	1.282190 
3760.000000	1.277946 
3758.000000	1.276153 
3756.000000	1.272419 
3754.000000	1.270846 
3752.000000	1.273796 
3750.000000	1.279758 
3748.000000	1.282150 
3746.000000	1.282240 
3744.000000	1.292487 
3742.000000	1.287484 
3740.000000	1.282331 
3738.000000	1.273681 
3736.000000	1.273073 
3734.000000	1.277866 
3732.000000	1.280532 
3730.000000	1.278756 
3728.000000	1.278608 
3726.000000	1.277183 
3724.000000	1.274717 
3722.000000	1.277095 
3720.000000	1.275620 
3718.000000	1.274648 
3716.000000	1.271385 
3714.000000	1.269852 
3712.000000	1.278101 
3710.000000	1.287589 
3708.000000	1.286632 
3706.000000	1.281231 
3704.000000	1.281560 
3702.000000	1.288529 
3700.000000	1.289896 
3698.000000	1.291145 
3696.000000	1.292103 
3694.000000	1.286993 
3692.000000	1.282835 
3690.000000	1.284941 
3688.000000	1.283791 
3686.000000	1.282026 
3684.000000	1.284837 
3682.000000	1.282553 
3680.000000	1.276547 
3678.000000	1.272786 
3676.000000	1.283698 
3674.000000	1.284686 
3672.000000	1.283827 
3670.000000	1.295911 
3668.000000	1.296425 
3666.000000	1.291937 
3664.000000	1.290184 
3662.000000	1.289349 
3660.000000	1.287274 
3658.000000	1.290558 
3656.000000	1.296382 
3654.000000	1.289151 
3652.000000	1.291187 
3650.000000	1.294607 
3648.000000	1.290229 
3646.000000	1.287478 
3644.000000	1.283849 
3642.000000	1.282305 
3640.000000	1.282732 
3638.000000	1.281754 
3636.000000	1.283743 
3634.000000	1.289994 
3632.000000	1.284165 
3630.000000	1.286460 
3628.000000	1.293220 
3626.000000	1.286282 
3624.000000	1.279526 
3622.000000	1.277754 
3620.000000	1.287274 
3618.000000	1.288555 
3616.000000	1.283425 
3614.000000	1.289153 
3612.000000	1.290023 
3610.000000	1.287362 
3608.000000	1.292328 
3606.000000	1.292779 
3604.000000	1.291422 
3602.000000	1.293495 
3600.000000	1.291663 
3598.000000	1.285436 
3596.000000	1.284315 
3594.000000	1.282914 
3592.000000	1.278066 
3590.000000	1.274738 
3588.000000	1.280925 
3586.000000	1.281499 
3584.000000	1.282210 
3582.000000	1.288636 
3580.000000	1.292541 
3578.000000	1.292207 
3576.000000	1.291679 
3574.000000	1.292568 
3572.000000	1.290170 
3570.000000	1.286102 
3568.000000	1.284404 
3566.000000	1.287589 
3564.000000	1.291438 
3562.000000	1.291485 
3560.000000	1.289222 
3558.000000	1.288187 
3556.000000	1.285452 
3554.000000	1.281639 
3552.000000	1.283030 
3550.000000	1.279859 
3548.000000	1.277634 
3546.000000	1.281679 
3544.000000	1.282720 
3542.000000	1.285252 
3540.000000	1.289260 
3538.000000	1.289051 
3536.000000	1.286454 
3534.000000	1.287216 
3532.000000	1.285256 
3530.000000	1.278612 
3528.000000	1.279084 
3526.000000	1.287097 
3524.000000	1.292485 
3522.000000	1.290770 
3520.000000	1.288421 
3518.000000	1.288039 
3516.000000	1.286752 
3514.000000	1.285145 
3512.000000	1.284263 
3510.000000	1.283978 
3508.000000	1.281408 
3506.000000	1.279092 
3504.000000	1.278976 
3502.000000	1.280919 
3500.000000	1.284219 
3498.000000	1.282748 
3496.000000	1.281909 
3494.000000	1.284490 
3492.000000	1.282365 
3490.000000	1.282285 
3488.000000	1.286026 
3486.000000	1.289708 
3484.000000	1.293686 
3482.000000	1.296866 
3480.000000	1.291538 
3478.000000	1.286618 
3476.000000	1.287430 
3474.000000	1.289291 
3472.000000	1.287214 
3470.000000	1.285184 
3468.000000	1.283728 
3466.000000	1.280386 
3464.000000	1.279232 
3462.000000	1.279476 
3460.000000	1.276991 
3458.000000	1.277146 
3456.000000	1.276819 
3454.000000	1.273856 
3452.000000	1.272466 
3450.000000	1.276552 
3448.000000	1.284949 
3446.000000	1.289456 
3444.000000	1.288344 
3442.000000	1.283121 
3440.000000	1.280200 
3438.000000	1.282718 
3436.000000	1.282708 
3434.000000	1.281718 
3432.000000	1.283793 
3430.000000	1.285726 
3428.000000	1.285646 
3426.000000	1.283290 
3424.000000	1.279610 
3422.000000	1.278433 
3420.000000	1.280459 
3418.000000	1.278805 
3416.000000	1.272444 
3414.000000	1.272033 
3412.000000	1.276874 
3410.000000	1.277022 
3408.000000	1.279561 
3406.000000	1.282559 
3404.000000	1.279875 
3402.000000	1.277064 
3400.000000	1.276312 
3398.000000	1.273106 
3396.000000	1.272727 
3394.000000	1.279808 
3392.000000	1.285432 
3390.000000	1.285212 
3388.000000	1.285430 
3386.000000	1.286528 
3384.000000	1.284747 
3382.000000	1.280220 
3380.000000	1.279597 
3378.000000	1.277383 
3376.000000	1.276011 
3374.000000	1.274617 
3372.000000	1.270678 
3370.000000	1.269409 
3368.000000	1.270796 
3366.000000	1.270234 
3364.000000	1.269070 
3362.000000	1.269276 
3360.000000	1.268340 
3358.000000	1.267080 
3356.000000	1.268795 
3354.000000	1.271074 
3352.000000	1.273399 
3350.000000	1.278052 
3348.000000	1.281176 
3346.000000	1.277177 
3344.000000	1.274787 
3342.000000	1.272875 
3340.000000	1.270552 
3338.000000	1.272146 
3336.000000	1.274789 
3334.000000	1.274680 
3332.000000	1.272626 
3330.000000	1.269995 
3328.000000	1.269005 
3326.000000	1.268371 
3324.000000	1.268657 
3322.000000	1.267256 
3320.000000	1.266452 
3318.000000	1.267120 
3316.000000	1.271716 
3314.000000	1.275466 
3312.000000	1.277881 
3310.000000	1.277285 
3308.000000	1.273355 
3306.000000	1.272008 
3304.000000	1.271716 
3302.000000	1.269788 
3300.000000	1.271689 
3298.000000	1.277028 
3296.000000	1.276966 
3294.000000	1.277134 
3292.000000	1.280084 
3290.000000	1.276621 
3288.000000	1.270898 
3286.000000	1.267434 
3284.000000	1.262270 
3282.000000	1.257938 
3280.000000	1.258332 
3278.000000	1.259487 
3276.000000	1.260473 
3274.000000	1.263151 
3272.000000	1.265881 
3270.000000	1.266929 
3268.000000	1.263495 
3266.000000	1.260655 
3264.000000	1.259786 
3262.000000	1.262709 
3260.000000	1.265753 
3258.000000	1.265917 
3256.000000	1.264878 
3254.000000	1.267138 
3252.000000	1.267569 
3250.000000	1.267417 
3248.000000	1.267034 
3246.000000	1.264870 
3244.000000	1.262609 
3242.000000	1.263166 
3240.000000	1.261935 
3238.000000	1.259907 
3236.000000	1.261848 
3234.000000	1.261638 
3232.000000	1.258532 
3230.000000	1.256397 
3228.000000	1.254927 
3226.000000	1.259446 
3224.000000	1.269557 
3222.000000	1.273636 
3220.000000	1.269854 
3218.000000	1.267735 
3216.000000	1.267411 
3214.000000	1.266535 
3212.000000	1.264535 
3210.000000	1.263529 
3208.000000	1.260226 
3206.000000	1.260942 
3204.000000	1.265463 
3202.000000	1.264636 
3200.000000	1.263795 
3198.000000	1.264211 
3196.000000	1.262836 
3194.000000	1.258955 
3192.000000	1.257814 
3190.000000	1.256009 
3188.000000	1.254581 
3186.000000	1.258376 
3184.000000	1.261099 
3182.000000	1.259619 
3180.000000	1.258161 
3178.000000	1.259026 
3176.000000	1.259979 
3174.000000	1.259164 
3172.000000	1.258343 
3170.000000	1.258519 
3168.000000	1.259685 
3166.000000	1.260901 
3164.000000	1.261350 
3162.000000	1.259446 
3160.000000	1.257928 
3158.000000	1.257344 
3156.000000	1.257398 
3154.000000	1.255639 
3152.000000	1.250778 
3150.000000	1.248589 
3148.000000	1.251474 
3146.000000	1.251391 
3144.000000	1.251128 
3142.000000	1.255249 
3140.000000	1.257797 
3138.000000	1.256533 
3136.000000	1.257093 
3134.000000	1.257197 
3132.000000	1.255264 
3130.000000	1.255026 
3128.000000	1.259982 
3126.000000	1.264638 
3124.000000	1.263037 
3122.000000	1.260354 
3120.000000	1.259536 
3118.000000	1.256674 
3116.000000	1.256072 
3114.000000	1.253785 
3112.000000	1.250514 
3110.000000	1.251964 
3108.000000	1.253733 
3106.000000	1.252428 
3104.000000	1.252191 
3102.000000	1.250972 
3100.000000	1.249733 
3098.000000	1.249354 
3096.000000	1.246909 
3094.000000	1.244543 
3092.000000	1.245386 
3090.000000	1.248352 
3088.000000	1.251298 
3086.000000	1.252865 
3084.000000	1.252958 
3082.000000	1.251751 
3080.000000	1.249439 
3078.000000	1.248713 
3076.000000	1.249104 
3074.000000	1.248904 
3072.000000	1.250876 
3070.000000	1.250846 
3068.000000	1.248579 
3066.000000	1.249824 
3064.000000	1.248389 
3062.000000	1.245426 
3060.000000	1.243994 
3058.000000	1.242859 
3056.000000	1.243049 
3054.000000	1.243629 
3052.000000	1.243796 
3050.000000	1.242739 
3048.000000	1.245653 
3046.000000	1.250024 
3044.000000	1.249962 
3042.000000	1.248132 
3040.000000	1.247324 
3038.000000	1.245557 
3036.000000	1.243557 
3034.000000	1.246253 
3032.000000	1.252171 
3030.000000	1.253128 
3028.000000	1.250199 
3026.000000	1.247615 
3024.000000	1.245621 
3022.000000	1.244272 
3020.000000	1.242975 
3018.000000	1.241766 
3016.000000	1.241747 
3014.000000	1.241886 
3012.000000	1.241393 
3010.000000	1.241526 
3008.000000	1.239859 
3006.000000	1.239949 
3004.000000	1.241900 
3002.000000	1.243122 
3000.000000	1.242224 
2998.000000	1.243433 
2996.000000	1.243589 
2994.000000	1.242195 
2992.000000	1.243377 
2990.000000	1.245160 
2988.000000	1.244316 
2986.000000	1.243854 
2984.000000	1.244120 
2982.000000	1.243974 
2980.000000	1.241815 
2978.000000	1.240841 
2976.000000	1.239793 
2974.000000	1.240259 
2972.000000	1.241416 
2970.000000	1.240489 
2968.000000	1.238398 
2966.000000	1.236263 
2964.000000	1.235958 
2962.000000	1.236562 
2960.000000	1.238733 
2958.000000	1.241411 
2956.000000	1.243006 
2954.000000	1.245834 
2952.000000	1.247121 
2950.000000	1.245675 
2948.000000	1.245787 
2946.000000	1.246513 
2944.000000	1.244525 
2942.000000	1.244816 
2940.000000	1.248449 
2938.000000	1.247024 
2936.000000	1.246664 
2934.000000	1.249128 
2932.000000	1.250107 
2930.000000	1.246002 
2928.000000	1.241185 
2926.000000	1.238704 
2924.000000	1.236022 
2922.000000	1.237193 
2920.000000	1.240244 
2918.000000	1.243308 
2916.000000	1.245686 
2914.000000	1.245473 
2912.000000	1.241169 
2910.000000	1.236848 
2908.000000	1.236707 
2906.000000	1.237565 
2904.000000	1.237349 
2902.000000	1.237402 
2900.000000	1.238269 
2898.000000	1.237926 
2896.000000	1.238396 
2894.000000	1.238575 
2892.000000	1.236811 
2890.000000	1.235471 
2888.000000	1.235605 
2886.000000	1.232542 
2884.000000	1.229996 
2882.000000	1.229172 
2880.000000	1.229163 
2878.000000	1.230821 
2876.000000	1.234998 
2874.000000	1.233670 
2872.000000	1.230992 
2870.000000	1.229547 
2868.000000	1.229880 
2866.000000	1.232888 
2864.000000	1.237071 
2862.000000	1.238097 
2860.000000	1.238113 
2858.000000	1.239597 
2856.000000	1.236812 
2854.000000	1.233572 
2852.000000	1.234234 
2850.000000	1.235831 
2848.000000	1.234088 
2846.000000	1.231129 
2844.000000	1.230460 
2842.000000	1.229175 
2840.000000	1.230641 
2838.000000	1.233820 
2836.000000	1.231089 
2834.000000	1.227286 
2832.000000	1.223374 
2830.000000	1.218925 
2828.000000	1.217017 
2826.000000	1.221558 
2824.000000	1.222160 
2822.000000	1.220373 
2820.000000	1.221982 
2818.000000	1.223481 
2816.000000	1.222329 
2814.000000	1.222853 
2812.000000	1.222862 
2810.000000	1.220667 
2808.000000	1.221540 
2806.000000	1.225272 
2804.000000	1.225608 
2802.000000	1.223230 
2800.000000	1.221514 
2798.000000	1.219519 
2796.000000	1.217277 
2794.000000	1.215408 
2792.000000	1.213636 
2790.000000	1.214248 
2788.000000	1.215663 
2786.000000	1.215741 
2784.000000	1.217654 
2782.000000	1.219641 
2780.000000	1.220423 
2778.000000	1.220321 
2776.000000	1.220540 
2774.000000	1.221478 
2772.000000	1.219984 
2770.000000	1.219272 
2768.000000	1.221444 
2766.000000	1.222796 
2764.000000	1.221627 
2762.000000	1.220937 
2760.000000	1.219126 
2758.000000	1.218321 
2756.000000	1.217238 
2754.000000	1.211815 
2752.000000	1.211459 
2750.000000	1.215401 
2748.000000	1.214908 
2746.000000	1.213443 
2744.000000	1.214277 
2742.000000	1.213162 
2740.000000	1.210265 
2738.000000	1.209613 
2736.000000	1.209293 
2734.000000	1.210071 
2732.000000	1.214815 
2730.000000	1.218141 
2728.000000	1.217618 
2726.000000	1.216369 
2724.000000	1.214582 
2722.000000	1.211284 
2720.000000	1.211876 
2718.000000	1.211171 
2716.000000	1.209380 
2714.000000	1.209273 
2712.000000	1.209898 
2710.000000	1.209608 
2708.000000	1.208355 
2706.000000	1.206346 
2704.000000	1.204961 
2702.000000	1.202595 
2700.000000	1.201205 
2698.000000	1.201629 
2696.000000	1.203688 
2694.000000	1.205802 
2692.000000	1.206599 
2690.000000	1.206161 
2688.000000	1.206806 
2686.000000	1.206589 
2684.000000	1.206196 
2682.000000	1.206996 
2680.000000	1.207920 
2678.000000	1.206517 
2676.000000	1.206061 
2674.000000	1.207795 
2672.000000	1.207827 
2670.000000	1.207136 
2668.000000	1.209778 
2666.000000	1.208629 
2664.000000	1.203158 
2662.000000	1.201131 
2660.000000	1.200893 
2658.000000	1.195575 
2656.000000	1.194292 
2654.000000	1.200005 
2652.000000	1.204177 
2650.000000	1.204422 
2648.000000	1.203525 
2646.000000	1.202745 
2644.000000	1.201765 
2642.000000	1.201303 
2640.000000	1.200197 
2638.000000	1.199236 
2636.000000	1.200307 
2634.000000	1.201156 
2632.000000	1.201034 
2630.000000	1.201599 
2628.000000	1.202324 
2626.000000	1.201220 
2624.000000	1.200610 
2622.000000	1.199291 
2620.000000	1.196169 
2618.000000	1.193113 
2616.000000	1.189976 
2614.000000	1.189989 
2612.000000	1.191667 
2610.000000	1.192471 
2608.000000	1.188419 
2606.000000	1.186789 
2604.000000	1.189758 
2602.000000	1.191199 
2600.000000	1.191095 
2598.000000	1.194775 
2596.000000	1.197560 
2594.000000	1.198414 
2592.000000	1.200499 
2590.000000	1.200310 
2588.000000	1.196889 
2586.000000	1.195182 
2584.000000	1.197479 
2582.000000	1.199893 
2580.000000	1.199159 
2578.000000	1.195781 
2576.000000	1.192911 
2574.000000	1.194054 
2572.000000	1.194349 
2570.000000	1.189452 
2568.000000	1.188502 
2566.000000	1.190274 
2564.000000	1.188341 
2562.000000	1.187956 
2560.000000	1.189989 
2558.000000	1.194273 
2556.000000	1.193729 
2554.000000	1.193179 
2552.000000	1.191612 
2550.000000	1.189207 
2548.000000	1.189622 
2546.000000	1.189923 
2544.000000	1.188895 
2542.000000	1.189931 
2540.000000	1.190141 
2538.000000	1.187863 
2536.000000	1.188932 
2534.000000	1.189841 
2532.000000	1.185750 
2530.000000	1.183271 
2528.000000	1.182443 
2526.000000	1.181425 
2524.000000	1.180142 
2522.000000	1.178434 
2520.000000	1.177705 
2518.000000	1.181242 
2516.000000	1.185582 
2514.000000	1.184703 
2512.000000	1.184434 
2510.000000	1.185782 
2508.000000	1.184974 
2506.000000	1.182799 
2504.000000	1.186404 
2502.000000	1.189305 
2500.000000	1.187662 
2498.000000	1.189065 
2496.000000	1.190849 
2494.000000	1.188636 
2492.000000	1.185896 
2490.000000	1.184152 
2488.000000	1.184361 
2486.000000	1.182599 
2484.000000	1.180468 
2482.000000	1.179225 
2480.000000	1.180556 
2478.000000	1.183662 
2476.000000	1.183779 
2474.000000	1.180363 
2472.000000	1.177784 
2470.000000	1.176617 
2468.000000	1.178620 
2466.000000	1.182988 
2464.000000	1.184754 
2462.000000	1.183956 
2460.000000	1.184230 
2458.000000	1.184070 
2456.000000	1.183568 
2454.000000	1.180818 
2452.000000	1.179585 
2450.000000	1.178515 
2448.000000	1.180724 
2446.000000	1.182533 
2444.000000	1.178839 
2442.000000	1.173339 
2440.000000	1.173389 
2438.000000	1.172844 
2436.000000	1.170398 
2434.000000	1.169612 
2432.000000	1.169779 
2430.000000	1.172749 
2428.000000	1.176881 
2426.000000	1.177077 
2424.000000	1.175026 
2422.000000	1.175186 
2420.000000	1.176067 
2418.000000	1.173702 
2416.000000	1.173046 
2414.000000	1.173724 
2412.000000	1.171939 
2410.000000	1.173466 
2408.000000	1.178077 
2406.000000	1.179042 
2404.000000	1.177491 
2402.000000	1.177644 
2400.000000	1.177231 
2398.000000	1.174206 
2396.000000	1.170730 
2394.000000	1.169062 
2392.000000	1.168853 
2390.000000	1.169643 
2388.000000	1.169666 
2386.000000	1.169466 
2384.000000	1.168921 
2382.000000	1.168168 
2380.000000	1.165467 
2378.000000	1.165527 
2376.000000	1.164374 
2374.000000	1.163485 
2372.000000	1.167170 
2370.000000	1.174600 
2368.000000	1.177949 
2366.000000	1.179890 
2364.000000	1.182687 
2362.000000	1.181021 
2360.000000	1.178753 
2358.000000	1.173948 
2356.000000	1.163260 
2354.000000	1.158618 
2352.000000	1.164799 
2350.000000	1.166360 
2348.000000	1.158224 
2346.000000	1.157518 
2344.000000	1.162370 
2342.000000	1.162953 
2340.000000	1.159158 
2338.000000	1.157798 
2336.000000	1.158498 
2334.000000	1.164474 
2332.000000	1.172155 
2330.000000	1.172179 
2328.000000	1.166249 
2326.000000	1.162885 
2324.000000	1.161429 
2322.000000	1.164448 
2320.000000	1.169225 
2318.000000	1.168406 
2316.000000	1.164312 
2314.000000	1.165900 
2312.000000	1.167538 
2310.000000	1.165058 
2308.000000	1.162829 
2306.000000	1.159850 
2304.000000	1.156460 
2302.000000	1.157277 
2300.000000	1.158379 
2298.000000	1.157445 
2296.000000	1.158363 
2294.000000	1.161180 
2292.000000	1.161312 
2290.000000	1.161809 
2288.000000	1.163449 
2286.000000	1.163070 
2284.000000	1.161054 
2282.000000	1.162308 
2280.000000	1.163876 
2278.000000	1.163633 
2276.000000	1.165832 
2274.000000	1.168961 
2272.000000	1.170709 
2270.000000	1.170669 
2268.000000	1.169452 
2266.000000	1.167966 
2264.000000	1.169560 
2262.000000	1.169255 
2260.000000	1.166399 
2258.000000	1.166908 
2256.000000	1.167843 
2254.000000	1.169637 
2252.000000	1.172673 
2250.000000	1.173972 
2248.000000	1.173326 
2246.000000	1.174617 
2244.000000	1.177250 
2242.000000	1.177762 
2240.000000	1.179109 
2238.000000	1.179552 
2236.000000	1.179348 
2234.000000	1.179901 
2232.000000	1.180102 
2230.000000	1.177016 
2228.000000	1.174975 
2226.000000	1.176853 
2224.000000	1.178263 
2222.000000	1.175575 
2220.000000	1.172530 
2218.000000	1.171212 
2216.000000	1.173363 
2214.000000	1.175572 
2212.000000	1.175974 
2210.000000	1.175676 
2208.000000	1.175609 
2206.000000	1.176475 
2204.000000	1.178175 
2202.000000	1.179599 
2200.000000	1.181299 
2198.000000	1.184241 
2196.000000	1.186352 
2194.000000	1.187238 
2192.000000	1.184898 
2190.000000	1.182005 
2188.000000	1.181029 
2186.000000	1.181862 
2184.000000	1.182188 
2182.000000	1.184179 
2180.000000	1.185394 
2178.000000	1.182879 
2176.000000	1.183582 
2174.000000	1.184331 
2172.000000	1.178514 
2170.000000	1.173745 
2168.000000	1.173290 
2166.000000	1.173968 
2164.000000	1.175234 
2162.000000	1.176509 
2160.000000	1.178167 
2158.000000	1.182558 
2156.000000	1.188178 
2154.000000	1.191514 
2152.000000	1.197371 
2150.000000	1.206844 
2148.000000	1.214552 
2146.000000	1.219069 
2144.000000	1.223341 
2142.000000	1.227431 
2140.000000	1.229518 
2138.000000	1.230502 
2136.000000	1.228895 
2134.000000	1.225420 
2132.000000	1.222407 
2130.000000	1.222414 
2128.000000	1.227102 
2126.000000	1.235117 
2124.000000	1.242072 
2122.000000	1.247331 
2120.000000	1.256636 
2118.000000	1.269388 
2116.000000	1.274656 
2114.000000	1.275581 
2112.000000	1.275934 
2110.000000	1.276402 
2108.000000	1.275565 
2106.000000	1.275235 
2104.000000	1.271443 
2102.000000	1.265249 
2100.000000	1.259628 
2098.000000	1.257713 
2096.000000	1.255884 
2094.000000	1.257844 
2092.000000	1.262912 
2090.000000	1.264943 
2088.000000	1.263033 
2086.000000	1.257374 
2084.000000	1.251598 
2082.000000	1.248511 
2080.000000	1.243569 
2078.000000	1.234895 
2076.000000	1.224944 
2074.000000	1.214815 
2072.000000	1.203513 
2070.000000	1.193171 
2068.000000	1.181376 
2066.000000	1.167120 
2064.000000	1.155713 
2062.000000	1.146404 
2060.000000	1.138124 
2058.000000	1.130922 
2056.000000	1.127237 
2054.000000	1.125271 
2052.000000	1.122575 
2050.000000	1.120452 
2048.000000	1.119833 
2046.000000	1.118251 
2044.000000	1.115119 
2042.000000	1.112153 
2040.000000	1.109489 
2038.000000	1.106618 
2036.000000	1.104215 
2034.000000	1.102640 
2032.000000	1.102846 
2030.000000	1.103821 
2028.000000	1.104446 
2026.000000	1.104209 
2024.000000	1.104745 
2022.000000	1.103654 
2020.000000	1.101645 
2018.000000	1.102043 
2016.000000	1.101426 
2014.000000	1.100823 
2012.000000	1.101812 
2010.000000	1.102033 
2008.000000	1.102273 
2006.000000	1.102728 
2004.000000	1.102392 
2002.000000	1.100499 
2000.000000	1.096728 
1998.000000	1.093589 
1996.000000	1.090633 
1994.000000	1.087496 
1992.000000	1.087243 
1990.000000	1.088045 
1988.000000	1.088214 
1986.000000	1.088948 
1984.000000	1.089395 
1982.000000	1.088179 
1980.000000	1.086795 
1978.000000	1.085053 
1976.000000	1.084179 
1974.000000	1.086303 
1972.000000	1.087954 
1970.000000	1.086669 
1968.000000	1.087590 
1966.000000	1.087040 
1964.000000	1.084997 
1962.000000	1.084205 
1960.000000	1.085067 
1958.000000	1.084240 
1956.000000	1.083447 
1954.000000	1.084766 
1952.000000	1.083526 
1950.000000	1.080021 
1948.000000	1.078036 
1946.000000	1.076549 
1944.000000	1.074897 
1942.000000	1.074318 
1940.000000	1.073127 
1938.000000	1.073253 
1936.000000	1.076656 
1934.000000	1.079365 
1932.000000	1.079488 
1930.000000	1.078886 
1928.000000	1.077748 
1926.000000	1.076133 
1924.000000	1.074704 
1922.000000	1.075384 
1920.000000	1.074956 
1918.000000	1.074831 
1916.000000	1.074031 
1914.000000	1.072974 
1912.000000	1.072269 
1910.000000	1.070748 
1908.000000	1.067561 
1906.000000	1.065969 
1904.000000	1.064325 
1902.000000	1.062123 
1900.000000	1.059704 
1898.000000	1.059581 
1896.000000	1.060567 
1894.000000	1.062390 
1892.000000	1.061874 
1890.000000	1.061365 
1888.000000	1.061569 
1886.000000	1.060397 
1884.000000	1.059421 
1882.000000	1.059134 
1880.000000	1.059234 
1878.000000	1.059852 
1876.000000	1.060161 
1874.000000	1.059774 
1872.000000	1.058515 
1870.000000	1.057093 
1868.000000	1.055876 
1866.000000	1.055514 
1864.000000	1.053965 
1862.000000	1.051259 
1860.000000	1.050352 
1858.000000	1.049490 
1856.000000	1.048963 
1854.000000	1.048627 
1852.000000	1.046697 
1850.000000	1.045422 
1848.000000	1.045603 
1846.000000	1.043524 
1844.000000	1.044652 
1842.000000	1.047350 
1840.000000	1.047731 
1838.000000	1.047272 
1836.000000	1.047114 
1834.000000	1.046687 
1832.000000	1.042620 
1830.000000	1.040358 
1828.000000	1.040718 
1826.000000	1.039881 
1824.000000	1.041015 
1822.000000	1.041118 
1820.000000	1.038679 
1818.000000	1.036827 
1816.000000	1.037040 
1814.000000	1.034490 
1812.000000	1.030132 
1810.000000	1.029596 
1808.000000	1.029126 
1806.000000	1.027508 
1804.000000	1.027609 
1802.000000	1.028162 
1800.000000	1.028213 
1798.000000	1.028180 
1796.000000	1.028606 
1794.000000	1.024461 
1792.000000	1.025064 
1790.000000	1.028691 
1788.000000	1.027209 
1786.000000	1.024910 
1784.000000	1.025153 
1782.000000	1.023692 
1780.000000	1.023782 
1778.000000	1.024034 
1776.000000	1.019889 
1774.000000	1.014139 
1772.000000	1.013124 
1770.000000	1.013849 
1768.000000	1.014725 
1766.000000	1.015838 
1764.000000	1.014663 
1762.000000	1.015719 
1760.000000	1.016828 
1758.000000	1.013738 
1756.000000	1.012479 
1754.000000	1.010203 
1752.000000	1.009208 
1750.000000	1.009207 
1748.000000	1.010350 
1746.000000	1.013585 
1744.000000	1.012371 
1742.000000	1.010210 
1740.000000	1.014364 
1738.000000	1.014828 
1736.000000	1.006566 
1734.000000	1.006262 
1732.000000	1.007239 
1730.000000	1.004939 
1728.000000	1.004690 
1726.000000	1.003967 
1724.000000	1.002846 
1722.000000	1.000668 
1720.000000	0.994603 
1718.000000	0.988925 
1716.000000	0.990832 
1714.000000	0.995419 
1712.000000	0.996929 
1710.000000	0.996242 
1708.000000	0.994430 
1706.000000	0.993331 
1704.000000	0.990256 
1702.000000	0.983876 
1700.000000	0.987284 
1698.000000	0.984321 
1696.000000	0.986137 
1694.000000	0.989712 
1692.000000	0.985055 
1690.000000	0.982305 
1688.000000	0.978956 
1686.000000	0.972901 
1684.000000	0.978251 
1682.000000	0.982304 
1680.000000	0.977318 
1678.000000	0.971456 
1676.000000	0.967323 
1674.000000	0.969239 
1672.000000	0.968239 
1670.000000	0.971720 
1668.000000	0.977445 
1666.000000	0.975644 
1664.000000	0.971928 
1662.000000	0.972217 
1660.000000	0.971549 
1658.000000	0.968457 
1656.000000	0.959911 
1654.000000	0.956991 
1652.000000	0.968497 
1650.000000	0.963167 
1648.000000	0.957015 
1646.000000	0.962385 
1644.000000	0.965380 
1642.000000	0.962739 
1640.000000	0.957858 
1638.000000	0.948402 
1636.000000	0.944869 
1634.000000	0.951722 
1632.000000	0.954636 
1630.000000	0.952462 
1628.000000	0.949849 
1626.000000	0.949081 
1624.000000	0.949629 
1622.000000	0.950598 
1620.000000	0.945193 
1618.000000	0.939345 
1616.000000	0.943985 
1614.000000	0.948461 
1612.000000	0.948006 
1610.000000	0.946254 
1608.000000	0.945478 
1606.000000	0.944530 
1604.000000	0.941806 
1602.000000	0.940473 
1600.000000	0.939976 
1598.000000	0.938224 
1596.000000	0.936590 
1594.000000	0.936097 
1592.000000	0.933373 
1590.000000	0.929805 
1588.000000	0.928716 
1586.000000	0.927599 
1584.000000	0.926956 
1582.000000	0.926716 
1580.000000	0.924314 
1578.000000	0.921387 
1576.000000	0.927708 
1574.000000	0.930431 
1572.000000	0.924292 
1570.000000	0.921688 
1568.000000	0.923410 
1566.000000	0.921547 
1564.000000	0.919340 
1562.000000	0.912133 
1560.000000	0.903104 
1558.000000	0.908820 
1556.000000	0.912535 
1554.000000	0.912710 
1552.000000	0.910731 
1550.000000	0.907844 
1548.000000	0.904757 
1546.000000	0.899579 
1544.000000	0.893924 
1542.000000	0.886946 
1540.000000	0.890053 
1538.000000	0.900650 
1536.000000	0.898887 
1534.000000	0.895388 
1532.000000	0.897517 
1530.000000	0.896689 
1528.000000	0.893772 
1526.000000	0.891852 
1524.000000	0.888202 
1522.000000	0.885188 
1520.000000	0.888486 
1518.000000	0.887784 
1516.000000	0.889935 
1514.000000	0.889568 
1512.000000	0.885438 
1510.000000	0.876775 
1508.000000	0.867975 
1506.000000	0.875899 
1504.000000	0.880467 
1502.000000	0.877546 
1500.000000	0.875620 
1498.000000	0.874682 
1496.000000	0.876813 
1494.000000	0.876875 
1492.000000	0.871903 
1490.000000	0.869418 
1488.000000	0.872734 
1486.000000	0.875561 
1484.000000	0.875144 
1482.000000	0.874635 
1480.000000	0.874604 
1478.000000	0.872627 
1476.000000	0.870000 
1474.000000	0.867618 
1472.000000	0.868198 
1470.000000	0.868992 
1468.000000	0.867144 
1466.000000	0.864463 
1464.000000	0.864880 
1462.000000	0.863636 
1460.000000	0.856497 
1458.000000	0.852067 
1456.000000	0.857821 
1454.000000	0.857907 
1452.000000	0.853785 
1450.000000	0.852816 
1448.000000	0.853864 
1446.000000	0.854490 
1444.000000	0.854313 
1442.000000	0.853501 
1440.000000	0.849387 
1438.000000	0.845279 
1436.000000	0.847048 
1434.000000	0.845257 
1432.000000	0.840482 
1430.000000	0.839608 
1428.000000	0.839867 
1426.000000	0.836138 
1424.000000	0.833243 
1422.000000	0.831182 
1420.000000	0.828068 
1418.000000	0.827394 
1416.000000	0.825845 
1414.000000	0.822031 
1412.000000	0.819921 
1410.000000	0.820340 
1408.000000	0.818902 
1406.000000	0.817065 
1404.000000	0.817985 
1402.000000	0.816521 
1400.000000	0.813455 
1398.000000	0.811098 
1396.000000	0.807619 
1394.000000	0.807344 
1392.000000	0.808310 
1390.000000	0.806340 
1388.000000	0.804064 
1386.000000	0.803747 
1384.000000	0.802845 
1382.000000	0.800799 
1380.000000	0.799018 
1378.000000	0.796279 
1376.000000	0.791232 
1374.000000	0.788002 
1372.000000	0.786599 
1370.000000	0.784290 
1368.000000	0.782693 
1366.000000	0.780426 
1364.000000	0.777009 
1362.000000	0.776135 
1360.000000	0.777289 
1358.000000	0.775944 
1356.000000	0.773231 
1354.000000	0.772030 
1352.000000	0.770838 
1350.000000	0.768352 
1348.000000	0.766912 
1346.000000	0.765140 
1344.000000	0.762911 
1342.000000	0.760754 
1340.000000	0.758083 
1338.000000	0.754975 
1336.000000	0.753169 
1334.000000	0.752607 
1332.000000	0.750953 
1330.000000	0.748911 
1328.000000	0.747436 
1326.000000	0.744783 
1324.000000	0.742004 
1322.000000	0.739614 
1320.000000	0.737550 
1318.000000	0.735463 
1316.000000	0.734857 
1314.000000	0.734606 
1312.000000	0.734304 
1310.000000	0.733922 
1308.000000	0.732724 
1306.000000	0.730707 
1304.000000	0.728776 
1302.000000	0.726124 
1300.000000	0.721758 
1298.000000	0.719113 
1296.000000	0.718556 
1294.000000	0.717706 
1292.000000	0.716666 
1290.000000	0.714566 
1288.000000	0.711252 
1286.000000	0.708466 
1284.000000	0.705987 
1282.000000	0.702214 
1280.000000	0.698789 
1278.000000	0.696803 
1276.000000	0.695508 
1274.000000	0.694352 
1272.000000	0.692558 
1270.000000	0.689928 
1268.000000	0.686781 
1266.000000	0.685339 
1264.000000	0.684413 
1262.000000	0.681608 
1260.000000	0.678893 
1258.000000	0.677825 
1256.000000	0.676243 
1254.000000	0.673752 
1252.000000	0.670927 
1250.000000	0.668712 
1248.000000	0.666159 
1246.000000	0.663841 
1244.000000	0.661150 
1242.000000	0.658154 
1240.000000	0.655687 
1238.000000	0.654043 
1236.000000	0.652745 
1234.000000	0.651274 
1232.000000	0.648745 
1230.000000	0.646029 
1228.000000	0.643835 
1226.000000	0.642231 
1224.000000	0.640858 
1222.000000	0.639598 
1220.000000	0.638834 
1218.000000	0.638370 
1216.000000	0.637237 
1214.000000	0.635788 
1212.000000	0.633701 
1210.000000	0.632783 
1208.000000	0.632196 
1206.000000	0.630157 
1204.000000	0.627820 
1202.000000	0.626886 
1200.000000	0.626793 
1198.000000	0.627021 
1196.000000	0.628475 
1194.000000	0.628642 
1192.000000	0.627984 
1190.000000	0.627922 
1188.000000	0.628420 
1186.000000	0.628949 
1184.000000	0.630553 
1182.000000	0.632228 
1180.000000	0.634089 
1178.000000	0.637286 
1176.000000	0.641081 
1174.000000	0.643083 
1172.000000	0.645054 
1170.000000	0.648095 
1168.000000	0.651873 
1166.000000	0.654820 
1164.000000	0.657283 
1162.000000	0.659933 
1160.000000	0.663424 
1158.000000	0.667919 
1156.000000	0.671112 
1154.000000	0.673292 
1152.000000	0.675962 
1150.000000	0.678427 
1148.000000	0.680743 
1146.000000	0.683990 
1144.000000	0.687359 
1142.000000	0.690986 
1140.000000	0.695304 
1138.000000	0.699155 
1136.000000	0.701678 
1134.000000	0.704048 
1132.000000	0.706745 
1130.000000	0.709437 
1128.000000	0.712042 
1126.000000	0.714447 
1124.000000	0.716183 
1122.000000	0.717620 
1120.000000	0.719347 
1118.000000	0.721272 
1116.000000	0.722199 
1114.000000	0.723289 
1112.000000	0.725865 
1110.000000	0.728391 
1108.000000	0.731193 
1106.000000	0.733378 
1104.000000	0.735851 
1102.000000	0.739960 
1100.000000	0.743736 
1098.000000	0.745828 
1096.000000	0.747055 
1094.000000	0.748447 
1092.000000	0.750348 
1090.000000	0.752982 
1088.000000	0.756092 
1086.000000	0.758112 
1084.000000	0.759372 
1082.000000	0.760677 
1080.000000	0.763028 
1078.000000	0.763989 
1076.000000	0.763535 
1074.000000	0.762431 
1072.000000	0.763560 
1070.000000	0.766199 
1068.000000	0.766742 
1066.000000	0.766153 
1064.000000	0.766272 
1062.000000	0.766880 
1060.000000	0.765974 
1058.000000	0.764095 
1056.000000	0.762095 
1054.000000	0.760401 
1052.000000	0.759887 
1050.000000	0.760855 
1048.000000	0.761134 
1046.000000	0.758728 
1044.000000	0.756784 
1042.000000	0.754694 
1040.000000	0.749975 
1038.000000	0.744164 
1036.000000	0.737836 
1034.000000	0.733445 
1032.000000	0.729035 
1030.000000	0.723014 
1028.000000	0.716458 
1026.000000	0.711330 
1024.000000	0.704652 
1022.000000	0.695437 
1020.000000	0.685928 
1018.000000	0.675954 
1016.000000	0.665180 
1014.000000	0.654565 
1012.000000	0.645077 
1010.000000	0.635567 
1008.000000	0.625042 
1006.000000	0.614578 
1004.000000	0.605323 
1002.000000	0.596604 
1000.000000	0.586955 
998.000000	 0.577326 
996.000000	 0.568086 
994.000000	 0.559562 
992.000000	 0.552704 
990.000000	 0.547480 
988.000000	 0.545083 
986.000000	 0.545606 
984.000000	 0.548351 
982.000000	 0.551709 
980.000000	 0.554515 
978.000000	 0.557140 
976.000000	 0.558220 
974.000000	 0.556015 
972.000000	 0.549832 
970.000000	 0.539712 
968.000000	 0.528072 
966.000000	 0.517453 
964.000000	 0.509946 
962.000000	 0.503997 
960.000000	 0.498509 
958.000000	 0.494619 
956.000000	 0.492453 
954.000000	 0.490410 
952.000000	 0.488154 
950.000000	 0.487858 
948.000000	 0.489456 
946.000000	 0.492012 
944.000000	 0.495570 
942.000000	 0.499144 
940.000000	 0.502437 
938.000000	 0.506241 
936.000000	 0.508830 
934.000000	 0.509448 
932.000000	 0.509228 
930.000000	 0.508198 
928.000000	 0.507052 
926.000000	 0.506623 
924.000000	 0.506815 
922.000000	 0.511007 
920.000000	 0.521613 
918.000000	 0.536399 
916.000000	 0.550177 
914.000000	 0.560085 
912.000000	 0.566325 
910.000000	 0.571927 
908.000000	 0.578548 
906.000000	 0.580966 
904.000000	 0.576794 
902.000000	 0.568928 
900.000000	 0.559408 
898.000000	 0.547240 
896.000000	 0.532578 
894.000000	 0.516324 
892.000000	 0.499992 
890.000000	 0.486406 
888.000000	 0.475763 
886.000000	 0.466502 
884.000000	 0.459936 
882.000000	 0.457917 
880.000000	 0.459339 
878.000000	 0.461323 
876.000000	 0.463902 
874.000000	 0.465813 
872.000000	 0.467853 
870.000000	 0.470772 
868.000000	 0.474799 
866.000000	 0.478507 
864.000000	 0.480846 
862.000000	 0.482020 
860.000000	 0.481692 
858.000000	 0.481138 
856.000000	 0.479586 
854.000000	 0.476052 
852.000000	 0.472046 
850.000000	 0.469430 
848.000000	 0.467997 
846.000000	 0.466825 
844.000000	 0.466295 
842.000000	 0.466172 
840.000000	 0.466237 
838.000000	 0.466198 
836.000000	 0.464790 
834.000000	 0.461476 
832.000000	 0.456679 
830.000000	 0.451855 
828.000000	 0.447111 
826.000000	 0.442008 
824.000000	 0.435953 
822.000000	 0.429957 
820.000000	 0.425065 
818.000000	 0.421234 
816.000000	 0.416889 
814.000000	 0.412027 
812.000000	 0.408537 
810.000000	 0.404990 
808.000000	 0.400470 
806.000000	 0.396821 
804.000000	 0.392774 
802.000000	 0.388013 
800.000000	 0.383494 
798.000000	 0.378846 
796.000000	 0.372873 
794.000000	 0.366469 
792.000000	 0.359913 
790.000000	 0.353246 
788.000000	 0.346662 
786.000000	 0.340065 
784.000000	 0.333270 
782.000000	 0.326966 
780.000000	 0.321192 
778.000000	 0.314842 
776.000000	 0.308118 
774.000000	 0.301638 
772.000000	 0.295377 
770.000000	 0.289502 
768.000000	 0.283925 
766.000000	 0.278636 
764.000000	 0.273621 
762.000000	 0.269427 
760.000000	 0.266597 
758.000000	 0.262728 
756.000000	 0.258085 
754.000000	 0.255077 
752.000000	 0.254433 
750.000000	 0.254082 
748.000000	 0.254263 
746.000000	 0.254733 
744.000000	 0.255398 
742.000000	 0.257170 
740.000000	 0.260653 
738.000000	 0.264414 
736.000000	 0.267969 
734.000000	 0.271776 
732.000000	 0.275777 
730.000000	 0.280455 
728.000000	 0.286021 
726.000000	 0.291478 
724.000000	 0.297276 
722.000000	 0.303303 
720.000000	 0.308504 
718.000000	 0.312537 
716.000000	 0.317303 
714.000000	 0.322387 
712.000000	 0.327130 
710.000000	 0.332092 
708.000000	 0.336967 
706.000000	 0.341856 
704.000000	 0.346505 
702.000000	 0.350497 
700.000000	 0.353042 
698.000000	 0.357534 
696.000000	 0.364066 
694.000000	 0.371385 
692.000000	 0.380544 
690.000000	 0.390916 
688.000000	 0.401599 
686.000000	 0.413057 
684.000000	 0.424658 
682.000000	 0.435032 
680.000000	 0.443615 
678.000000	 0.453497 
676.000000	 0.464392 
674.000000	 0.474237 
672.000000	 0.481489 
670.000000	 0.484715 
668.000000	 0.488768 
666.000000	 0.487383 
664.000000	 0.480194 
662.000000	 0.469908 
660.000000	 0.461133 
658.000000	 0.455616 
656.000000	 0.451087 
654.000000	 0.447681 
652.000000	 0.445911 
650.000000	 0.446086 
648.000000	 0.449234 
646.000000	 0.455098 
644.000000	 0.461947 
642.000000	 0.470638 
640.000000	 0.480774 
638.000000	 0.490958 
636.000000	 0.501623 
634.000000	 0.513486 
632.000000	 0.522779 
630.000000	 0.525887 
628.000000	 0.522950 
626.000000	 0.512816 
624.000000	 0.492630 
622.000000	 0.465305 
620.000000	 0.432680 
618.000000	 0.398042 
616.000000	 0.363986 
614.000000	 0.331788 
612.000000	 0.302429 
610.000000	 0.278689 
608.000000	 0.258157 
606.000000	 0.236809 
604.000000	 0.218442 
602.000000	 0.205021 
600.000000	 0.193544 
598.000000	 0.183529 
596.000000	 0.175374 
594.000000	 0.167196 
592.000000	 0.158603 
590.000000	 0.151673 
588.000000	 0.145751 
586.000000	 0.139235 
584.000000	 0.133128 
582.000000	 0.126912 
580.000000	 0.122095 
578.000000	 0.117852 
576.000000	 0.112280 
574.000000	 0.105932 
572.000000	 0.099741 
570.000000	 0.093896 
568.000000	 0.088980 
566.000000	 0.085228 
564.000000	 0.081243 
562.000000	 0.076873 
560.000000	 0.073774 
558.000000	 0.071216 
556.000000	 0.067662 
554.000000	 0.064436 
552.000000	 0.062780 
550.000000	 0.061697 
548.000000	 0.060014 
546.000000	 0.056810 
544.000000	 0.053452 
542.000000	 0.050016 
540.000000	 0.047113 
538.000000	 0.045836 
536.000000	 0.044058 
534.000000	 0.041403 
532.000000	 0.039416 
530.000000	 0.038226 
528.000000	 0.036838 
526.000000	 0.036095 
524.000000	 0.036177 
522.000000	 0.036746 
520.000000	 0.037897 
518.000000	 0.038427 
516.000000	 0.038923 
514.000000	 0.041335 
512.000000	 0.044575 
510.000000	 0.045609 
508.000000	 0.045117 
506.000000	 0.044829 
504.000000	 0.042672 
502.000000	 0.039656 
500.000000	 0.039911 
498.000000	 0.040337 
496.000000	 0.038544 
494.000000	 0.036313 
492.000000	 0.035071 
490.000000	 0.034165 
488.000000	 0.033751 
486.000000	 0.032240 
484.000000	 0.031670 
482.000000	 0.032910 
480.000000	 0.033673 
478.000000	 0.032265 
476.000000	 0.030147 
474.000000	 0.028367 
472.000000	 0.027600 
470.000000	 0.028833 
468.000000	 0.028428 
466.000000	 0.026565 
464.000000	 0.025395 
462.000000	 0.024031 
460.000000	 0.020992 
458.000000	 0.017510 
456.000000	 0.017489 
454.000000	 0.017235 
452.000000	 0.016130 
450.000000	 0.015099 

