4400.000000	1.319291 
4398.000000	1.312681 
4396.000000	1.307056 
4394.000000	1.309680 
4392.000000	1.311276 
4390.000000	1.311912 
4388.000000	1.306447 
4386.000000	1.300345 
4384.000000	1.302478 
4382.000000	1.308693 
4380.000000	1.313386 
4378.000000	1.314888 
4376.000000	1.314702 
4374.000000	1.315562 
4372.000000	1.315577 
4370.000000	1.316666 
4368.000000	1.312488 
4366.000000	1.311405 
4364.000000	1.314683 
4362.000000	1.315271 
4360.000000	1.316924 
4358.000000	1.314102 
4356.000000	1.309266 
4354.000000	1.307880 
4352.000000	1.312227 
4350.000000	1.317188 
4348.000000	1.312545 
4346.000000	1.307505 
4344.000000	1.304462 
4342.000000	1.306152 
4340.000000	1.312564 
4338.000000	1.311125 
4336.000000	1.307369 
4334.000000	1.310623 
4332.000000	1.314670 
4330.000000	1.317640 
4328.000000	1.316825 
4326.000000	1.308328 
4324.000000	1.302628 
4322.000000	1.307287 
4320.000000	1.314844 
4318.000000	1.318217 
4316.000000	1.315637 
4314.000000	1.308794 
4312.000000	1.309604 
4310.000000	1.313682 
4308.000000	1.310568 
4306.000000	1.308650 
4304.000000	1.310657 
4302.000000	1.312307 
4300.000000	1.313539 
4298.000000	1.312720 
4296.000000	1.309165 
4294.000000	1.306529 
4292.000000	1.311598 
4290.000000	1.313898 
4288.000000	1.312730 
4286.000000	1.313420 
4284.000000	1.309226 
4282.000000	1.308855 
4280.000000	1.312658 
4278.000000	1.310232 
4276.000000	1.305775 
4274.000000	1.308452 
4272.000000	1.312722 
4270.000000	1.311259 
4268.000000	1.313162 
4266.000000	1.316299 
4264.000000	1.309957 
4262.000000	1.307850 
4260.000000	1.313970 
4258.000000	1.314006 
4256.000000	1.309652 
4254.000000	1.308695 
4252.000000	1.311554 
4250.000000	1.312988 
4248.000000	1.311825 
4246.000000	1.309363 
4244.000000	1.309699 
4242.000000	1.313088 
4240.000000	1.313557 
4238.000000	1.312380 
4236.000000	1.307157 
4234.000000	1.305664 
4232.000000	1.309549 
4230.000000	1.312074 
4228.000000	1.310183 
4226.000000	1.306548 
4224.000000	1.303883 
4222.000000	1.304323 
4220.000000	1.310509 
4218.000000	1.313595 
4216.000000	1.308707 
4214.000000	1.306836 
4212.000000	1.309228 
4210.000000	1.310435 
4208.000000	1.310587 
4206.000000	1.306697 
4204.000000	1.304066 
4202.000000	1.307302 
4200.000000	1.310183 
4198.000000	1.307558 
4196.000000	1.305308 
4194.000000	1.304613 
4192.000000	1.305564 
4190.000000	1.310128 
4188.000000	1.306183 
4186.000000	1.300811 
4184.000000	1.303381 
4182.000000	1.307487 
4180.000000	1.311747 
4178.000000	1.312571 
4176.000000	1.308558 
4174.000000	1.302661 
4172.000000	1.303732 
4170.000000	1.306997 
4168.000000	1.307743 
4166.000000	1.308798 
4164.000000	1.308830 
4162.000000	1.308075 
4160.000000	1.310778 
4158.000000	1.309978 
4156.000000	1.304179 
4154.000000	1.301673 
4152.000000	1.302935 
4150.000000	1.306334 
4148.000000	1.309697 
4146.000000	1.307766 
4144.000000	1.303587 
4142.000000	1.306064 
4140.000000	1.305668 
4138.000000	1.303152 
4136.000000	1.306204 
4134.000000	1.302166 
4132.000000	1.296525 
4130.000000	1.303087 
4128.000000	1.304623 
4126.000000	1.298651 
4124.000000	1.297833 
4122.000000	1.300304 
4120.000000	1.301428 
4118.000000	1.301799 
4116.000000	1.301395 
4114.000000	1.296480 
4112.000000	1.296615 
4110.000000	1.299478 
4108.000000	1.295238 
4106.000000	1.295915 
4104.000000	1.297703 
4102.000000	1.295091 
4100.000000	1.298112 
4098.000000	1.302443 
4096.000000	1.299006 
4094.000000	1.295449 
4092.000000	1.295451 
4090.000000	1.296359 
4088.000000	1.299713 
4086.000000	1.301606 
4084.000000	1.297970 
4082.000000	1.296638 
4080.000000	1.300277 
4078.000000	1.300093 
4076.000000	1.298359 
4074.000000	1.293900 
4072.000000	1.292310 
4070.000000	1.298654 
4068.000000	1.301631 
4066.000000	1.294611 
4064.000000	1.294512 
4062.000000	1.300019 
4060.000000	1.299196 
4058.000000	1.299567 
4056.000000	1.297217 
4054.000000	1.290631 
4052.000000	1.292960 
4050.000000	1.298796 
4048.000000	1.296728 
4046.000000	1.293739 
4044.000000	1.292073 
4042.000000	1.290926 
4040.000000	1.295987 
4038.000000	1.303649 
4036.000000	1.298884 
4034.000000	1.292688 
4032.000000	1.296771 
4030.000000	1.301403 
4028.000000	1.301944 
4026.000000	1.300312 
4024.000000	1.295559 
4022.000000	1.294016 
4020.000000	1.295815 
4018.000000	1.294930 
4016.000000	1.293990 
4014.000000	1.293975 
4012.000000	1.294787 
4010.000000	1.298654 
4008.000000	1.301538 
4006.000000	1.297621 
4004.000000	1.296013 
4002.000000	1.298818 
4000.000000	1.298038 
3998.000000	1.298073 
3996.000000	1.299976 
3994.000000	1.294240 
3992.000000	1.292645 
3990.000000	1.297079 
3988.000000	1.296050 
3986.000000	1.293981 
3984.000000	1.293656 
3982.000000	1.291641 
3980.000000	1.293324 
3978.000000	1.297239 
3976.000000	1.294797 
3974.000000	1.289851 
3972.000000	1.290560 
3970.000000	1.293363 
3968.000000	1.297108 
3966.000000	1.295641 
3964.000000	1.289962 
3962.000000	1.290172 
3960.000000	1.294173 
3958.000000	1.294022 
3956.000000	1.292002 
3954.000000	1.292836 
3952.000000	1.289504 
3950.000000	1.288535 
3948.000000	1.294183 
3946.000000	1.292978 
3944.000000	1.289524 
3942.000000	1.291280 
3940.000000	1.294277 
3938.000000	1.297722 
3936.000000	1.296798 
3934.000000	1.291045 
3932.000000	1.288954 
3930.000000	1.292684 
3928.000000	1.292507 
3926.000000	1.290871 
3924.000000	1.289825 
3922.000000	1.286266 
3920.000000	1.284811 
3918.000000	1.289432 
3916.000000	1.292611 
3914.000000	1.291102 
3912.000000	1.291612 
3910.000000	1.292328 
3908.000000	1.290148 
3906.000000	1.288250 
3904.000000	1.284263 
3902.000000	1.280992 
3900.000000	1.287264 
3898.000000	1.290966 
3896.000000	1.286248 
3894.000000	1.283704 
3892.000000	1.285806 
3890.000000	1.283161 
3888.000000	1.284359 
3886.000000	1.293114 
3884.000000	1.285402 
3882.000000	1.278540 
3880.000000	1.282625 
3878.000000	1.284010 
3876.000000	1.284795 
3874.000000	1.278874 
3872.000000	1.273957 
3870.000000	1.287645 
3868.000000	1.284397 
3866.000000	1.283895 
3864.000000	1.284616 
3862.000000	1.280490 
3860.000000	1.283519 
3858.000000	1.281453 
3856.000000	1.273158 
3854.000000	1.280682 
3852.000000	1.285344 
3850.000000	1.283113 
3848.000000	1.285061 
3846.000000	1.288171 
3844.000000	1.285824 
3842.000000	1.274123 
3840.000000	1.273866 
3838.000000	1.286358 
3836.000000	1.288578 
3834.000000	1.285922 
3832.000000	1.285334 
3830.000000	1.283254 
3828.000000	1.283540 
3826.000000	1.283046 
3824.000000	1.274818 
3822.000000	1.278337 
3820.000000	1.276658 
3818.000000	1.272250 
3816.000000	1.286416 
3814.000000	1.283640 
3812.000000	1.278451 
3810.000000	1.274978 
3808.000000	1.278357 
3806.000000	1.280022 
3804.000000	1.271360 
3802.000000	1.278868 
3800.000000	1.281346 
3798.000000	1.283419 
3796.000000	1.288849 
3794.000000	1.285416 
3792.000000	1.286398 
3790.000000	1.288682 
3788.000000	1.287404 
3786.000000	1.289139 
3784.000000	1.285950 
3782.000000	1.276970 
3780.000000	1.277324 
3778.000000	1.280601 
3776.000000	1.282353 
3774.000000	1.283489 
3772.000000	1.279871 
3770.000000	1.277426 
3768.000000	1.276686 
3766.000000	1.280708 
3764.000000	1.277964 
3762.000000	1.273710 
3760.000000	1.272239 
3758.000000	1.270676 
3756.000000	1.272140 
3754.000000	1.270711 
3752.000000	1.267515 
3750.000000	1.270409 
3748.000000	1.268701 
3746.000000	1.269914 
3744.000000	1.285466 
3742.000000	1.277189 
3740.000000	1.269072 
3738.000000	1.267572 
3736.000000	1.271497 
3734.000000	1.270558 
3732.000000	1.272828 
3730.000000	1.270139 
3728.000000	1.271147 
3726.000000	1.279910 
3724.000000	1.281810 
3722.000000	1.280994 
3720.000000	1.281319 
3718.000000	1.282883 
3716.000000	1.276641 
3714.000000	1.270722 
3712.000000	1.272043 
3710.000000	1.274008 
3708.000000	1.282371 
3706.000000	1.287892 
3704.000000	1.282452 
3702.000000	1.284584 
3700.000000	1.287017 
3698.000000	1.286016 
3696.000000	1.288791 
3694.000000	1.285320 
3692.000000	1.277234 
3690.000000	1.279961 
3688.000000	1.289228 
3686.000000	1.287772 
3684.000000	1.290402 
3682.000000	1.288797 
3680.000000	1.277738 
3678.000000	1.270962 
3676.000000	1.283550 
3674.000000	1.284460 
3672.000000	1.279719 
3670.000000	1.285029 
3668.000000	1.286556 
3666.000000	1.289178 
3664.000000	1.291410 
3662.000000	1.290249 
3660.000000	1.288190 
3658.000000	1.289728 
3656.000000	1.293680 
3654.000000	1.285127 
3652.000000	1.273677 
3650.000000	1.270979 
3648.000000	1.282839 
3646.000000	1.287760 
3644.000000	1.287677 
3642.000000	1.294593 
3640.000000	1.298600 
3638.000000	1.296396 
3636.000000	1.296466 
3634.000000	1.294416 
3632.000000	1.281093 
3630.000000	1.282123 
3628.000000	1.293265 
3626.000000	1.288712 
3624.000000	1.285264 
3622.000000	1.283185 
3620.000000	1.285310 
3618.000000	1.289454 
3616.000000	1.287404 
3614.000000	1.285192 
3612.000000	1.285626 
3610.000000	1.287729 
3608.000000	1.290960 
3606.000000	1.294261 
3604.000000	1.292535 
3602.000000	1.287826 
3600.000000	1.289248 
3598.000000	1.289926 
3596.000000	1.287970 
3594.000000	1.289504 
3592.000000	1.286580 
3590.000000	1.283038 
3588.000000	1.287209 
3586.000000	1.290386 
3584.000000	1.288011 
3582.000000	1.287374 
3580.000000	1.287731 
3578.000000	1.288125 
3576.000000	1.291317 
3574.000000	1.292278 
3572.000000	1.286580 
3570.000000	1.283612 
3568.000000	1.288280 
3566.000000	1.289819 
3564.000000	1.289139 
3562.000000	1.287743 
3560.000000	1.284428 
3558.000000	1.285015 
3556.000000	1.287202 
3554.000000	1.288725 
3552.000000	1.290366 
3550.000000	1.286514 
3548.000000	1.282081 
3546.000000	1.287316 
3544.000000	1.292923 
3542.000000	1.288248 
3540.000000	1.284789 
3538.000000	1.288047 
3536.000000	1.289426 
3534.000000	1.287679 
3532.000000	1.287647 
3530.000000	1.285388 
3528.000000	1.284905 
3526.000000	1.287133 
3524.000000	1.287161 
3522.000000	1.283314 
3520.000000	1.285284 
3518.000000	1.290463 
3516.000000	1.291665 
3514.000000	1.291124 
3512.000000	1.285796 
3510.000000	1.281697 
3508.000000	1.285810 
3506.000000	1.288192 
3504.000000	1.286034 
3502.000000	1.287053 
3500.000000	1.286564 
3498.000000	1.287216 
3496.000000	1.290221 
3494.000000	1.288099 
3492.000000	1.284891 
3490.000000	1.282638 
3488.000000	1.283193 
3486.000000	1.287745 
3484.000000	1.291442 
3482.000000	1.288731 
3480.000000	1.288385 
3478.000000	1.290380 
3476.000000	1.289668 
3474.000000	1.286987 
3472.000000	1.285662 
3470.000000	1.286454 
3468.000000	1.286584 
3466.000000	1.286314 
3464.000000	1.284791 
3462.000000	1.283316 
3460.000000	1.282716 
3458.000000	1.284074 
3456.000000	1.286915 
3454.000000	1.288698 
3452.000000	1.285506 
3450.000000	1.281859 
3448.000000	1.281206 
3446.000000	1.280486 
3444.000000	1.282757 
3442.000000	1.285077 
3440.000000	1.282863 
3438.000000	1.280852 
3436.000000	1.283921 
3434.000000	1.286612 
3432.000000	1.284385 
3430.000000	1.280642 
3428.000000	1.277705 
3426.000000	1.278834 
3424.000000	1.282428 
3422.000000	1.281014 
3420.000000	1.277850 
3418.000000	1.276020 
3416.000000	1.277085 
3414.000000	1.280269 
3412.000000	1.281461 
3410.000000	1.280174 
3408.000000	1.278612 
3406.000000	1.279055 
3404.000000	1.279399 
3402.000000	1.278115 
3400.000000	1.277291 
3398.000000	1.277009 
3396.000000	1.277909 
3394.000000	1.280080 
3392.000000	1.279957 
3390.000000	1.278349 
3388.000000	1.278880 
3386.000000	1.278506 
3384.000000	1.278142 
3382.000000	1.277361 
3380.000000	1.274676 
3378.000000	1.273220 
3376.000000	1.274748 
3374.000000	1.275083 
3372.000000	1.271964 
3370.000000	1.272580 
3368.000000	1.275419 
3366.000000	1.275514 
3364.000000	1.278133 
3362.000000	1.273994 
3360.000000	1.269914 
3358.000000	1.273347 
3356.000000	1.275085 
3354.000000	1.275762 
3352.000000	1.275848 
3350.000000	1.271333 
3348.000000	1.268488 
3346.000000	1.271832 
3344.000000	1.273500 
3342.000000	1.272020 
3340.000000	1.272685 
3338.000000	1.271455 
3336.000000	1.270937 
3334.000000	1.275173 
3332.000000	1.275157 
3330.000000	1.270743 
3328.000000	1.270699 
3326.000000	1.271371 
3324.000000	1.271099 
3322.000000	1.270857 
3320.000000	1.269168 
3318.000000	1.269740 
3316.000000	1.271227 
3314.000000	1.270294 
3312.000000	1.270163 
3310.000000	1.269825 
3308.000000	1.266670 
3306.000000	1.266908 
3304.000000	1.271194 
3302.000000	1.270987 
3300.000000	1.267968 
3298.000000	1.267711 
3296.000000	1.269746 
3294.000000	1.272250 
3292.000000	1.273628 
3290.000000	1.270199 
3288.000000	1.267388 
3286.000000	1.268077 
3284.000000	1.267971 
3282.000000	1.266162 
3280.000000	1.261638 
3278.000000	1.259866 
3276.000000	1.264889 
3274.000000	1.269070 
3272.000000	1.267544 
3270.000000	1.264099 
3268.000000	1.265267 
3266.000000	1.264813 
3264.000000	1.263238 
3262.000000	1.265864 
3260.000000	1.263953 
3258.000000	1.259252 
3256.000000	1.260691 
3254.000000	1.263976 
3252.000000	1.261621 
3250.000000	1.260233 
3248.000000	1.262220 
3246.000000	1.264744 
3244.000000	1.267866 
3242.000000	1.267436 
3240.000000	1.263276 
3238.000000	1.260650 
3236.000000	1.262192 
3234.000000	1.264168 
3232.000000	1.264933 
3230.000000	1.264215 
3228.000000	1.262148 
3226.000000	1.262967 
3224.000000	1.264308 
3222.000000	1.262289 
3220.000000	1.260440 
3218.000000	1.259824 
3216.000000	1.261141 
3214.000000	1.264390 
3212.000000	1.263698 
3210.000000	1.259468 
3208.000000	1.259858 
3206.000000	1.259811 
3204.000000	1.259087 
3202.000000	1.259581 
3200.000000	1.258624 
3198.000000	1.255790 
3196.000000	1.257778 
3194.000000	1.261965 
3192.000000	1.262520 
3190.000000	1.259478 
3188.000000	1.254521 
3186.000000	1.253242 
3184.000000	1.257892 
3182.000000	1.258050 
3180.000000	1.254345 
3178.000000	1.255475 
3176.000000	1.257598 
3174.000000	1.257330 
3172.000000	1.257533 
3170.000000	1.255913 
3168.000000	1.254239 
3166.000000	1.256935 
3164.000000	1.259060 
3162.000000	1.256603 
3160.000000	1.255689 
3158.000000	1.254812 
3156.000000	1.251962 
3154.000000	1.254925 
3152.000000	1.258058 
3150.000000	1.255253 
3148.000000	1.252062 
3146.000000	1.249687 
3144.000000	1.249748 
3142.000000	1.253381 
3140.000000	1.254194 
3138.000000	1.250557 
3136.000000	1.251518 
3134.000000	1.252767 
3132.000000	1.251533 
3130.000000	1.250564 
3128.000000	1.247685 
3126.000000	1.248851 
3124.000000	1.252786 
3122.000000	1.252839 
3120.000000	1.251289 
3118.000000	1.250509 
3116.000000	1.250837 
3114.000000	1.248502 
3112.000000	1.247553 
3110.000000	1.248374 
3108.000000	1.246674 
3106.000000	1.245830 
3104.000000	1.247841 
3102.000000	1.248939 
3100.000000	1.250350 
3098.000000	1.250708 
3096.000000	1.248313 
3094.000000	1.246900 
3092.000000	1.247277 
3090.000000	1.245149 
3088.000000	1.243566 
3086.000000	1.246672 
3084.000000	1.247751 
3082.000000	1.247514 
3080.000000	1.248851 
3078.000000	1.246721 
3076.000000	1.246124 
3074.000000	1.248319 
3072.000000	1.248356 
3070.000000	1.247969 
3068.000000	1.247200 
3066.000000	1.243983 
3064.000000	1.243243 
3062.000000	1.245717 
3060.000000	1.245304 
3058.000000	1.244952 
3056.000000	1.244561 
3054.000000	1.242732 
3052.000000	1.243189 
3050.000000	1.243087 
3048.000000	1.240815 
3046.000000	1.242555 
3044.000000	1.246734 
3042.000000	1.246170 
3040.000000	1.244525 
3038.000000	1.242566 
3036.000000	1.241642 
3034.000000	1.242662 
3032.000000	1.242226 
3030.000000	1.239144 
3028.000000	1.238925 
3026.000000	1.240682 
3024.000000	1.240504 
3022.000000	1.242193 
3020.000000	1.242095 
3018.000000	1.237767 
3016.000000	1.238064 
3014.000000	1.242443 
3012.000000	1.243845 
3010.000000	1.242656 
3008.000000	1.243372 
3006.000000	1.241671 
3004.000000	1.241958 
3002.000000	1.244388 
3000.000000	1.242424 
2998.000000	1.238371 
2996.000000	1.238837 
2994.000000	1.240019 
2992.000000	1.239225 
2990.000000	1.240504 
2988.000000	1.237361 
2986.000000	1.235575 
2984.000000	1.240352 
2982.000000	1.241752 
2980.000000	1.241902 
2978.000000	1.242806 
2976.000000	1.243530 
2974.000000	1.244683 
2972.000000	1.244487 
2970.000000	1.240929 
2968.000000	1.238398 
2966.000000	1.240432 
2964.000000	1.240165 
2962.000000	1.237857 
2960.000000	1.238880 
2958.000000	1.239687 
2956.000000	1.238692 
2954.000000	1.240178 
2952.000000	1.240790 
2950.000000	1.239721 
2948.000000	1.238118 
2946.000000	1.237427 
2944.000000	1.238754 
2942.000000	1.241766 
2940.000000	1.242028 
2938.000000	1.239685 
2936.000000	1.239412 
2934.000000	1.239148 
2932.000000	1.239798 
2930.000000	1.244318 
2928.000000	1.243087 
2926.000000	1.242117 
2924.000000	1.244628 
2922.000000	1.245480 
2920.000000	1.243423 
2918.000000	1.242412 
2916.000000	1.241723 
2914.000000	1.240117 
2912.000000	1.240477 
2910.000000	1.238097 
2908.000000	1.234202 
2906.000000	1.234795 
2904.000000	1.235906 
2902.000000	1.235464 
2900.000000	1.236830 
2898.000000	1.235787 
2896.000000	1.232621 
2894.000000	1.233099 
2892.000000	1.234717 
2890.000000	1.235820 
2888.000000	1.235808 
2886.000000	1.232685 
2884.000000	1.231457 
2882.000000	1.232501 
2880.000000	1.231486 
2878.000000	1.228928 
2876.000000	1.227950 
2874.000000	1.229637 
2872.000000	1.232536 
2870.000000	1.232499 
2868.000000	1.228912 
2866.000000	1.226045 
2864.000000	1.226614 
2862.000000	1.227828 
2860.000000	1.229068 
2858.000000	1.230346 
2856.000000	1.228684 
2854.000000	1.228556 
2852.000000	1.231066 
2850.000000	1.228951 
2848.000000	1.225250 
2846.000000	1.225391 
2844.000000	1.224980 
2842.000000	1.224267 
2840.000000	1.226321 
2838.000000	1.224746 
2836.000000	1.221979 
2834.000000	1.223019 
2832.000000	1.224190 
2830.000000	1.222917 
2828.000000	1.221825 
2826.000000	1.219109 
2824.000000	1.217576 
2822.000000	1.219735 
2820.000000	1.220395 
2818.000000	1.218670 
2816.000000	1.219383 
2814.000000	1.219351 
2812.000000	1.219606 
2810.000000	1.222504 
2808.000000	1.221290 
2806.000000	1.216605 
2804.000000	1.216992 
2802.000000	1.219923 
2800.000000	1.219130 
2798.000000	1.218468 
2796.000000	1.217002 
2794.000000	1.214558 
2792.000000	1.215634 
2790.000000	1.217625 
2788.000000	1.217366 
2786.000000	1.216398 
2784.000000	1.214586 
2782.000000	1.213990 
2780.000000	1.216570 
2778.000000	1.215321 
2776.000000	1.211132 
2774.000000	1.211269 
2772.000000	1.213440 
2770.000000	1.213636 
2768.000000	1.214282 
2766.000000	1.213841 
2764.000000	1.212076 
2762.000000	1.214713 
2760.000000	1.216930 
2758.000000	1.214738 
2756.000000	1.213963 
2754.000000	1.214557 
2752.000000	1.214089 
2750.000000	1.214039 
2748.000000	1.213819 
2746.000000	1.211196 
2744.000000	1.209112 
2742.000000	1.209702 
2740.000000	1.211237 
2738.000000	1.212856 
2736.000000	1.210207 
2734.000000	1.207520 
2732.000000	1.209449 
2730.000000	1.210053 
2728.000000	1.209130 
2726.000000	1.208817 
2724.000000	1.207059 
2722.000000	1.207641 
2720.000000	1.210060 
2718.000000	1.208901 
2716.000000	1.206417 
2714.000000	1.208626 
2712.000000	1.210360 
2710.000000	1.207959 
2708.000000	1.204828 
2706.000000	1.202401 
2704.000000	1.202626 
2702.000000	1.205549 
2700.000000	1.205172 
2698.000000	1.203447 
2696.000000	1.203794 
2694.000000	1.202839 
2692.000000	1.201778 
2690.000000	1.204137 
2688.000000	1.205832 
2686.000000	1.204559 
2684.000000	1.205142 
2682.000000	1.205856 
2680.000000	1.205122 
2678.000000	1.205268 
2676.000000	1.205029 
2674.000000	1.202250 
2672.000000	1.200740 
2670.000000	1.201456 
2668.000000	1.200975 
2666.000000	1.198766 
2664.000000	1.197679 
2662.000000	1.197441 
2660.000000	1.198062 
2658.000000	1.199228 
2656.000000	1.199554 
2654.000000	1.199734 
2652.000000	1.199683 
2650.000000	1.198138 
2648.000000	1.198846 
2646.000000	1.197748 
2644.000000	1.195271 
2642.000000	1.196693 
2640.000000	1.198894 
2638.000000	1.197203 
2636.000000	1.195458 
2634.000000	1.194948 
2632.000000	1.195122 
2630.000000	1.197649 
2628.000000	1.197089 
2626.000000	1.192173 
2624.000000	1.191627 
2622.000000	1.194033 
2620.000000	1.195519 
2618.000000	1.195922 
2616.000000	1.193249 
2614.000000	1.188814 
2612.000000	1.190220 
2610.000000	1.193495 
2608.000000	1.192007 
2606.000000	1.191518 
2604.000000	1.192605 
2602.000000	1.190770 
2600.000000	1.191526 
2598.000000	1.191775 
2596.000000	1.189527 
2594.000000	1.190552 
2592.000000	1.192892 
2590.000000	1.193493 
2588.000000	1.193278 
2586.000000	1.194205 
2584.000000	1.193053 
2582.000000	1.191339 
2580.000000	1.191888 
2578.000000	1.191354 
2576.000000	1.188302 
2574.000000	1.186609 
2572.000000	1.187516 
2570.000000	1.190709 
2568.000000	1.192165 
2566.000000	1.188515 
2564.000000	1.187438 
2562.000000	1.189606 
2560.000000	1.188310 
2558.000000	1.185658 
2556.000000	1.185049 
2554.000000	1.184039 
2552.000000	1.185003 
2550.000000	1.188411 
2548.000000	1.187340 
2546.000000	1.184504 
2544.000000	1.185012 
2542.000000	1.185042 
2540.000000	1.184805 
2538.000000	1.185491 
2536.000000	1.185817 
2534.000000	1.186326 
2532.000000	1.185961 
2530.000000	1.184080 
2528.000000	1.182156 
2526.000000	1.180801 
2524.000000	1.178668 
2522.000000	1.180191 
2520.000000	1.183384 
2518.000000	1.183115 
2516.000000	1.183388 
2514.000000	1.184103 
2512.000000	1.182169 
2510.000000	1.181613 
2508.000000	1.182993 
2506.000000	1.181476 
2504.000000	1.179153 
2502.000000	1.180036 
2500.000000	1.182281 
2498.000000	1.182366 
2496.000000	1.180149 
2494.000000	1.177111 
2492.000000	1.177105 
2490.000000	1.180026 
2488.000000	1.179923 
2486.000000	1.176836 
2484.000000	1.175576 
2482.000000	1.175648 
2480.000000	1.177043 
2478.000000	1.177674 
2476.000000	1.175734 
2474.000000	1.175234 
2472.000000	1.176679 
2470.000000	1.176334 
2468.000000	1.176682 
2466.000000	1.176716 
2464.000000	1.175728 
2462.000000	1.176483 
2460.000000	1.178044 
2458.000000	1.176304 
2456.000000	1.173295 
2454.000000	1.174560 
2452.000000	1.175859 
2450.000000	1.176261 
2448.000000	1.176881 
2446.000000	1.174667 
2444.000000	1.170729 
2442.000000	1.171011 
2440.000000	1.173620 
2438.000000	1.173821 
2436.000000	1.172804 
2434.000000	1.173040 
2432.000000	1.173804 
2430.000000	1.175510 
2428.000000	1.173929 
2426.000000	1.170367 
2424.000000	1.169853 
2422.000000	1.170340 
2420.000000	1.171801 
2418.000000	1.174427 
2416.000000	1.171498 
2414.000000	1.166788 
2412.000000	1.168035 
2410.000000	1.169854 
2408.000000	1.167791 
2406.000000	1.166915 
2404.000000	1.168395 
2402.000000	1.169079 
2400.000000	1.169595 
2398.000000	1.168492 
2396.000000	1.165774 
2394.000000	1.166113 
2392.000000	1.167465 
2390.000000	1.168378 
2388.000000	1.168293 
2386.000000	1.165752 
2384.000000	1.163236 
2382.000000	1.165242 
2380.000000	1.168946 
2378.000000	1.169447 
2376.000000	1.168015 
2374.000000	1.165064 
2372.000000	1.164048 
2370.000000	1.170511 
2368.000000	1.174797 
2366.000000	1.169788 
2364.000000	1.167861 
2362.000000	1.172490 
2360.000000	1.176429 
2358.000000	1.179921 
2356.000000	1.174975 
2354.000000	1.170215 
2352.000000	1.175353 
2350.000000	1.173174 
2348.000000	1.166491 
2346.000000	1.166682 
2344.000000	1.167511 
2342.000000	1.167450 
2340.000000	1.171865 
2338.000000	1.171048 
2336.000000	1.169120 
2334.000000	1.171895 
2332.000000	1.172342 
2330.000000	1.173884 
2328.000000	1.176031 
2326.000000	1.173778 
2324.000000	1.167071 
2322.000000	1.164057 
2320.000000	1.165523 
2318.000000	1.164865 
2316.000000	1.162196 
2314.000000	1.159649 
2312.000000	1.161567 
2310.000000	1.164784 
2308.000000	1.163358 
2306.000000	1.159539 
2304.000000	1.159829 
2302.000000	1.161473 
2300.000000	1.163070 
2298.000000	1.163465 
2296.000000	1.160127 
2294.000000	1.156070 
2292.000000	1.157010 
2290.000000	1.159357 
2288.000000	1.159389 
2286.000000	1.160131 
2284.000000	1.161080 
2282.000000	1.160628 
2280.000000	1.160326 
2278.000000	1.162197 
2276.000000	1.163305 
2274.000000	1.164141 
2272.000000	1.164856 
2270.000000	1.165827 
2268.000000	1.169086 
2266.000000	1.170130 
2264.000000	1.169248 
2262.000000	1.170819 
2260.000000	1.172858 
2258.000000	1.174391 
2256.000000	1.176046 
2254.000000	1.175255 
2252.000000	1.174218 
2250.000000	1.177471 
2248.000000	1.180530 
2246.000000	1.178761 
2244.000000	1.176250 
2242.000000	1.176576 
2240.000000	1.176621 
2238.000000	1.176903 
2236.000000	1.177253 
2234.000000	1.176617 
2232.000000	1.176104 
2230.000000	1.175648 
2228.000000	1.174582 
2226.000000	1.174484 
2224.000000	1.173359 
2222.000000	1.171541 
2220.000000	1.170235 
2218.000000	1.172205 
2216.000000	1.173415 
2214.000000	1.174387 
2212.000000	1.176132 
2210.000000	1.176654 
2208.000000	1.177730 
2206.000000	1.177971 
2204.000000	1.177290 
2202.000000	1.179358 
2200.000000	1.181675 
2198.000000	1.182377 
2196.000000	1.182856 
2194.000000	1.182192 
2192.000000	1.180009 
2190.000000	1.181950 
2188.000000	1.184222 
2186.000000	1.182457 
2184.000000	1.181970 
2182.000000	1.180683 
2180.000000	1.179003 
2178.000000	1.180119 
2176.000000	1.179843 
2174.000000	1.176488 
2172.000000	1.177242 
2170.000000	1.178654 
2168.000000	1.176174 
2166.000000	1.177448 
2164.000000	1.181626 
2162.000000	1.182026 
2160.000000	1.182010 
2158.000000	1.184358 
2156.000000	1.185840 
2154.000000	1.187230 
2152.000000	1.192112 
2150.000000	1.199309 
2148.000000	1.207840 
2146.000000	1.214886 
2144.000000	1.216494 
2142.000000	1.217711 
2140.000000	1.221235 
2138.000000	1.222493 
2136.000000	1.220948 
2134.000000	1.218840 
2132.000000	1.215758 
2130.000000	1.218357 
2128.000000	1.226443 
2126.000000	1.230879 
2124.000000	1.233143 
2122.000000	1.240307 
2120.000000	1.249847 
2118.000000	1.259514 
2116.000000	1.268081 
2114.000000	1.269956 
2112.000000	1.268465 
2110.000000	1.267977 
2108.000000	1.265658 
2106.000000	1.262003 
2104.000000	1.257668 
2102.000000	1.251840 
2100.000000	1.244752 
2098.000000	1.240938 
2096.000000	1.240996 
2094.000000	1.244596 
2092.000000	1.249882 
2090.000000	1.254473 
2088.000000	1.256098 
2086.000000	1.250759 
2084.000000	1.242618 
2082.000000	1.237479 
2080.000000	1.234765 
2078.000000	1.229521 
2076.000000	1.220942 
2074.000000	1.211989 
2072.000000	1.199269 
2070.000000	1.185624 
2068.000000	1.174381 
2066.000000	1.161020 
2064.000000	1.147850 
2062.000000	1.138812 
2060.000000	1.133204 
2058.000000	1.129065 
2056.000000	1.122629 
2054.000000	1.115246 
2052.000000	1.112164 
2050.000000	1.112043 
2048.000000	1.111346 
2046.000000	1.110260 
2044.000000	1.109536 
2042.000000	1.107869 
2040.000000	1.105388 
2038.000000	1.104056 
2036.000000	1.103334 
2034.000000	1.102113 
2032.000000	1.100389 
2030.000000	1.099990 
2028.000000	1.100850 
2026.000000	1.101696 
2024.000000	1.099534 
2022.000000	1.096344 
2020.000000	1.095511 
2018.000000	1.095970 
2016.000000	1.096581 
2014.000000	1.095777 
2012.000000	1.094094 
2010.000000	1.093979 
2008.000000	1.095400 
2006.000000	1.094349 
2004.000000	1.091644 
2002.000000	1.091120 
2000.000000	1.090914 
1998.000000	1.090951 
1996.000000	1.090266 
1994.000000	1.086997 
1992.000000	1.085487 
1990.000000	1.086913 
1988.000000	1.087695 
1986.000000	1.087332 
1984.000000	1.086083 
1982.000000	1.084805 
1980.000000	1.084646 
1978.000000	1.086431 
1976.000000	1.087367 
1974.000000	1.085286 
1972.000000	1.083182 
1970.000000	1.081836 
1968.000000	1.080967 
1966.000000	1.081273 
1964.000000	1.080404 
1962.000000	1.078597 
1960.000000	1.079674 
1958.000000	1.079133 
1956.000000	1.077997 
1954.000000	1.077741 
1952.000000	1.075912 
1950.000000	1.073789 
1948.000000	1.073421 
1946.000000	1.073685 
1944.000000	1.072769 
1942.000000	1.072673 
1940.000000	1.072379 
1938.000000	1.072511 
1936.000000	1.073929 
1934.000000	1.073675 
1932.000000	1.070913 
1930.000000	1.069399 
1928.000000	1.068790 
1926.000000	1.068043 
1924.000000	1.068418 
1922.000000	1.067442 
1920.000000	1.064824 
1918.000000	1.063689 
1916.000000	1.065162 
1914.000000	1.064367 
1912.000000	1.062717 
1910.000000	1.062645 
1908.000000	1.063087 
1906.000000	1.065503 
1904.000000	1.064681 
1902.000000	1.060859 
1900.000000	1.059354 
1898.000000	1.059498 
1896.000000	1.057556 
1894.000000	1.057248 
1892.000000	1.055840 
1890.000000	1.055059 
1888.000000	1.057345 
1886.000000	1.057895 
1884.000000	1.056378 
1882.000000	1.053458 
1880.000000	1.051299 
1878.000000	1.051548 
1876.000000	1.052221 
1874.000000	1.050895 
1872.000000	1.047457 
1870.000000	1.045282 
1868.000000	1.046557 
1866.000000	1.048030 
1864.000000	1.049137 
1862.000000	1.048410 
1860.000000	1.046211 
1858.000000	1.047095 
1856.000000	1.047690 
1854.000000	1.045869 
1852.000000	1.043733 
1850.000000	1.041924 
1848.000000	1.039185 
1846.000000	1.036647 
1844.000000	1.038150 
1842.000000	1.039094 
1840.000000	1.040044 
1838.000000	1.041291 
1836.000000	1.039912 
1834.000000	1.037059 
1832.000000	1.032214 
1830.000000	1.030582 
1828.000000	1.032807 
1826.000000	1.032784 
1824.000000	1.032240 
1822.000000	1.033106 
1820.000000	1.034340 
1818.000000	1.033777 
1816.000000	1.033190 
1814.000000	1.031098 
1812.000000	1.027427 
1810.000000	1.026671 
1808.000000	1.027268 
1806.000000	1.026533 
1804.000000	1.024823 
1802.000000	1.023244 
1800.000000	1.022292 
1798.000000	1.022525 
1796.000000	1.021523 
1794.000000	1.018019 
1792.000000	1.019760 
1790.000000	1.022538 
1788.000000	1.021856 
1786.000000	1.021524 
1784.000000	1.021567 
1782.000000	1.018431 
1780.000000	1.017288 
1778.000000	1.017490 
1776.000000	1.014804 
1774.000000	1.010735 
1772.000000	1.011234 
1770.000000	1.013285 
1768.000000	1.014910 
1766.000000	1.013422 
1764.000000	1.007656 
1762.000000	1.007419 
1760.000000	1.008576 
1758.000000	1.006959 
1756.000000	1.009979 
1754.000000	1.009062 
1752.000000	1.004114 
1750.000000	1.001627 
1748.000000	1.002512 
1746.000000	1.004062 
1744.000000	1.002961 
1742.000000	0.998589 
1740.000000	0.997773 
1738.000000	1.000532 
1736.000000	0.995836 
1734.000000	0.996432 
1732.000000	0.999705 
1730.000000	0.999990 
1728.000000	1.001543 
1726.000000	1.001891 
1724.000000	1.000791 
1722.000000	0.997143 
1720.000000	0.989919 
1718.000000	0.986489 
1716.000000	0.989418 
1714.000000	0.992016 
1712.000000	0.992972 
1710.000000	0.991028 
1708.000000	0.987431 
1706.000000	0.986836 
1704.000000	0.984042 
1702.000000	0.977100 
1700.000000	0.979384 
1698.000000	0.976821 
1696.000000	0.978380 
1694.000000	0.983635 
1692.000000	0.980441 
1690.000000	0.977132 
1688.000000	0.973671 
1686.000000	0.965497 
1684.000000	0.969089 
1682.000000	0.974759 
1680.000000	0.971732 
1678.000000	0.969733 
1676.000000	0.969285 
1674.000000	0.969406 
1672.000000	0.964338 
1670.000000	0.962708 
1668.000000	0.966477 
1666.000000	0.966302 
1664.000000	0.963227 
1662.000000	0.963569 
1660.000000	0.964972 
1658.000000	0.962211 
1656.000000	0.952246 
1654.000000	0.945033 
1652.000000	0.955410 
1650.000000	0.952211 
1648.000000	0.946337 
1646.000000	0.950690 
1644.000000	0.954108 
1642.000000	0.953420 
1640.000000	0.951811 
1638.000000	0.944581 
1636.000000	0.943116 
1634.000000	0.951580 
1632.000000	0.951923 
1630.000000	0.948186 
1628.000000	0.946145 
1626.000000	0.942930 
1624.000000	0.941170 
1622.000000	0.943782 
1620.000000	0.940371 
1618.000000	0.934971 
1616.000000	0.940239 
1614.000000	0.943365 
1612.000000	0.941130 
1610.000000	0.939081 
1608.000000	0.937488 
1606.000000	0.937158 
1604.000000	0.936058 
1602.000000	0.933009 
1600.000000	0.932368 
1598.000000	0.933424 
1596.000000	0.931912 
1594.000000	0.930242 
1592.000000	0.929484 
1590.000000	0.927741 
1588.000000	0.927070 
1586.000000	0.926827 
1584.000000	0.925639 
1582.000000	0.924301 
1580.000000	0.921303 
1578.000000	0.913522 
1576.000000	0.913607 
1574.000000	0.916979 
1572.000000	0.911636 
1570.000000	0.909041 
1568.000000	0.911920 
1566.000000	0.911391 
1564.000000	0.909162 
1562.000000	0.900382 
1560.000000	0.887323 
1558.000000	0.893971 
1556.000000	0.900652 
1554.000000	0.902318 
1552.000000	0.902556 
1550.000000	0.902729 
1548.000000	0.901497 
1546.000000	0.896596 
1544.000000	0.891157 
1542.000000	0.883595 
1540.000000	0.885075 
1538.000000	0.894566 
1536.000000	0.891069 
1534.000000	0.887743 
1532.000000	0.890635 
1530.000000	0.888794 
1528.000000	0.883898 
1526.000000	0.881039 
1524.000000	0.877992 
1522.000000	0.876276 
1520.000000	0.880093 
1518.000000	0.877183 
1516.000000	0.878386 
1514.000000	0.879889 
1512.000000	0.877231 
1510.000000	0.869401 
1508.000000	0.861253 
1506.000000	0.868330 
1504.000000	0.875947 
1502.000000	0.874786 
1500.000000	0.869816 
1498.000000	0.867501 
1496.000000	0.872891 
1494.000000	0.873566 
1492.000000	0.867359 
1490.000000	0.864091 
1488.000000	0.865308 
1486.000000	0.867938 
1484.000000	0.869408 
1482.000000	0.868055 
1480.000000	0.866241 
1478.000000	0.863850 
1476.000000	0.860038 
1474.000000	0.855676 
1472.000000	0.858684 
1470.000000	0.861150 
1468.000000	0.858067 
1466.000000	0.856384 
1464.000000	0.858210 
1462.000000	0.856557 
1460.000000	0.848927 
1458.000000	0.841865 
1456.000000	0.847947 
1454.000000	0.853089 
1452.000000	0.852965 
1450.000000	0.850641 
1448.000000	0.849595 
1446.000000	0.848950 
1444.000000	0.847023 
1442.000000	0.844735 
1440.000000	0.839967 
1438.000000	0.835212 
1436.000000	0.836463 
1434.000000	0.837137 
1432.000000	0.834474 
1430.000000	0.832491 
1428.000000	0.831317 
1426.000000	0.828727 
1424.000000	0.827596 
1422.000000	0.823617 
1420.000000	0.818313 
1418.000000	0.819585 
1416.000000	0.820314 
1414.000000	0.818810 
1412.000000	0.818017 
1410.000000	0.815801 
1408.000000	0.811919 
1406.000000	0.810880 
1404.000000	0.810977 
1402.000000	0.808654 
1400.000000	0.806074 
1398.000000	0.803120 
1396.000000	0.799579 
1394.000000	0.800431 
1392.000000	0.800338 
1390.000000	0.796158 
1388.000000	0.794026 
1386.000000	0.793762 
1384.000000	0.792628 
1382.000000	0.791704 
1380.000000	0.789403 
1378.000000	0.786381 
1376.000000	0.783231 
1374.000000	0.781564 
1372.000000	0.780774 
1370.000000	0.778778 
1368.000000	0.776153 
1366.000000	0.773563 
1364.000000	0.771208 
1362.000000	0.770683 
1360.000000	0.769410 
1358.000000	0.767397 
1356.000000	0.765396 
1354.000000	0.763448 
1352.000000	0.762253 
1350.000000	0.760416 
1348.000000	0.758093 
1346.000000	0.757328 
1344.000000	0.756171 
1342.000000	0.752428 
1340.000000	0.748897 
1338.000000	0.747005 
1336.000000	0.745444 
1334.000000	0.745090 
1332.000000	0.744191 
1330.000000	0.742185 
1328.000000	0.740805 
1326.000000	0.738999 
1324.000000	0.736086 
1322.000000	0.733807 
1320.000000	0.732032 
1318.000000	0.730130 
1316.000000	0.729145 
1314.000000	0.727428 
1312.000000	0.725394 
1310.000000	0.724178 
1308.000000	0.722098 
1306.000000	0.718939 
1304.000000	0.717306 
1302.000000	0.716226 
1300.000000	0.714102 
1298.000000	0.711966 
1296.000000	0.710077 
1294.000000	0.708070 
1292.000000	0.707125 
1290.000000	0.705142 
1288.000000	0.701670 
1286.000000	0.699549 
1284.000000	0.697879 
1282.000000	0.695758 
1280.000000	0.693963 
1278.000000	0.691466 
1276.000000	0.688698 
1274.000000	0.686952 
1272.000000	0.685200 
1270.000000	0.682682 
1268.000000	0.680044 
1266.000000	0.678002 
1264.000000	0.675747 
1262.000000	0.674212 
1260.000000	0.672651 
1258.000000	0.669621 
1256.000000	0.667276 
1254.000000	0.665424 
1252.000000	0.662570 
1250.000000	0.660883 
1248.000000	0.659185 
1246.000000	0.656768 
1244.000000	0.654446 
1242.000000	0.651972 
1240.000000	0.649338 
1238.000000	0.647524 
1236.000000	0.645936 
1234.000000	0.643708 
1232.000000	0.642098 
1230.000000	0.640739 
1228.000000	0.638759 
1226.000000	0.636881 
1224.000000	0.635665 
1222.000000	0.634526 
1220.000000	0.632928 
1218.000000	0.631023 
1216.000000	0.629220 
1214.000000	0.628183 
1212.000000	0.627739 
1210.000000	0.626929 
1208.000000	0.626533 
1206.000000	0.625935 
1204.000000	0.625265 
1202.000000	0.625651 
1200.000000	0.626024 
1198.000000	0.626288 
1196.000000	0.628410 
1194.000000	0.630235 
1192.000000	0.631243 
1190.000000	0.632657 
1188.000000	0.634181 
1186.000000	0.635972 
1184.000000	0.638758 
1182.000000	0.642090 
1180.000000	0.645573 
1178.000000	0.649400 
1176.000000	0.652669 
1174.000000	0.655443 
1172.000000	0.659458 
1170.000000	0.663758 
1168.000000	0.667045 
1166.000000	0.670830 
1164.000000	0.675381 
1162.000000	0.679545 
1160.000000	0.683869 
1158.000000	0.688059 
1156.000000	0.691480 
1154.000000	0.695078 
1152.000000	0.698858 
1150.000000	0.702401 
1148.000000	0.706481 
1146.000000	0.711083 
1144.000000	0.714445 
1142.000000	0.717962 
1140.000000	0.721877 
1138.000000	0.724386 
1136.000000	0.726868 
1134.000000	0.729463 
1132.000000	0.731762 
1130.000000	0.734527 
1128.000000	0.737549 
1126.000000	0.739053 
1124.000000	0.741019 
1122.000000	0.743310 
1120.000000	0.744440 
1118.000000	0.745991 
1116.000000	0.747811 
1114.000000	0.749949 
1112.000000	0.754622 
1110.000000	0.759261 
1108.000000	0.760539 
1106.000000	0.763475 
1104.000000	0.767762 
1102.000000	0.770176 
1100.000000	0.773800 
1098.000000	0.776571 
1096.000000	0.776729 
1094.000000	0.778989 
1092.000000	0.782693 
1090.000000	0.783509 
1088.000000	0.785377 
1086.000000	0.787149 
1084.000000	0.787022 
1082.000000	0.789204 
1080.000000	0.792243 
1078.000000	0.793642 
1076.000000	0.794973 
1074.000000	0.797003 
1072.000000	0.798199 
1070.000000	0.800402 
1068.000000	0.802022 
1066.000000	0.801196 
1064.000000	0.801324 
1062.000000	0.803863 
1060.000000	0.804737 
1058.000000	0.803036 
1056.000000	0.800823 
1054.000000	0.799067 
1052.000000	0.798072 
1050.000000	0.796955 
1048.000000	0.793933 
1046.000000	0.791670 
1044.000000	0.790344 
1042.000000	0.786516 
1040.000000	0.780520 
1038.000000	0.775679 
1036.000000	0.770556 
1034.000000	0.765804 
1032.000000	0.761084 
1030.000000	0.752071 
1028.000000	0.743896 
1026.000000	0.738277 
1024.000000	0.730215 
1022.000000	0.721371 
1020.000000	0.712633 
1018.000000	0.701986 
1016.000000	0.690348 
1014.000000	0.679820 
1012.000000	0.668943 
1010.000000	0.657681 
1008.000000	0.647072 
1006.000000	0.635183 
1004.000000	0.623115 
1002.000000	0.612071 
1000.000000	0.600342 
998.000000	 0.589140 
996.000000	 0.579228 
994.000000	 0.570300 
992.000000	 0.564155 
990.000000	 0.559996 
988.000000	 0.557737 
986.000000	 0.558912 
984.000000	 0.562792 
982.000000	 0.567949 
980.000000	 0.573094 
978.000000	 0.576614 
976.000000	 0.576734 
974.000000	 0.572448 
972.000000	 0.564769 
970.000000	 0.553842 
968.000000	 0.541655 
966.000000	 0.530735 
964.000000	 0.521306 
962.000000	 0.513514 
960.000000	 0.508642 
958.000000	 0.504878 
956.000000	 0.501162 
954.000000	 0.498441 
952.000000	 0.496628 
950.000000	 0.496857 
948.000000	 0.499690 
946.000000	 0.503561 
944.000000	 0.508417 
942.000000	 0.514078 
940.000000	 0.518811 
938.000000	 0.522277 
936.000000	 0.524237 
934.000000	 0.524052 
932.000000	 0.523011 
930.000000	 0.521455 
928.000000	 0.518678 
926.000000	 0.516959 
924.000000	 0.518523 
922.000000	 0.523311 
920.000000	 0.531270 
918.000000	 0.542792 
916.000000	 0.553997 
914.000000	 0.561868 
912.000000	 0.567118 
910.000000	 0.571694 
908.000000	 0.576684 
906.000000	 0.577642 
904.000000	 0.570757 
902.000000	 0.562137 
900.000000	 0.553739 
898.000000	 0.542048 
896.000000	 0.528599 
894.000000	 0.515680 
892.000000	 0.503026 
890.000000	 0.493117 
888.000000	 0.486513 
886.000000	 0.481902 
884.000000	 0.480039 
882.000000	 0.480930 
880.000000	 0.482642 
878.000000	 0.484600 
876.000000	 0.487691 
874.000000	 0.490916 
872.000000	 0.494853 
870.000000	 0.498888 
868.000000	 0.501164 
866.000000	 0.503130 
864.000000	 0.505287 
862.000000	 0.504972 
860.000000	 0.503460 
858.000000	 0.502397 
856.000000	 0.500627 
854.000000	 0.499051 
852.000000	 0.498321 
850.000000	 0.496568 
848.000000	 0.494932 
846.000000	 0.494824 
844.000000	 0.494501 
842.000000	 0.493883 
840.000000	 0.493983 
838.000000	 0.492973 
836.000000	 0.489910 
834.000000	 0.486026 
832.000000	 0.481578 
830.000000	 0.475844 
828.000000	 0.469497 
826.000000	 0.461865 
824.000000	 0.453853 
822.000000	 0.447750 
820.000000	 0.441397 
818.000000	 0.434881 
816.000000	 0.429993 
814.000000	 0.425295 
812.000000	 0.420417 
810.000000	 0.416094 
808.000000	 0.412142 
806.000000	 0.408093 
804.000000	 0.404307 
802.000000	 0.399199 
800.000000	 0.393204 
798.000000	 0.388034 
796.000000	 0.382197 
794.000000	 0.375122 
792.000000	 0.368340 
790.000000	 0.361352 
788.000000	 0.353930 
786.000000	 0.347147 
784.000000	 0.339671 
782.000000	 0.332167 
780.000000	 0.325247 
778.000000	 0.318097 
776.000000	 0.311003 
774.000000	 0.304591 
772.000000	 0.298962 
770.000000	 0.293335 
768.000000	 0.287850 
766.000000	 0.282247 
764.000000	 0.277760 
762.000000	 0.273792 
760.000000	 0.270295 
758.000000	 0.267655 
756.000000	 0.265730 
754.000000	 0.263867 
752.000000	 0.262095 
750.000000	 0.261211 
748.000000	 0.260853 
746.000000	 0.261121 
744.000000	 0.262398 
742.000000	 0.263614 
740.000000	 0.266510 
738.000000	 0.271092 
736.000000	 0.274677 
734.000000	 0.277221 
732.000000	 0.280319 
730.000000	 0.284442 
728.000000	 0.289342 
726.000000	 0.295111 
724.000000	 0.300734 
722.000000	 0.306282 
720.000000	 0.312511 
718.000000	 0.318288 
716.000000	 0.322936 
714.000000	 0.327829 
712.000000	 0.332096 
710.000000	 0.336440 
708.000000	 0.341057 
706.000000	 0.344382 
704.000000	 0.347889 
702.000000	 0.352896 
700.000000	 0.355986 
698.000000	 0.358842 
696.000000	 0.363926 
694.000000	 0.369563 
692.000000	 0.375653 
690.000000	 0.383931 
688.000000	 0.393056 
686.000000	 0.402830 
684.000000	 0.413409 
682.000000	 0.422454 
680.000000	 0.430999 
678.000000	 0.441877 
676.000000	 0.452636 
674.000000	 0.461059 
672.000000	 0.468772 
670.000000	 0.475854 
668.000000	 0.480623 
666.000000	 0.475293 
664.000000	 0.466862 
662.000000	 0.457398 
660.000000	 0.449968 
658.000000	 0.444499 
656.000000	 0.438786 
654.000000	 0.434351 
652.000000	 0.432073 
650.000000	 0.432695 
648.000000	 0.436945 
646.000000	 0.442395 
644.000000	 0.448573 
642.000000	 0.456546 
640.000000	 0.464909 
638.000000	 0.473887 
636.000000	 0.485422 
634.000000	 0.496567 
632.000000	 0.506028 
630.000000	 0.513216 
628.000000	 0.514038 
626.000000	 0.506144 
624.000000	 0.488423 
622.000000	 0.460674 
620.000000	 0.427394 
618.000000	 0.393294 
616.000000	 0.357698 
614.000000	 0.323133 
612.000000	 0.293757 
610.000000	 0.269964 
608.000000	 0.248943 
606.000000	 0.229637 
604.000000	 0.212607 
602.000000	 0.198950 
600.000000	 0.188801 
598.000000	 0.178274 
596.000000	 0.167737 
594.000000	 0.159194 
592.000000	 0.151613 
590.000000	 0.145176 
588.000000	 0.139812 
586.000000	 0.134419 
584.000000	 0.128776 
582.000000	 0.123090 
580.000000	 0.118552 
578.000000	 0.113071 
576.000000	 0.107203 
574.000000	 0.102208 
572.000000	 0.096457 
570.000000	 0.090230 
568.000000	 0.085216 
566.000000	 0.081977 
564.000000	 0.079184 
562.000000	 0.075330 
560.000000	 0.071080 
558.000000	 0.066920 
556.000000	 0.062650 
554.000000	 0.059470 
552.000000	 0.057910 
550.000000	 0.057020 
548.000000	 0.055634 
546.000000	 0.053626 
544.000000	 0.050533 
542.000000	 0.047489 
540.000000	 0.045561 
538.000000	 0.044104 
536.000000	 0.042244 
534.000000	 0.041025 
532.000000	 0.039755 
530.000000	 0.038495 
528.000000	 0.037468 
526.000000	 0.036400 
524.000000	 0.035842 
522.000000	 0.036133 
520.000000	 0.035563 
518.000000	 0.035308 
516.000000	 0.037671 
514.000000	 0.040543 
512.000000	 0.041584 
510.000000	 0.042287 
508.000000	 0.042954 
506.000000	 0.042439 
504.000000	 0.040582 
502.000000	 0.038686 
500.000000	 0.038563 
498.000000	 0.039010 
496.000000	 0.038845 
494.000000	 0.037399 
492.000000	 0.036717 
490.000000	 0.036341 
488.000000	 0.035791 
486.000000	 0.035325 
484.000000	 0.034663 
482.000000	 0.033775 
480.000000	 0.034367 
478.000000	 0.034624 
476.000000	 0.033272 
474.000000	 0.031624 
472.000000	 0.030956 
470.000000	 0.030623 
468.000000	 0.030096 
466.000000	 0.029552 
464.000000	 0.028453 
462.000000	 0.027863 
460.000000	 0.025911 
458.000000	 0.022893 
456.000000	 0.025109 
454.000000	 0.027425 
452.000000	 0.026499 
450.000000	 0.025092 

