4400.000000	1.308855 
4398.000000	1.308988 
4396.000000	1.316684 
4394.000000	1.314880 
4392.000000	1.311015 
4390.000000	1.313625 
4388.000000	1.316156 
4386.000000	1.326345 
4384.000000	1.331487 
4382.000000	1.318574 
4380.000000	1.310505 
4378.000000	1.319360 
4376.000000	1.326213 
4374.000000	1.330912 
4372.000000	1.334009 
4370.000000	1.329340 
4368.000000	1.328347 
4366.000000	1.327895 
4364.000000	1.324417 
4362.000000	1.320781 
4360.000000	1.314470 
4358.000000	1.308334 
4356.000000	1.312297 
4354.000000	1.322856 
4352.000000	1.320638 
4350.000000	1.315205 
4348.000000	1.317304 
4346.000000	1.313768 
4344.000000	1.311121 
4342.000000	1.319405 
4340.000000	1.320961 
4338.000000	1.311125 
4336.000000	1.313785 
4334.000000	1.327736 
4332.000000	1.332234 
4330.000000	1.333946 
4328.000000	1.329756 
4326.000000	1.318215 
4324.000000	1.316053 
4322.000000	1.315879 
4320.000000	1.310687 
4318.000000	1.312994 
4316.000000	1.311683 
4314.000000	1.311734 
4312.000000	1.326075 
4310.000000	1.325553 
4308.000000	1.310860 
4306.000000	1.305315 
4304.000000	1.309199 
4302.000000	1.313676 
4300.000000	1.319248 
4298.000000	1.325030 
4296.000000	1.321705 
4294.000000	1.322793 
4292.000000	1.329749 
4290.000000	1.328029 
4288.000000	1.322525 
4286.000000	1.315168 
4284.000000	1.314679 
4282.000000	1.323012 
4280.000000	1.329323 
4278.000000	1.325643 
4276.000000	1.320621 
4274.000000	1.314448 
4272.000000	1.302655 
4270.000000	1.303016 
4268.000000	1.311677 
4266.000000	1.310304 
4264.000000	1.309720 
4262.000000	1.318572 
4260.000000	1.323605 
4258.000000	1.322610 
4256.000000	1.322431 
4254.000000	1.316119 
4252.000000	1.311933 
4250.000000	1.314561 
4248.000000	1.317117 
4246.000000	1.322845 
4244.000000	1.327369 
4242.000000	1.325871 
4240.000000	1.320093 
4238.000000	1.318176 
4236.000000	1.318628 
4234.000000	1.316514 
4232.000000	1.313214 
4230.000000	1.306102 
4228.000000	1.301355 
4226.000000	1.308728 
4224.000000	1.318169 
4222.000000	1.320272 
4220.000000	1.320827 
4218.000000	1.315802 
4216.000000	1.312892 
4214.000000	1.319064 
4212.000000	1.316690 
4210.000000	1.309462 
4208.000000	1.316883 
4206.000000	1.326147 
4204.000000	1.327092 
4202.000000	1.324435 
4200.000000	1.314579 
4198.000000	1.306051 
4196.000000	1.311443 
4194.000000	1.314465 
4192.000000	1.309298 
4190.000000	1.309260 
4188.000000	1.305459 
4186.000000	1.301884 
4184.000000	1.309625 
4182.000000	1.313648 
4180.000000	1.305304 
4178.000000	1.301866 
4176.000000	1.303383 
4174.000000	1.310039 
4172.000000	1.323799 
4170.000000	1.328135 
4168.000000	1.323773 
4166.000000	1.322479 
4164.000000	1.320086 
4162.000000	1.313446 
4160.000000	1.310687 
4158.000000	1.310517 
4156.000000	1.306487 
4154.000000	1.308010 
4152.000000	1.316366 
4150.000000	1.317526 
4148.000000	1.313557 
4146.000000	1.310395 
4144.000000	1.306364 
4142.000000	1.301932 
4140.000000	1.302376 
4138.000000	1.303414 
4136.000000	1.304358 
4134.000000	1.308886 
4132.000000	1.311655 
4130.000000	1.319105 
4128.000000	1.321899 
4126.000000	1.313569 
4124.000000	1.308509 
4122.000000	1.315335 
4120.000000	1.317685 
4118.000000	1.312847 
4116.000000	1.313086 
4114.000000	1.309595 
4112.000000	1.308193 
4110.000000	1.313812 
4108.000000	1.310439 
4106.000000	1.296890 
4104.000000	1.291925 
4102.000000	1.297794 
4100.000000	1.299980 
4098.000000	1.303041 
4096.000000	1.308865 
4094.000000	1.310183 
4092.000000	1.309908 
4090.000000	1.308676 
4088.000000	1.307743 
4086.000000	1.310354 
4084.000000	1.312122 
4082.000000	1.307937 
4080.000000	1.311711 
4078.000000	1.320554 
4076.000000	1.315946 
4074.000000	1.309346 
4072.000000	1.305763 
4070.000000	1.298946 
4068.000000	1.296359 
4066.000000	1.297977 
4064.000000	1.297416 
4062.000000	1.300480 
4060.000000	1.305085 
4058.000000	1.304989 
4056.000000	1.308398 
4054.000000	1.305423 
4052.000000	1.293947 
4050.000000	1.294615 
4048.000000	1.303447 
4046.000000	1.306410 
4044.000000	1.307054 
4042.000000	1.310280 
4040.000000	1.312239 
4038.000000	1.312886 
4036.000000	1.314034 
4034.000000	1.307829 
4032.000000	1.298051 
4030.000000	1.296681 
4028.000000	1.299490 
4026.000000	1.301687 
4024.000000	1.301807 
4022.000000	1.297880 
4020.000000	1.297750 
4018.000000	1.300374 
4016.000000	1.298425 
4014.000000	1.297091 
4012.000000	1.298073 
4010.000000	1.296550 
4008.000000	1.298804 
4006.000000	1.307211 
4004.000000	1.305348 
4002.000000	1.301496 
4000.000000	1.308324 
3998.000000	1.311573 
3996.000000	1.307972 
3994.000000	1.304414 
3992.000000	1.301824 
3990.000000	1.301725 
3988.000000	1.303025 
3986.000000	1.303476 
3984.000000	1.301702 
3982.000000	1.298660 
3980.000000	1.292639 
3978.000000	1.290243 
3976.000000	1.295733 
3974.000000	1.298540 
3972.000000	1.297691 
3970.000000	1.301505 
3968.000000	1.307443 
3966.000000	1.307249 
3964.000000	1.307100 
3962.000000	1.305901 
3960.000000	1.298759 
3958.000000	1.300145 
3956.000000	1.305411 
3954.000000	1.302218 
3952.000000	1.305118 
3950.000000	1.309695 
3948.000000	1.305070 
3946.000000	1.305231 
3944.000000	1.307440 
3942.000000	1.297056 
3940.000000	1.289365 
3938.000000	1.289282 
3936.000000	1.288364 
3934.000000	1.296349 
3932.000000	1.304500 
3930.000000	1.303545 
3928.000000	1.301635 
3926.000000	1.304976 
3924.000000	1.302663 
3922.000000	1.297516 
3920.000000	1.299976 
3918.000000	1.304210 
3916.000000	1.310712 
3914.000000	1.314175 
3912.000000	1.311513 
3910.000000	1.304763 
3908.000000	1.298594 
3906.000000	1.299127 
3904.000000	1.302160 
3902.000000	1.301057 
3900.000000	1.299175 
3898.000000	1.293143 
3896.000000	1.291906 
3894.000000	1.290989 
3892.000000	1.292472 
3890.000000	1.292541 
3888.000000	1.288574 
3886.000000	1.292578 
3884.000000	1.293896 
3882.000000	1.303004 
3880.000000	1.310443 
3878.000000	1.301036 
3876.000000	1.298168 
3874.000000	1.301113 
3872.000000	1.302366 
3870.000000	1.308636 
3868.000000	1.292363 
3866.000000	1.293322 
3864.000000	1.298689 
3862.000000	1.294283 
3860.000000	1.296900 
3858.000000	1.293863 
3856.000000	1.284608 
3854.000000	1.304195 
3852.000000	1.310016 
3850.000000	1.292271 
3848.000000	1.285762 
3846.000000	1.289415 
3844.000000	1.293544 
3842.000000	1.296536 
3840.000000	1.305520 
3838.000000	1.312743 
3836.000000	1.308120 
3834.000000	1.298503 
3832.000000	1.296390 
3830.000000	1.296857 
3828.000000	1.297134 
3826.000000	1.292472 
3824.000000	1.286650 
3822.000000	1.302825 
3820.000000	1.297048 
3818.000000	1.292692 
3816.000000	1.304383 
3814.000000	1.288338 
3812.000000	1.281661 
3810.000000	1.281909 
3808.000000	1.290033 
3806.000000	1.292229 
3804.000000	1.286586 
3802.000000	1.296365 
3800.000000	1.296716 
3798.000000	1.299152 
3796.000000	1.300699 
3794.000000	1.294822 
3792.000000	1.293523 
3790.000000	1.291850 
3788.000000	1.293478 
3786.000000	1.303160 
3784.000000	1.303672 
3782.000000	1.288163 
3780.000000	1.284181 
3778.000000	1.286971 
3776.000000	1.285115 
3774.000000	1.282672 
3772.000000	1.284512 
3770.000000	1.289631 
3768.000000	1.288272 
3766.000000	1.294769 
3764.000000	1.294136 
3762.000000	1.289157 
3760.000000	1.283646 
3758.000000	1.281907 
3756.000000	1.290198 
3754.000000	1.293959 
3752.000000	1.302387 
3750.000000	1.315162 
3748.000000	1.305859 
3746.000000	1.302492 
3744.000000	1.318049 
3742.000000	1.298297 
3740.000000	1.280508 
3738.000000	1.278111 
3736.000000	1.288791 
3734.000000	1.295430 
3732.000000	1.298246 
3730.000000	1.289417 
3728.000000	1.284175 
3726.000000	1.288481 
3724.000000	1.292099 
3722.000000	1.289758 
3720.000000	1.283940 
3718.000000	1.281481 
3716.000000	1.282656 
3714.000000	1.297974 
3712.000000	1.316342 
3710.000000	1.311645 
3708.000000	1.302177 
3706.000000	1.297457 
3704.000000	1.291825 
3702.000000	1.296044 
3700.000000	1.302912 
3698.000000	1.297024 
3696.000000	1.290520 
3694.000000	1.288908 
3692.000000	1.292769 
3690.000000	1.298938 
3688.000000	1.302158 
3686.000000	1.291489 
3684.000000	1.290586 
3682.000000	1.298756 
3680.000000	1.296870 
3678.000000	1.297217 
3676.000000	1.315160 
3674.000000	1.305300 
3672.000000	1.299313 
3670.000000	1.317560 
3668.000000	1.315205 
3666.000000	1.303564 
3664.000000	1.300348 
3662.000000	1.305344 
3660.000000	1.312781 
3658.000000	1.317864 
3656.000000	1.313567 
3654.000000	1.299305 
3652.000000	1.296466 
3650.000000	1.306295 
3648.000000	1.306991 
3646.000000	1.300250 
3644.000000	1.294720 
3642.000000	1.292054 
3640.000000	1.303560 
3638.000000	1.310934 
3636.000000	1.305698 
3634.000000	1.302443 
3632.000000	1.296515 
3630.000000	1.307398 
3628.000000	1.320290 
3626.000000	1.312072 
3624.000000	1.304074 
3622.000000	1.306305 
3620.000000	1.316306 
3618.000000	1.315821 
3616.000000	1.309955 
3614.000000	1.304617 
3612.000000	1.296312 
3610.000000	1.298530 
3608.000000	1.302960 
3606.000000	1.297744 
3604.000000	1.297432 
3602.000000	1.298820 
3600.000000	1.291511 
3598.000000	1.295306 
3596.000000	1.305526 
3594.000000	1.302601 
3592.000000	1.295112 
3590.000000	1.300817 
3588.000000	1.314788 
3586.000000	1.314741 
3584.000000	1.310350 
3582.000000	1.307375 
3580.000000	1.304074 
3578.000000	1.303685 
3576.000000	1.301086 
3574.000000	1.302626 
3572.000000	1.303331 
3570.000000	1.297272 
3568.000000	1.302314 
3566.000000	1.310913 
3564.000000	1.304168 
3562.000000	1.298468 
3560.000000	1.297974 
3558.000000	1.293880 
3556.000000	1.294016 
3554.000000	1.302237 
3552.000000	1.309427 
3550.000000	1.308872 
3548.000000	1.310369 
3546.000000	1.310625 
3544.000000	1.310519 
3542.000000	1.310723 
3540.000000	1.299949 
3538.000000	1.293851 
3536.000000	1.296415 
3534.000000	1.299792 
3532.000000	1.300430 
3530.000000	1.298674 
3528.000000	1.298400 
3526.000000	1.295522 
3524.000000	1.299938 
3522.000000	1.298396 
3520.000000	1.291361 
3518.000000	1.293190 
3516.000000	1.295406 
3514.000000	1.295956 
3512.000000	1.303772 
3510.000000	1.308872 
3508.000000	1.302432 
3506.000000	1.302565 
3504.000000	1.302950 
3502.000000	1.300184 
3500.000000	1.306395 
3498.000000	1.307951 
3496.000000	1.303553 
3494.000000	1.304425 
3492.000000	1.306248 
3490.000000	1.298905 
3488.000000	1.291712 
3486.000000	1.293157 
3484.000000	1.292962 
3482.000000	1.295439 
3480.000000	1.296747 
3478.000000	1.295692 
3476.000000	1.297358 
3474.000000	1.296386 
3472.000000	1.296282 
3470.000000	1.299222 
3468.000000	1.298567 
3466.000000	1.296101 
3464.000000	1.299903 
3462.000000	1.306584 
3460.000000	1.304364 
3458.000000	1.305989 
3456.000000	1.310682 
3454.000000	1.302391 
3452.000000	1.292938 
3450.000000	1.295253 
3448.000000	1.294887 
3446.000000	1.289456 
3444.000000	1.292574 
3442.000000	1.294771 
3440.000000	1.293715 
3438.000000	1.295839 
3436.000000	1.293436 
3434.000000	1.292515 
3432.000000	1.293611 
3430.000000	1.288204 
3428.000000	1.285994 
3426.000000	1.291985 
3424.000000	1.295661 
3422.000000	1.298452 
3420.000000	1.303555 
3418.000000	1.300472 
3416.000000	1.296909 
3414.000000	1.297327 
3412.000000	1.294032 
3410.000000	1.292103 
3408.000000	1.292925 
3406.000000	1.292156 
3404.000000	1.288700 
3402.000000	1.288336 
3400.000000	1.289545 
3398.000000	1.286574 
3396.000000	1.283322 
3394.000000	1.282164 
3392.000000	1.283644 
3390.000000	1.290449 
3388.000000	1.294697 
3386.000000	1.290560 
3384.000000	1.292217 
3382.000000	1.295420 
3380.000000	1.291084 
3378.000000	1.291424 
3376.000000	1.294740 
3374.000000	1.290065 
3372.000000	1.286889 
3370.000000	1.292326 
3368.000000	1.291704 
3366.000000	1.290959 
3364.000000	1.289377 
3362.000000	1.284881 
3360.000000	1.284943 
3358.000000	1.282232 
3356.000000	1.278884 
3354.000000	1.281107 
3352.000000	1.281431 
3350.000000	1.278819 
3348.000000	1.283968 
3346.000000	1.293379 
3344.000000	1.289637 
3342.000000	1.281380 
3340.000000	1.281499 
3338.000000	1.284432 
3336.000000	1.286152 
3334.000000	1.288077 
3332.000000	1.289938 
3330.000000	1.287976 
3328.000000	1.291056 
3326.000000	1.290882 
3324.000000	1.285202 
3322.000000	1.282148 
3320.000000	1.276067 
3318.000000	1.272444 
3316.000000	1.274200 
3314.000000	1.278209 
3312.000000	1.280542 
3310.000000	1.283465 
3308.000000	1.278543 
3306.000000	1.274697 
3304.000000	1.282938 
3302.000000	1.283165 
3300.000000	1.277348 
3298.000000	1.277885 
3296.000000	1.281635 
3294.000000	1.283847 
3292.000000	1.283883 
3290.000000	1.282841 
3288.000000	1.279654 
3286.000000	1.278372 
3284.000000	1.277211 
3282.000000	1.277644 
3280.000000	1.277828 
3278.000000	1.272822 
3276.000000	1.269769 
3274.000000	1.273802 
3272.000000	1.277593 
3270.000000	1.269199 
3268.000000	1.262012 
3266.000000	1.261377 
3264.000000	1.261602 
3262.000000	1.269584 
3260.000000	1.277983 
3258.000000	1.277995 
3256.000000	1.277773 
3254.000000	1.280476 
3252.000000	1.278799 
3250.000000	1.280125 
3248.000000	1.278150 
3246.000000	1.266542 
3244.000000	1.267233 
3242.000000	1.275493 
3240.000000	1.274596 
3238.000000	1.272978 
3236.000000	1.274664 
3234.000000	1.274678 
3232.000000	1.272764 
3230.000000	1.270022 
3228.000000	1.265133 
3226.000000	1.262812 
3224.000000	1.263563 
3222.000000	1.269904 
3220.000000	1.276552 
3218.000000	1.275887 
3216.000000	1.273866 
3214.000000	1.271395 
3212.000000	1.269271 
3210.000000	1.269659 
3208.000000	1.269036 
3206.000000	1.268722 
3204.000000	1.266173 
3202.000000	1.265406 
3200.000000	1.272024 
3198.000000	1.273267 
3196.000000	1.266313 
3194.000000	1.263525 
3192.000000	1.260601 
3190.000000	1.256068 
3188.000000	1.260610 
3186.000000	1.267195 
3184.000000	1.264088 
3182.000000	1.260952 
3180.000000	1.261918 
3178.000000	1.263983 
3176.000000	1.264017 
3174.000000	1.262247 
3172.000000	1.263056 
3170.000000	1.266680 
3168.000000	1.266393 
3166.000000	1.267718 
3164.000000	1.272142 
3162.000000	1.268215 
3160.000000	1.260178 
3158.000000	1.260250 
3156.000000	1.263478 
3154.000000	1.259952 
3152.000000	1.255816 
3150.000000	1.256743 
3148.000000	1.257460 
3146.000000	1.259798 
3144.000000	1.262362 
3142.000000	1.257990 
3140.000000	1.255947 
3138.000000	1.257756 
3136.000000	1.255246 
3134.000000	1.255854 
3132.000000	1.262433 
3130.000000	1.260678 
3128.000000	1.259922 
3126.000000	1.265885 
3124.000000	1.267824 
3122.000000	1.266040 
3120.000000	1.262535 
3118.000000	1.256674 
3116.000000	1.253685 
3114.000000	1.253815 
3112.000000	1.253080 
3110.000000	1.253620 
3108.000000	1.253525 
3106.000000	1.248253 
3104.000000	1.248455 
3102.000000	1.251708 
3100.000000	1.253127 
3098.000000	1.252685 
3096.000000	1.251402 
3094.000000	1.250767 
3092.000000	1.254806 
3090.000000	1.260233 
3088.000000	1.255706 
3086.000000	1.249215 
3084.000000	1.253490 
3082.000000	1.256298 
3080.000000	1.254414 
3078.000000	1.255787 
3076.000000	1.256790 
3074.000000	1.250310 
3072.000000	1.247566 
3070.000000	1.250286 
3068.000000	1.246348 
3066.000000	1.240788 
3064.000000	1.238016 
3062.000000	1.243912 
3060.000000	1.253537 
3058.000000	1.251533 
3056.000000	1.245787 
3054.000000	1.251620 
3052.000000	1.254401 
3050.000000	1.248864 
3048.000000	1.250606 
3046.000000	1.250995 
3044.000000	1.244287 
3042.000000	1.242969 
3040.000000	1.247705 
3038.000000	1.252934 
3036.000000	1.254780 
3034.000000	1.250380 
3032.000000	1.242021 
3030.000000	1.241573 
3028.000000	1.244583 
3026.000000	1.241553 
3024.000000	1.237116 
3022.000000	1.235235 
3020.000000	1.238333 
3018.000000	1.244799 
3016.000000	1.249772 
3014.000000	1.248141 
3012.000000	1.244959 
3010.000000	1.244545 
3008.000000	1.240460 
3006.000000	1.241584 
3004.000000	1.247247 
3002.000000	1.244734 
3000.000000	1.243488 
2998.000000	1.247774 
2996.000000	1.246159 
2994.000000	1.242166 
2992.000000	1.241797 
2990.000000	1.238934 
2988.000000	1.242417 
2986.000000	1.246024 
2984.000000	1.240410 
2982.000000	1.237597 
2980.000000	1.238884 
2978.000000	1.238455 
2976.000000	1.239302 
2974.000000	1.243923 
2972.000000	1.241969 
2970.000000	1.238362 
2968.000000	1.244078 
2966.000000	1.250190 
2964.000000	1.251827 
2962.000000	1.250116 
2960.000000	1.248908 
2958.000000	1.247591 
2956.000000	1.244894 
2954.000000	1.241191 
2952.000000	1.238771 
2950.000000	1.244383 
2948.000000	1.243165 
2946.000000	1.236179 
2944.000000	1.238514 
2942.000000	1.240522 
2940.000000	1.234436 
2938.000000	1.233287 
2936.000000	1.240307 
2934.000000	1.239521 
2932.000000	1.242526 
2930.000000	1.250295 
2928.000000	1.249877 
2926.000000	1.251293 
2924.000000	1.255885 
2922.000000	1.256264 
2920.000000	1.251186 
2918.000000	1.247041 
2916.000000	1.246025 
2914.000000	1.244768 
2912.000000	1.242316 
2910.000000	1.236996 
2908.000000	1.235172 
2906.000000	1.234795 
2904.000000	1.233358 
2902.000000	1.236081 
2900.000000	1.235804 
2898.000000	1.229202 
2896.000000	1.226634 
2894.000000	1.233099 
2892.000000	1.234253 
2890.000000	1.232492 
2888.000000	1.236446 
2886.000000	1.233608 
2884.000000	1.231142 
2882.000000	1.233827 
2880.000000	1.233475 
2878.000000	1.231830 
2876.000000	1.232386 
2874.000000	1.232186 
2872.000000	1.232448 
2870.000000	1.232734 
2868.000000	1.226429 
2866.000000	1.223935 
2864.000000	1.230759 
2862.000000	1.228996 
2860.000000	1.222600 
2858.000000	1.225451 
2856.000000	1.230054 
2854.000000	1.228821 
2852.000000	1.226697 
2850.000000	1.224079 
2848.000000	1.222810 
2846.000000	1.223845 
2844.000000	1.224753 
2842.000000	1.225488 
2840.000000	1.228404 
2838.000000	1.229102 
2836.000000	1.226722 
2834.000000	1.230735 
2832.000000	1.232405 
2830.000000	1.223140 
2828.000000	1.218792 
2826.000000	1.220081 
2824.000000	1.217299 
2822.000000	1.215784 
2820.000000	1.218317 
2818.000000	1.216105 
2816.000000	1.214754 
2814.000000	1.217941 
2812.000000	1.218169 
2810.000000	1.217072 
2808.000000	1.212264 
2806.000000	1.210461 
2804.000000	1.214250 
2802.000000	1.216610 
2800.000000	1.219601 
2798.000000	1.224558 
2796.000000	1.224383 
2794.000000	1.218821 
2792.000000	1.222409 
2790.000000	1.224740 
2788.000000	1.217393 
2786.000000	1.212846 
2784.000000	1.213086 
2782.000000	1.212086 
2780.000000	1.209883 
2778.000000	1.212787 
2776.000000	1.211781 
2774.000000	1.202986 
2772.000000	1.203871 
2770.000000	1.208263 
2768.000000	1.212031 
2766.000000	1.210725 
2764.000000	1.208678 
2762.000000	1.212757 
2760.000000	1.217642 
2758.000000	1.215501 
2756.000000	1.210525 
2754.000000	1.212167 
2752.000000	1.212353 
2750.000000	1.213360 
2748.000000	1.217859 
2746.000000	1.214068 
2744.000000	1.206779 
2742.000000	1.206216 
2740.000000	1.207765 
2738.000000	1.205062 
2736.000000	1.204689 
2734.000000	1.202956 
2732.000000	1.198413 
2730.000000	1.201684 
2728.000000	1.208457 
2726.000000	1.212686 
2724.000000	1.213139 
2722.000000	1.211040 
2720.000000	1.208387 
2718.000000	1.208578 
2716.000000	1.210407 
2714.000000	1.208626 
2712.000000	1.207279 
2710.000000	1.207770 
2708.000000	1.206009 
2706.000000	1.205431 
2704.000000	1.207491 
2702.000000	1.204636 
2700.000000	1.200992 
2698.000000	1.199737 
2696.000000	1.197427 
2694.000000	1.198758 
2692.000000	1.199085 
2690.000000	1.196423 
2688.000000	1.199491 
2686.000000	1.201357 
2684.000000	1.196838 
2682.000000	1.198011 
2680.000000	1.201744 
2678.000000	1.195451 
2676.000000	1.195901 
2674.000000	1.204798 
2672.000000	1.205807 
2670.000000	1.202373 
2668.000000	1.201759 
2666.000000	1.203029 
2664.000000	1.200801 
2662.000000	1.199324 
2660.000000	1.198627 
2658.000000	1.198365 
2656.000000	1.197102 
2654.000000	1.193688 
2652.000000	1.195830 
2650.000000	1.198921 
2648.000000	1.193603 
2646.000000	1.188876 
2644.000000	1.189612 
2642.000000	1.190987 
2640.000000	1.191421 
2638.000000	1.196933 
2636.000000	1.197618 
2634.000000	1.194707 
2632.000000	1.199726 
2630.000000	1.201736 
2628.000000	1.197821 
2626.000000	1.195565 
2624.000000	1.194151 
2622.000000	1.189476 
2620.000000	1.188596 
2618.000000	1.192334 
2616.000000	1.192389 
2614.000000	1.191624 
2612.000000	1.188350 
2610.000000	1.186909 
2608.000000	1.188499 
2606.000000	1.184722 
2604.000000	1.181852 
2602.000000	1.185247 
2600.000000	1.189673 
2598.000000	1.192313 
2596.000000	1.196960 
2594.000000	1.197758 
2592.000000	1.191087 
2590.000000	1.190526 
2588.000000	1.195120 
2586.000000	1.194043 
2584.000000	1.188112 
2582.000000	1.184908 
2580.000000	1.184551 
2578.000000	1.187849 
2576.000000	1.191836 
2574.000000	1.187195 
2572.000000	1.182887 
2570.000000	1.183119 
2568.000000	1.181110 
2566.000000	1.181046 
2564.000000	1.186589 
2562.000000	1.185756 
2560.000000	1.180439 
2558.000000	1.183681 
2556.000000	1.187827 
2554.000000	1.188798 
2552.000000	1.186455 
2550.000000	1.181407 
2548.000000	1.183651 
2546.000000	1.188596 
2544.000000	1.191075 
2542.000000	1.189719 
2540.000000	1.185488 
2538.000000	1.179020 
2536.000000	1.179369 
2534.000000	1.184960 
2532.000000	1.182087 
2530.000000	1.175497 
2528.000000	1.175789 
2526.000000	1.179687 
2524.000000	1.181180 
2522.000000	1.183961 
2520.000000	1.181200 
2518.000000	1.171541 
2516.000000	1.172091 
2514.000000	1.177860 
2512.000000	1.179708 
2510.000000	1.179312 
2508.000000	1.180685 
2506.000000	1.183685 
2504.000000	1.186325 
2502.000000	1.186490 
2500.000000	1.180726 
2498.000000	1.179544 
2496.000000	1.174340 
2494.000000	1.172162 
2492.000000	1.180124 
2490.000000	1.177966 
2488.000000	1.169634 
2486.000000	1.170346 
2484.000000	1.175601 
2482.000000	1.173429 
2480.000000	1.172067 
2478.000000	1.174319 
2476.000000	1.172444 
2474.000000	1.171590 
2472.000000	1.174783 
2470.000000	1.178890 
2468.000000	1.177300 
2466.000000	1.175280 
2464.000000	1.173529 
2462.000000	1.173053 
2460.000000	1.174540 
2458.000000	1.171521 
2456.000000	1.170519 
2454.000000	1.174843 
2452.000000	1.173549 
2450.000000	1.171140 
2448.000000	1.172030 
2446.000000	1.167581 
2444.000000	1.160901 
2442.000000	1.160972 
2440.000000	1.161886 
2438.000000	1.165365 
2436.000000	1.171268 
2434.000000	1.170352 
2432.000000	1.171441 
2430.000000	1.175355 
2428.000000	1.173956 
2426.000000	1.171624 
2424.000000	1.170852 
2422.000000	1.168599 
2420.000000	1.166915 
2418.000000	1.170251 
2416.000000	1.171653 
2414.000000	1.169216 
2412.000000	1.169135 
2410.000000	1.167777 
2408.000000	1.162301 
2406.000000	1.160877 
2404.000000	1.161171 
2402.000000	1.159546 
2400.000000	1.161434 
2398.000000	1.163589 
2396.000000	1.164422 
2394.000000	1.166292 
2392.000000	1.164982 
2390.000000	1.162695 
2388.000000	1.164528 
2386.000000	1.163699 
2384.000000	1.158988 
2382.000000	1.163081 
2380.000000	1.163192 
2378.000000	1.150996 
2376.000000	1.150069 
2374.000000	1.155438 
2372.000000	1.144804 
2370.000000	1.132907 
2368.000000	1.132261 
2366.000000	1.132759 
2364.000000	1.134237 
2362.000000	1.138644 
2360.000000	1.140716 
2358.000000	1.141825 
2356.000000	1.134592 
2354.000000	1.135987 
2352.000000	1.143952 
2350.000000	1.141980 
2348.000000	1.135371 
2346.000000	1.136057 
2344.000000	1.144970 
2342.000000	1.145176 
2340.000000	1.147692 
2338.000000	1.150592 
2336.000000	1.140418 
2334.000000	1.131491 
2332.000000	1.132580 
2330.000000	1.141369 
2328.000000	1.142711 
2326.000000	1.143470 
2324.000000	1.142488 
2322.000000	1.139948 
2320.000000	1.144862 
2318.000000	1.143033 
2316.000000	1.141071 
2314.000000	1.143795 
2312.000000	1.143556 
2310.000000	1.148179 
2308.000000	1.157557 
2306.000000	1.159935 
2304.000000	1.157727 
2302.000000	1.159644 
2300.000000	1.161961 
2298.000000	1.163358 
2296.000000	1.161263 
2294.000000	1.155655 
2292.000000	1.156236 
2290.000000	1.162326 
2288.000000	1.167937 
2286.000000	1.165849 
2284.000000	1.161742 
2282.000000	1.160375 
2280.000000	1.160555 
2278.000000	1.165873 
2276.000000	1.166842 
2274.000000	1.166026 
2272.000000	1.173071 
2270.000000	1.181382 
2268.000000	1.181205 
2266.000000	1.182137 
2264.000000	1.189910 
2262.000000	1.189082 
2260.000000	1.188571 
2258.000000	1.194391 
2256.000000	1.197848 
2254.000000	1.197445 
2252.000000	1.194522 
2250.000000	1.195792 
2248.000000	1.197660 
2246.000000	1.193099 
2244.000000	1.185027 
2242.000000	1.185655 
2240.000000	1.186263 
2238.000000	1.184938 
2236.000000	1.190593 
2234.000000	1.192798 
2232.000000	1.187868 
2230.000000	1.183534 
2228.000000	1.184941 
2226.000000	1.183130 
2224.000000	1.180891 
2222.000000	1.182320 
2220.000000	1.180456 
2218.000000	1.181915 
2216.000000	1.189508 
2214.000000	1.195394 
2212.000000	1.192052 
2210.000000	1.187579 
2208.000000	1.185731 
2206.000000	1.183541 
2204.000000	1.185536 
2202.000000	1.185931 
2200.000000	1.186680 
2198.000000	1.189361 
2196.000000	1.187852 
2194.000000	1.188168 
2192.000000	1.190860 
2190.000000	1.188205 
2188.000000	1.183163 
2186.000000	1.186099 
2184.000000	1.186759 
2182.000000	1.182252 
2180.000000	1.184168 
2178.000000	1.185030 
2176.000000	1.183501 
2174.000000	1.181748 
2172.000000	1.178110 
2170.000000	1.175159 
2168.000000	1.178222 
2166.000000	1.181966 
2164.000000	1.178462 
2162.000000	1.178965 
2160.000000	1.180978 
2158.000000	1.178765 
2156.000000	1.179040 
2154.000000	1.181576 
2152.000000	1.181508 
2150.000000	1.182288 
2148.000000	1.193850 
2146.000000	1.204349 
2144.000000	1.206179 
2142.000000	1.206879 
2140.000000	1.207625 
2138.000000	1.210518 
2136.000000	1.207603 
2134.000000	1.199503 
2132.000000	1.197781 
2130.000000	1.201469 
2128.000000	1.204946 
2126.000000	1.215330 
2124.000000	1.225591 
2122.000000	1.221554 
2120.000000	1.219377 
2118.000000	1.226804 
2116.000000	1.229411 
2114.000000	1.226706 
2112.000000	1.227115 
2110.000000	1.224409 
2108.000000	1.218581 
2106.000000	1.220903 
2104.000000	1.222072 
2102.000000	1.215025 
2100.000000	1.205976 
2098.000000	1.200817 
2096.000000	1.202410 
2094.000000	1.208594 
2092.000000	1.215988 
2090.000000	1.219365 
2088.000000	1.218734 
2086.000000	1.211629 
2084.000000	1.204672 
2082.000000	1.203801 
2080.000000	1.194736 
2078.000000	1.180130 
2076.000000	1.174789 
2074.000000	1.175099 
2072.000000	1.163716 
2070.000000	1.149920 
2068.000000	1.140103 
2066.000000	1.128443 
2064.000000	1.123516 
2062.000000	1.117799 
2060.000000	1.110337 
2058.000000	1.104330 
2056.000000	1.099856 
2054.000000	1.102202 
2052.000000	1.104812 
2050.000000	1.101857 
2048.000000	1.094159 
2046.000000	1.091670 
2044.000000	1.091886 
2042.000000	1.090337 
2040.000000	1.090405 
2038.000000	1.088729 
2036.000000	1.087277 
2034.000000	1.087047 
2032.000000	1.089375 
2030.000000	1.089982 
2028.000000	1.086760 
2026.000000	1.082479 
2024.000000	1.075637 
2022.000000	1.077584 
2020.000000	1.084869 
2018.000000	1.086512 
2016.000000	1.085848 
2014.000000	1.087026 
2012.000000	1.085659 
2010.000000	1.082723 
2008.000000	1.084609 
2006.000000	1.081135 
2004.000000	1.075636 
2002.000000	1.078724 
2000.000000	1.081340 
1998.000000	1.080552 
1996.000000	1.079377 
1994.000000	1.078034 
1992.000000	1.075810 
1990.000000	1.074951 
1988.000000	1.072867 
1986.000000	1.070617 
1984.000000	1.069826 
1982.000000	1.067636 
1980.000000	1.071392 
1978.000000	1.077315 
1976.000000	1.075791 
1974.000000	1.070808 
1972.000000	1.071353 
1970.000000	1.072634 
1968.000000	1.071246 
1966.000000	1.073408 
1964.000000	1.073655 
1962.000000	1.068160 
1960.000000	1.067014 
1958.000000	1.071348 
1956.000000	1.068306 
1954.000000	1.062118 
1952.000000	1.059960 
1950.000000	1.058216 
1948.000000	1.060668 
1946.000000	1.061304 
1944.000000	1.061238 
1942.000000	1.065779 
1940.000000	1.064232 
1938.000000	1.060101 
1936.000000	1.059839 
1934.000000	1.059435 
1932.000000	1.056761 
1930.000000	1.058940 
1928.000000	1.062384 
1926.000000	1.061012 
1924.000000	1.063241 
1922.000000	1.063362 
1920.000000	1.058037 
1918.000000	1.055974 
1916.000000	1.053201 
1914.000000	1.048621 
1912.000000	1.045350 
1910.000000	1.048255 
1908.000000	1.050804 
1906.000000	1.051185 
1904.000000	1.052665 
1902.000000	1.051761 
1900.000000	1.049931 
1898.000000	1.047898 
1896.000000	1.044860 
1894.000000	1.043041 
1892.000000	1.046568 
1890.000000	1.048698 
1888.000000	1.046633 
1886.000000	1.047949 
1884.000000	1.046953 
1882.000000	1.043945 
1880.000000	1.043502 
1878.000000	1.041639 
1876.000000	1.039339 
1874.000000	1.038382 
1872.000000	1.036891 
1870.000000	1.039753 
1868.000000	1.044767 
1866.000000	1.037533 
1864.000000	1.030397 
1862.000000	1.032064 
1860.000000	1.031768 
1858.000000	1.029826 
1856.000000	1.032696 
1854.000000	1.036969 
1852.000000	1.035800 
1850.000000	1.033669 
1848.000000	1.034433 
1846.000000	1.033280 
1844.000000	1.033574 
1842.000000	1.029350 
1840.000000	1.026476 
1838.000000	1.028883 
1836.000000	1.029881 
1834.000000	1.027945 
1832.000000	1.028423 
1830.000000	1.030116 
1828.000000	1.025867 
1826.000000	1.026894 
1824.000000	1.024743 
1822.000000	1.014234 
1820.000000	1.012977 
1818.000000	1.019437 
1816.000000	1.021201 
1814.000000	1.020208 
1812.000000	1.020620 
1810.000000	1.016135 
1808.000000	1.014557 
1806.000000	1.017423 
1804.000000	1.018270 
1802.000000	1.018763 
1800.000000	1.017235 
1798.000000	1.016906 
1796.000000	1.017361 
1794.000000	1.017658 
1792.000000	1.017251 
1790.000000	1.011026 
1788.000000	1.006793 
1786.000000	1.004788 
1784.000000	1.005275 
1782.000000	1.005834 
1780.000000	1.004372 
1778.000000	1.001884 
1776.000000	1.003468 
1774.000000	1.006059 
1772.000000	1.005288 
1770.000000	1.002869 
1768.000000	1.001489 
1766.000000	1.000728 
1764.000000	1.000513 
1762.000000	1.002748 
1760.000000	1.001933 
1758.000000	1.001469 
1756.000000	1.000711 
1754.000000	0.993615 
1752.000000	0.995449 
1750.000000	0.994332 
1748.000000	0.988216 
1746.000000	0.991285 
1744.000000	0.993693 
1742.000000	0.993539 
1740.000000	0.994206 
1738.000000	0.990202 
1736.000000	0.984818 
1734.000000	0.990646 
1732.000000	0.989371 
1730.000000	0.986455 
1728.000000	0.989292 
1726.000000	0.988107 
1724.000000	0.987057 
1722.000000	0.988816 
1720.000000	0.987369 
1718.000000	0.985187 
1716.000000	0.986315 
1714.000000	0.986024 
1712.000000	0.979067 
1710.000000	0.976074 
1708.000000	0.979476 
1706.000000	0.982428 
1704.000000	0.979369 
1702.000000	0.978904 
1700.000000	0.981618 
1698.000000	0.970142 
1696.000000	0.971000 
1694.000000	0.968348 
1692.000000	0.962840 
1690.000000	0.963476 
1688.000000	0.961857 
1686.000000	0.966021 
1684.000000	0.977760 
1682.000000	0.968496 
1680.000000	0.963357 
1678.000000	0.961484 
1676.000000	0.958913 
1674.000000	0.960611 
1672.000000	0.961613 
1670.000000	0.961395 
1668.000000	0.956726 
1666.000000	0.952922 
1664.000000	0.953763 
1662.000000	0.950994 
1660.000000	0.944476 
1658.000000	0.942392 
1656.000000	0.940591 
1654.000000	0.950255 
1652.000000	0.956286 
1650.000000	0.945506 
1648.000000	0.944002 
1646.000000	0.945068 
1644.000000	0.942166 
1642.000000	0.939746 
1640.000000	0.937302 
1638.000000	0.933834 
1636.000000	0.943607 
1634.000000	0.948104 
1632.000000	0.940207 
1630.000000	0.937570 
1628.000000	0.935608 
1626.000000	0.930225 
1624.000000	0.931038 
1622.000000	0.929913 
1620.000000	0.922904 
1618.000000	0.922321 
1616.000000	0.928452 
1614.000000	0.926458 
1612.000000	0.926407 
1610.000000	0.925288 
1608.000000	0.919309 
1606.000000	0.917250 
1604.000000	0.917379 
1602.000000	0.916581 
1600.000000	0.914882 
1598.000000	0.913609 
1596.000000	0.911586 
1594.000000	0.911967 
1592.000000	0.915247 
1590.000000	0.912760 
1588.000000	0.906777 
1586.000000	0.902557 
1584.000000	0.903149 
1582.000000	0.905574 
1580.000000	0.903985 
1578.000000	0.902133 
1576.000000	0.903042 
1574.000000	0.897721 
1572.000000	0.893358 
1570.000000	0.899806 
1568.000000	0.899041 
1566.000000	0.889154 
1564.000000	0.888735 
1562.000000	0.894128 
1560.000000	0.908677 
1558.000000	0.910297 
1556.000000	0.897373 
1554.000000	0.891579 
1552.000000	0.888224 
1550.000000	0.888146 
1548.000000	0.884902 
1546.000000	0.882427 
1544.000000	0.883297 
1542.000000	0.888181 
1540.000000	0.900399 
1538.000000	0.893230 
1536.000000	0.877009 
1534.000000	0.873338 
1532.000000	0.875435 
1530.000000	0.870750 
1528.000000	0.869197 
1526.000000	0.871867 
1524.000000	0.870311 
1522.000000	0.871848 
1520.000000	0.874893 
1518.000000	0.873816 
1516.000000	0.869993 
1514.000000	0.863762 
1512.000000	0.860573 
1510.000000	0.859658 
1508.000000	0.869666 
1506.000000	0.877360 
1504.000000	0.865240 
1502.000000	0.857053 
1500.000000	0.855377 
1498.000000	0.855319 
1496.000000	0.857165 
1494.000000	0.850663 
1492.000000	0.843549 
1490.000000	0.849533 
1488.000000	0.852532 
1486.000000	0.848155 
1484.000000	0.844135 
1482.000000	0.843768 
1480.000000	0.841806 
1478.000000	0.840776 
1476.000000	0.844362 
1474.000000	0.846831 
1472.000000	0.849829 
1470.000000	0.843585 
1468.000000	0.839485 
1466.000000	0.843731 
1464.000000	0.843780 
1462.000000	0.835535 
1460.000000	0.831729 
1458.000000	0.839785 
1456.000000	0.840058 
1454.000000	0.830848 
1452.000000	0.829875 
1450.000000	0.828125 
1448.000000	0.825842 
1446.000000	0.823965 
1444.000000	0.821038 
1442.000000	0.818874 
1440.000000	0.817114 
1438.000000	0.818662 
1436.000000	0.821807 
1434.000000	0.817484 
1432.000000	0.812351 
1430.000000	0.813654 
1428.000000	0.812822 
1426.000000	0.805359 
1424.000000	0.801842 
1422.000000	0.801163 
1420.000000	0.802798 
1418.000000	0.803059 
1416.000000	0.800194 
1414.000000	0.797465 
1412.000000	0.793621 
1410.000000	0.791801 
1408.000000	0.790646 
1406.000000	0.787919 
1404.000000	0.785034 
1402.000000	0.781551 
1400.000000	0.780634 
1398.000000	0.781396 
1396.000000	0.781773 
1394.000000	0.781353 
1392.000000	0.777833 
1390.000000	0.774970 
1388.000000	0.775732 
1386.000000	0.775123 
1384.000000	0.770433 
1382.000000	0.766459 
1380.000000	0.766625 
1378.000000	0.766061 
1376.000000	0.762380 
1374.000000	0.761458 
1372.000000	0.759564 
1370.000000	0.754773 
1368.000000	0.751480 
1366.000000	0.750849 
1364.000000	0.750601 
1362.000000	0.749142 
1360.000000	0.745085 
1358.000000	0.742703 
1356.000000	0.742918 
1354.000000	0.740340 
1352.000000	0.734834 
1350.000000	0.733414 
1348.000000	0.734087 
1346.000000	0.733950 
1344.000000	0.733172 
1342.000000	0.732907 
1340.000000	0.732036 
1338.000000	0.727496 
1336.000000	0.723411 
1334.000000	0.720115 
1332.000000	0.717401 
1330.000000	0.714337 
1328.000000	0.711736 
1326.000000	0.711970 
1324.000000	0.712022 
1322.000000	0.709975 
1320.000000	0.708508 
1318.000000	0.708557 
1316.000000	0.705120 
1314.000000	0.702125 
1312.000000	0.701795 
1310.000000	0.697883 
1308.000000	0.695575 
1306.000000	0.695786 
1304.000000	0.695536 
1302.000000	0.693443 
1300.000000	0.691571 
1298.000000	0.689687 
1296.000000	0.685350 
1294.000000	0.683787 
1292.000000	0.683300 
1290.000000	0.681020 
1288.000000	0.677689 
1286.000000	0.674874 
1284.000000	0.675052 
1282.000000	0.673116 
1280.000000	0.669528 
1278.000000	0.666958 
1276.000000	0.665506 
1274.000000	0.662756 
1272.000000	0.660467 
1270.000000	0.662454 
1268.000000	0.661928 
1266.000000	0.657217 
1264.000000	0.654823 
1262.000000	0.655628 
1260.000000	0.653307 
1258.000000	0.649695 
1256.000000	0.648311 
1254.000000	0.646454 
1252.000000	0.646512 
1250.000000	0.645645 
1248.000000	0.642793 
1246.000000	0.640948 
1244.000000	0.638646 
1242.000000	0.636280 
1240.000000	0.636094 
1238.000000	0.636555 
1236.000000	0.633710 
1234.000000	0.632810 
1232.000000	0.635360 
1230.000000	0.636623 
1228.000000	0.636477 
1226.000000	0.636210 
1224.000000	0.635950 
1222.000000	0.635912 
1220.000000	0.638435 
1218.000000	0.641234 
1216.000000	0.643935 
1214.000000	0.646747 
1212.000000	0.649777 
1210.000000	0.653806 
1208.000000	0.658293 
1206.000000	0.662690 
1204.000000	0.666226 
1202.000000	0.672330 
1200.000000	0.678422 
1198.000000	0.684454 
1196.000000	0.694571 
1194.000000	0.701886 
1192.000000	0.707879 
1190.000000	0.715342 
1188.000000	0.723805 
1186.000000	0.731194 
1184.000000	0.739070 
1182.000000	0.748613 
1180.000000	0.756103 
1178.000000	0.763843 
1176.000000	0.772059 
1174.000000	0.782341 
1172.000000	0.791947 
1170.000000	0.794087 
1168.000000	0.797975 
1166.000000	0.808016 
1164.000000	0.815927 
1162.000000	0.818044 
1160.000000	0.823178 
1158.000000	0.829738 
1156.000000	0.831970 
1154.000000	0.837596 
1152.000000	0.846355 
1150.000000	0.851731 
1148.000000	0.853748 
1146.000000	0.858720 
1144.000000	0.868506 
1142.000000	0.876560 
1140.000000	0.880826 
1138.000000	0.880796 
1136.000000	0.883481 
1134.000000	0.886353 
1132.000000	0.886959 
1130.000000	0.891330 
1128.000000	0.893513 
1126.000000	0.891666 
1124.000000	0.895959 
1122.000000	0.905568 
1120.000000	0.907715 
1118.000000	0.906136 
1116.000000	0.907600 
1114.000000	0.906101 
1112.000000	0.908590 
1110.000000	0.915094 
1108.000000	0.916407 
1106.000000	0.917704 
1104.000000	0.922455 
1102.000000	0.929334 
1100.000000	0.937786 
1098.000000	0.943288 
1096.000000	0.943343 
1094.000000	0.942544 
1092.000000	0.946979 
1090.000000	0.951988 
1088.000000	0.957641 
1086.000000	0.960911 
1084.000000	0.958821 
1082.000000	0.961943 
1080.000000	0.975379 
1078.000000	0.980853 
1076.000000	0.977612 
1074.000000	0.976250 
1072.000000	0.977200 
1070.000000	0.984568 
1068.000000	0.990296 
1066.000000	0.985130 
1064.000000	0.980761 
1062.000000	0.986446 
1060.000000	0.987846 
1058.000000	0.985731 
1056.000000	0.991013 
1054.000000	0.986611 
1052.000000	0.978586 
1050.000000	0.984891 
1048.000000	0.990832 
1046.000000	0.981732 
1044.000000	0.969523 
1042.000000	0.960121 
1040.000000	0.949836 
1038.000000	0.942433 
1036.000000	0.932881 
1034.000000	0.919700 
1032.000000	0.911836 
1030.000000	0.901730 
1028.000000	0.892549 
1026.000000	0.884009 
1024.000000	0.869166 
1022.000000	0.850497 
1020.000000	0.837742 
1018.000000	0.826578 
1016.000000	0.807849 
1014.000000	0.791233 
1012.000000	0.775004 
1010.000000	0.755901 
1008.000000	0.740237 
1006.000000	0.725524 
1004.000000	0.705325 
1002.000000	0.683729 
1000.000000	0.667316 
998.000000	 0.651759 
996.000000	 0.637917 
994.000000	 0.626610 
992.000000	 0.617076 
990.000000	 0.612456 
988.000000	 0.611635 
986.000000	 0.615693 
984.000000	 0.624512 
982.000000	 0.631919 
980.000000	 0.634637 
978.000000	 0.637045 
976.000000	 0.637002 
974.000000	 0.625902 
972.000000	 0.610085 
970.000000	 0.595586 
968.000000	 0.580985 
966.000000	 0.566483 
964.000000	 0.555513 
962.000000	 0.547352 
960.000000	 0.541422 
958.000000	 0.537310 
956.000000	 0.533463 
954.000000	 0.533246 
952.000000	 0.537177 
950.000000	 0.541826 
948.000000	 0.547982 
946.000000	 0.557301 
944.000000	 0.565070 
942.000000	 0.570243 
940.000000	 0.577003 
938.000000	 0.580155 
936.000000	 0.578382 
934.000000	 0.575661 
932.000000	 0.572618 
930.000000	 0.568395 
928.000000	 0.563621 
926.000000	 0.558775 
924.000000	 0.555087 
922.000000	 0.556192 
920.000000	 0.559270 
918.000000	 0.563025 
916.000000	 0.568644 
914.000000	 0.568760 
912.000000	 0.566325 
910.000000	 0.568009 
908.000000	 0.570955 
906.000000	 0.568841 
904.000000	 0.562798 
902.000000	 0.557330 
900.000000	 0.551248 
898.000000	 0.547897 
896.000000	 0.546659 
894.000000	 0.545833 
892.000000	 0.547781 
890.000000	 0.554005 
888.000000	 0.566321 
886.000000	 0.580342 
884.000000	 0.592281 
882.000000	 0.603456 
880.000000	 0.617109 
878.000000	 0.627244 
876.000000	 0.630255 
874.000000	 0.637987 
872.000000	 0.644627 
870.000000	 0.640227 
868.000000	 0.640921 
866.000000	 0.646586 
864.000000	 0.646341 
862.000000	 0.641872 
860.000000	 0.640384 
858.000000	 0.639578 
856.000000	 0.638469 
854.000000	 0.637991 
852.000000	 0.635675 
850.000000	 0.635953 
848.000000	 0.635473 
846.000000	 0.634734 
844.000000	 0.638960 
842.000000	 0.640541 
840.000000	 0.633472 
838.000000	 0.627030 
836.000000	 0.627140 
834.000000	 0.621772 
832.000000	 0.609902 
830.000000	 0.596820 
828.000000	 0.578329 
826.000000	 0.558709 
824.000000	 0.542573 
822.000000	 0.523462 
820.000000	 0.501905 
818.000000	 0.485966 
816.000000	 0.472707 
814.000000	 0.461422 
812.000000	 0.454536 
810.000000	 0.446251 
808.000000	 0.438562 
806.000000	 0.433501 
804.000000	 0.427866 
802.000000	 0.420118 
800.000000	 0.413342 
798.000000	 0.405255 
796.000000	 0.396361 
794.000000	 0.390211 
792.000000	 0.382325 
790.000000	 0.373650 
788.000000	 0.366368 
786.000000	 0.359775 
784.000000	 0.353414 
782.000000	 0.347089 
780.000000	 0.339644 
778.000000	 0.332489 
776.000000	 0.327763 
774.000000	 0.321233 
772.000000	 0.315733 
770.000000	 0.313571 
768.000000	 0.309768 
766.000000	 0.304191 
764.000000	 0.301521 
762.000000	 0.301389 
760.000000	 0.299310 
758.000000	 0.298452 
756.000000	 0.298894 
754.000000	 0.296702 
752.000000	 0.295398 
750.000000	 0.295693 
748.000000	 0.297219 
746.000000	 0.297282 
744.000000	 0.296835 
742.000000	 0.297114 
740.000000	 0.299805 
738.000000	 0.303351 
736.000000	 0.304351 
734.000000	 0.307103 
732.000000	 0.309751 
730.000000	 0.311560 
728.000000	 0.315122 
726.000000	 0.319305 
724.000000	 0.322295 
722.000000	 0.325493 
720.000000	 0.331282 
718.000000	 0.336038 
716.000000	 0.341097 
714.000000	 0.346808 
712.000000	 0.350197 
710.000000	 0.352591 
708.000000	 0.353686 
706.000000	 0.353551 
704.000000	 0.352181 
702.000000	 0.350581 
700.000000	 0.348051 
698.000000	 0.346785 
696.000000	 0.347011 
694.000000	 0.345680 
692.000000	 0.346902 
690.000000	 0.349891 
688.000000	 0.350863 
686.000000	 0.353230 
684.000000	 0.359727 
682.000000	 0.365129 
680.000000	 0.369503 
678.000000	 0.377903 
676.000000	 0.387090 
674.000000	 0.396725 
672.000000	 0.403918 
670.000000	 0.401657 
668.000000	 0.399586 
666.000000	 0.403840 
664.000000	 0.398724 
662.000000	 0.390419 
660.000000	 0.386662 
658.000000	 0.380840 
656.000000	 0.373963 
654.000000	 0.372700 
652.000000	 0.373036 
650.000000	 0.372217 
648.000000	 0.374714 
646.000000	 0.381495 
644.000000	 0.388161 
642.000000	 0.395358 
640.000000	 0.404002 
638.000000	 0.413218 
636.000000	 0.423069 
634.000000	 0.431394 
632.000000	 0.441065 
630.000000	 0.450656 
628.000000	 0.450730 
626.000000	 0.439604 
624.000000	 0.426156 
622.000000	 0.407272 
620.000000	 0.374660 
618.000000	 0.339936 
616.000000	 0.309026 
614.000000	 0.277213 
612.000000	 0.252342 
610.000000	 0.236913 
608.000000	 0.221620 
606.000000	 0.204589 
604.000000	 0.191978 
602.000000	 0.181852 
600.000000	 0.172728 
598.000000	 0.164780 
596.000000	 0.156406 
594.000000	 0.148398 
592.000000	 0.141090 
590.000000	 0.134189 
588.000000	 0.133019 
586.000000	 0.131272 
584.000000	 0.123715 
582.000000	 0.116673 
580.000000	 0.114399 
578.000000	 0.110028 
576.000000	 0.102034 
574.000000	 0.095334 
572.000000	 0.089820 
570.000000	 0.084563 
568.000000	 0.081910 
566.000000	 0.080960 
564.000000	 0.077922 
562.000000	 0.073150 
560.000000	 0.068599 
558.000000	 0.065202 
556.000000	 0.064075 
554.000000	 0.061453 
552.000000	 0.058316 
550.000000	 0.058470 
548.000000	 0.058975 
546.000000	 0.057906 
544.000000	 0.056399 
542.000000	 0.053935 
540.000000	 0.049821 
538.000000	 0.048623 
536.000000	 0.049957 
534.000000	 0.049668 
532.000000	 0.047954 
530.000000	 0.045325 
528.000000	 0.044940 
526.000000	 0.045638 
524.000000	 0.044394 
522.000000	 0.043281 
520.000000	 0.044344 
518.000000	 0.045984 
516.000000	 0.048187 
514.000000	 0.053205 
512.000000	 0.056551 
510.000000	 0.055958 
508.000000	 0.055235 
506.000000	 0.055192 
504.000000	 0.054391 
502.000000	 0.053398 
500.000000	 0.052966 
498.000000	 0.053518 
496.000000	 0.056829 
494.000000	 0.060175 
492.000000	 0.063480 
490.000000	 0.065132 
488.000000	 0.062587 
486.000000	 0.061793 
484.000000	 0.065843 
482.000000	 0.067946 
480.000000	 0.066516 
478.000000	 0.069481 
476.000000	 0.076368 
474.000000	 0.079112 
472.000000	 0.083437 
470.000000	 0.086721 
468.000000	 0.085274 
466.000000	 0.083630 
464.000000	 0.086916 
462.000000	 0.090746 
460.000000	 0.091566 
458.000000	 0.093819 
456.000000	 0.094575 
454.000000	 0.096076 
452.000000	 0.097177 
450.000000	 0.093461 

