4400.000000	1.314803 
4398.000000	1.317244 
4396.000000	1.319745 
4394.000000	1.318501 
4392.000000	1.315492 
4390.000000	1.316390 
4388.000000	1.315894 
4386.000000	1.314085 
4384.000000	1.319356 
4382.000000	1.325163 
4380.000000	1.322832 
4378.000000	1.316651 
4376.000000	1.314598 
4374.000000	1.314429 
4372.000000	1.314393 
4370.000000	1.318475 
4368.000000	1.317364 
4366.000000	1.316626 
4364.000000	1.314119 
4362.000000	1.312771 
4360.000000	1.314775 
4358.000000	1.313237 
4356.000000	1.311638 
4354.000000	1.316068 
4352.000000	1.318275 
4350.000000	1.316019 
4348.000000	1.313503 
4346.000000	1.314574 
4344.000000	1.314794 
4342.000000	1.310773 
4340.000000	1.311163 
4338.000000	1.314884 
4336.000000	1.315894 
4334.000000	1.310771 
4332.000000	1.312275 
4330.000000	1.317438 
4328.000000	1.317928 
4326.000000	1.313765 
4324.000000	1.311583 
4322.000000	1.315978 
4320.000000	1.315738 
4318.000000	1.309595 
4316.000000	1.309374 
4314.000000	1.312322 
4312.000000	1.310924 
4310.000000	1.305589 
4308.000000	1.311645 
4306.000000	1.315055 
4304.000000	1.313248 
4302.000000	1.314461 
4300.000000	1.314617 
4298.000000	1.315704 
4296.000000	1.312316 
4294.000000	1.307779 
4292.000000	1.308699 
4290.000000	1.314286 
4288.000000	1.316426 
4286.000000	1.316971 
4284.000000	1.318924 
4282.000000	1.315999 
4280.000000	1.311358 
4278.000000	1.313793 
4276.000000	1.315892 
4274.000000	1.313678 
4272.000000	1.312771 
4270.000000	1.313947 
4268.000000	1.313787 
4266.000000	1.311832 
4264.000000	1.313397 
4262.000000	1.315434 
4260.000000	1.312392 
4258.000000	1.312382 
4256.000000	1.315085 
4254.000000	1.316647 
4252.000000	1.310555 
4250.000000	1.308492 
4248.000000	1.312964 
4246.000000	1.312292 
4244.000000	1.312343 
4242.000000	1.313895 
4240.000000	1.313887 
4238.000000	1.311672 
4236.000000	1.313966 
4234.000000	1.316656 
4232.000000	1.314820 
4230.000000	1.313392 
4228.000000	1.309391 
4226.000000	1.305901 
4224.000000	1.307340 
4222.000000	1.308754 
4220.000000	1.309395 
4218.000000	1.307453 
4216.000000	1.307274 
4214.000000	1.307297 
4212.000000	1.309923 
4210.000000	1.313271 
4208.000000	1.309108 
4206.000000	1.306466 
4204.000000	1.310067 
4202.000000	1.313109 
4200.000000	1.313326 
4198.000000	1.314794 
4196.000000	1.317896 
4194.000000	1.315719 
4192.000000	1.308749 
4190.000000	1.309669 
4188.000000	1.310418 
4186.000000	1.306708 
4184.000000	1.302617 
4182.000000	1.307260 
4180.000000	1.312065 
4178.000000	1.309336 
4176.000000	1.305714 
4174.000000	1.309403 
4172.000000	1.311303 
4170.000000	1.308484 
4168.000000	1.309049 
4166.000000	1.310875 
4164.000000	1.309593 
4162.000000	1.309872 
4160.000000	1.310778 
4158.000000	1.311872 
4156.000000	1.308629 
4154.000000	1.302640 
4152.000000	1.304702 
4150.000000	1.307090 
4148.000000	1.306403 
4146.000000	1.305066 
4144.000000	1.306762 
4142.000000	1.307569 
4140.000000	1.303339 
4138.000000	1.304688 
4136.000000	1.305809 
4134.000000	1.302952 
4132.000000	1.301494 
4130.000000	1.301652 
4128.000000	1.305716 
4126.000000	1.304540 
4124.000000	1.300757 
4122.000000	1.301252 
4120.000000	1.303114 
4118.000000	1.305783 
4116.000000	1.306894 
4114.000000	1.306150 
4112.000000	1.300670 
4110.000000	1.299777 
4108.000000	1.305083 
4106.000000	1.306592 
4104.000000	1.303043 
4102.000000	1.298684 
4100.000000	1.299426 
4098.000000	1.298442 
4096.000000	1.292858 
4094.000000	1.297553 
4092.000000	1.304264 
4090.000000	1.303862 
4088.000000	1.297350 
4086.000000	1.297508 
4084.000000	1.299951 
4082.000000	1.296890 
4080.000000	1.294401 
4078.000000	1.298577 
4076.000000	1.301600 
4074.000000	1.298695 
4072.000000	1.298670 
4070.000000	1.303110 
4068.000000	1.302813 
4066.000000	1.296021 
4064.000000	1.294138 
4062.000000	1.297389 
4060.000000	1.296034 
4058.000000	1.290146 
4056.000000	1.291770 
4054.000000	1.298090 
4052.000000	1.299288 
4050.000000	1.297592 
4048.000000	1.297598 
4046.000000	1.299715 
4044.000000	1.299105 
4042.000000	1.297835 
4040.000000	1.301337 
4038.000000	1.299891 
4036.000000	1.296527 
4034.000000	1.297208 
4032.000000	1.303291 
4030.000000	1.302821 
4028.000000	1.300527 
4026.000000	1.299521 
4024.000000	1.298693 
4022.000000	1.298334 
4020.000000	1.294295 
4018.000000	1.295134 
4016.000000	1.298425 
4014.000000	1.297502 
4012.000000	1.296837 
4010.000000	1.297580 
4008.000000	1.295798 
4006.000000	1.293003 
4004.000000	1.295809 
4002.000000	1.297054 
4000.000000	1.293794 
3998.000000	1.295537 
3996.000000	1.299111 
3994.000000	1.298579 
3992.000000	1.295167 
3990.000000	1.292763 
3988.000000	1.295643 
3986.000000	1.299482 
3984.000000	1.299932 
3982.000000	1.299478 
3980.000000	1.297827 
3978.000000	1.296831 
3976.000000	1.293578 
3974.000000	1.297108 
3972.000000	1.300558 
3970.000000	1.298230 
3968.000000	1.294844 
3966.000000	1.295077 
3964.000000	1.301026 
3962.000000	1.301679 
3960.000000	1.299412 
3958.000000	1.297297 
3956.000000	1.295498 
3954.000000	1.294489 
3952.000000	1.295561 
3950.000000	1.299134 
3948.000000	1.299303 
3946.000000	1.292692 
3944.000000	1.293511 
3942.000000	1.299369 
3940.000000	1.299653 
3938.000000	1.295598 
3936.000000	1.292519 
3934.000000	1.293108 
3932.000000	1.295400 
3930.000000	1.297732 
3928.000000	1.293399 
3926.000000	1.287569 
3924.000000	1.284729 
3922.000000	1.284935 
3920.000000	1.294485 
3918.000000	1.297931 
3916.000000	1.296468 
3914.000000	1.293312 
3912.000000	1.293253 
3910.000000	1.294093 
3908.000000	1.287677 
3906.000000	1.283521 
3904.000000	1.283708 
3902.000000	1.283298 
3900.000000	1.288161 
3898.000000	1.295543 
3896.000000	1.294930 
3894.000000	1.288491 
3892.000000	1.290180 
3890.000000	1.288988 
3888.000000	1.284869 
3886.000000	1.295134 
3884.000000	1.294507 
3882.000000	1.290795 
3880.000000	1.292071 
3878.000000	1.287298 
3876.000000	1.288017 
3874.000000	1.287615 
3872.000000	1.282242 
3870.000000	1.286809 
3868.000000	1.284528 
3866.000000	1.286276 
3864.000000	1.287587 
3862.000000	1.292383 
3860.000000	1.291230 
3858.000000	1.279281 
3856.000000	1.270207 
3854.000000	1.280799 
3852.000000	1.289141 
3850.000000	1.287376 
3848.000000	1.288570 
3846.000000	1.287212 
3844.000000	1.285073 
3842.000000	1.280305 
3840.000000	1.280544 
3838.000000	1.287525 
3836.000000	1.284267 
3834.000000	1.280149 
3832.000000	1.284837 
3830.000000	1.287097 
3828.000000	1.288547 
3826.000000	1.287330 
3824.000000	1.278671 
3822.000000	1.280767 
3820.000000	1.279961 
3818.000000	1.277126 
3816.000000	1.290849 
3814.000000	1.289742 
3812.000000	1.283954 
3810.000000	1.283638 
3808.000000	1.289164 
3806.000000	1.286486 
3804.000000	1.276175 
3802.000000	1.283690 
3800.000000	1.284361 
3798.000000	1.280846 
3796.000000	1.281625 
3794.000000	1.284889 
3792.000000	1.287731 
3790.000000	1.284139 
3788.000000	1.281340 
3786.000000	1.285714 
3784.000000	1.287659 
3782.000000	1.283167 
3780.000000	1.287312 
3778.000000	1.289672 
3776.000000	1.286410 
3774.000000	1.282228 
3772.000000	1.280850 
3770.000000	1.285484 
3768.000000	1.280449 
3766.000000	1.281925 
3764.000000	1.281378 
3762.000000	1.277152 
3760.000000	1.277540 
3758.000000	1.278520 
3756.000000	1.276866 
3754.000000	1.266791 
3752.000000	1.265392 
3750.000000	1.276075 
3748.000000	1.274796 
3746.000000	1.276059 
3744.000000	1.291394 
3742.000000	1.282998 
3740.000000	1.274126 
3738.000000	1.268344 
3736.000000	1.270614 
3734.000000	1.276318 
3732.000000	1.283471 
3730.000000	1.280917 
3728.000000	1.279463 
3726.000000	1.280822 
3724.000000	1.278516 
3722.000000	1.283179 
3720.000000	1.285512 
3718.000000	1.284670 
3716.000000	1.280194 
3714.000000	1.277334 
3712.000000	1.283558 
3710.000000	1.287633 
3708.000000	1.289777 
3706.000000	1.287093 
3704.000000	1.285644 
3702.000000	1.292229 
3700.000000	1.291284 
3698.000000	1.291258 
3696.000000	1.294416 
3694.000000	1.288242 
3692.000000	1.279348 
3690.000000	1.283089 
3688.000000	1.290675 
3686.000000	1.286270 
3684.000000	1.288330 
3682.000000	1.293123 
3680.000000	1.287986 
3678.000000	1.277819 
3676.000000	1.282871 
3674.000000	1.285454 
3672.000000	1.280654 
3670.000000	1.285832 
3668.000000	1.290021 
3666.000000	1.292416 
3664.000000	1.293399 
3662.000000	1.293139 
3660.000000	1.289440 
3658.000000	1.286857 
3656.000000	1.290322 
3654.000000	1.282034 
3652.000000	1.281172 
3650.000000	1.288477 
3648.000000	1.291489 
3646.000000	1.290324 
3644.000000	1.292844 
3642.000000	1.292641 
3640.000000	1.291394 
3638.000000	1.291643 
3636.000000	1.293605 
3634.000000	1.292448 
3632.000000	1.285814 
3630.000000	1.291078 
3628.000000	1.297490 
3626.000000	1.291738 
3624.000000	1.288984 
3622.000000	1.288445 
3620.000000	1.291858 
3618.000000	1.291134 
3616.000000	1.288553 
3614.000000	1.291772 
3612.000000	1.288405 
3610.000000	1.287035 
3608.000000	1.293495 
3606.000000	1.294758 
3604.000000	1.290534 
3602.000000	1.291533 
3600.000000	1.295657 
3598.000000	1.295422 
3596.000000	1.292235 
3594.000000	1.293316 
3592.000000	1.292109 
3590.000000	1.286022 
3588.000000	1.286923 
3586.000000	1.292744 
3584.000000	1.292365 
3582.000000	1.292079 
3580.000000	1.291416 
3578.000000	1.289890 
3576.000000	1.290089 
3574.000000	1.289361 
3572.000000	1.289188 
3570.000000	1.288065 
3568.000000	1.287093 
3566.000000	1.286797 
3564.000000	1.290344 
3562.000000	1.293515 
3560.000000	1.289984 
3558.000000	1.288867 
3556.000000	1.291949 
3554.000000	1.291651 
3552.000000	1.289672 
3550.000000	1.288077 
3548.000000	1.291781 
3546.000000	1.293291 
3544.000000	1.290083 
3542.000000	1.286070 
3540.000000	1.289724 
3538.000000	1.294142 
3536.000000	1.288886 
3534.000000	1.284843 
3532.000000	1.284829 
3530.000000	1.284018 
3528.000000	1.282619 
3526.000000	1.282440 
3524.000000	1.286504 
3522.000000	1.289682 
3520.000000	1.289351 
3518.000000	1.290285 
3516.000000	1.288278 
3514.000000	1.285428 
3512.000000	1.287191 
3510.000000	1.292602 
3508.000000	1.291341 
3506.000000	1.287220 
3504.000000	1.289385 
3502.000000	1.289335 
3500.000000	1.286670 
3498.000000	1.286398 
3496.000000	1.289361 
3494.000000	1.291916 
3492.000000	1.287186 
3490.000000	1.284823 
3488.000000	1.286558 
3486.000000	1.287388 
3484.000000	1.285566 
3482.000000	1.288694 
3480.000000	1.291572 
3478.000000	1.290487 
3476.000000	1.290025 
3474.000000	1.289327 
3472.000000	1.286190 
3470.000000	1.284446 
3468.000000	1.284572 
3466.000000	1.286845 
3464.000000	1.288397 
3462.000000	1.286342 
3460.000000	1.287735 
3458.000000	1.290973 
3456.000000	1.287687 
3454.000000	1.281717 
3452.000000	1.282547 
3450.000000	1.284835 
3448.000000	1.286192 
3446.000000	1.284841 
3444.000000	1.285138 
3442.000000	1.286338 
3440.000000	1.285402 
3438.000000	1.284454 
3436.000000	1.284686 
3434.000000	1.284279 
3432.000000	1.284592 
3430.000000	1.283298 
3428.000000	1.281709 
3426.000000	1.278461 
3424.000000	1.276300 
3422.000000	1.280153 
3420.000000	1.283322 
3418.000000	1.283938 
3416.000000	1.281608 
3414.000000	1.282557 
3412.000000	1.284303 
3410.000000	1.282186 
3408.000000	1.282692 
3406.000000	1.282285 
3404.000000	1.280214 
3402.000000	1.279508 
3400.000000	1.279940 
3398.000000	1.280880 
3396.000000	1.278994 
3394.000000	1.278958 
3392.000000	1.277142 
3390.000000	1.275458 
3388.000000	1.277163 
3386.000000	1.278101 
3384.000000	1.278311 
3382.000000	1.279175 
3380.000000	1.278622 
3378.000000	1.276981 
3376.000000	1.277113 
3374.000000	1.277048 
3372.000000	1.272989 
3370.000000	1.274109 
3368.000000	1.278036 
3366.000000	1.276954 
3364.000000	1.274524 
3362.000000	1.273595 
3360.000000	1.274467 
3358.000000	1.271631 
3356.000000	1.272671 
3354.000000	1.278227 
3352.000000	1.279886 
3350.000000	1.277117 
3348.000000	1.274257 
3346.000000	1.274629 
3344.000000	1.275282 
3342.000000	1.274093 
3340.000000	1.275393 
3338.000000	1.274588 
3336.000000	1.272382 
3334.000000	1.271755 
3332.000000	1.273084 
3330.000000	1.272442 
3328.000000	1.271254 
3326.000000	1.272780 
3324.000000	1.273226 
3322.000000	1.270728 
3320.000000	1.269656 
3318.000000	1.272966 
3316.000000	1.274496 
3314.000000	1.270620 
3312.000000	1.269122 
3310.000000	1.273720 
3308.000000	1.275165 
3306.000000	1.272369 
3304.000000	1.269667 
3302.000000	1.271246 
3300.000000	1.271559 
3298.000000	1.269067 
3296.000000	1.270330 
3294.000000	1.270882 
3292.000000	1.268590 
3290.000000	1.265980 
3288.000000	1.267388 
3286.000000	1.270199 
3284.000000	1.270448 
3282.000000	1.269527 
3280.000000	1.267939 
3278.000000	1.269040 
3276.000000	1.267130 
3274.000000	1.266181 
3272.000000	1.270340 
3270.000000	1.270259 
3268.000000	1.268352 
3266.000000	1.265637 
3264.000000	1.265448 
3262.000000	1.264821 
3260.000000	1.263072 
3258.000000	1.264432 
3256.000000	1.265921 
3254.000000	1.265522 
3252.000000	1.263533 
3250.000000	1.263890 
3248.000000	1.266686 
3246.000000	1.267906 
3244.000000	1.269101 
3242.000000	1.269016 
3240.000000	1.267762 
3238.000000	1.265734 
3236.000000	1.264470 
3234.000000	1.265419 
3232.000000	1.264120 
3230.000000	1.263375 
3228.000000	1.264853 
3226.000000	1.263216 
3224.000000	1.259120 
3222.000000	1.258037 
3220.000000	1.262884 
3218.000000	1.263903 
3216.000000	1.258745 
3214.000000	1.259209 
3212.000000	1.261445 
3210.000000	1.263375 
3208.000000	1.260684 
3206.000000	1.261339 
3204.000000	1.263799 
3202.000000	1.260954 
3200.000000	1.257774 
3198.000000	1.258609 
3196.000000	1.260086 
3194.000000	1.258530 
3192.000000	1.257542 
3190.000000	1.260144 
3188.000000	1.259760 
3186.000000	1.258467 
3184.000000	1.258889 
3182.000000	1.259045 
3180.000000	1.259126 
3178.000000	1.260510 
3176.000000	1.262465 
3174.000000	1.260341 
3172.000000	1.255440 
3170.000000	1.254512 
3168.000000	1.256623 
3166.000000	1.256457 
3164.000000	1.253511 
3162.000000	1.252711 
3160.000000	1.255512 
3158.000000	1.256298 
3156.000000	1.255906 
3154.000000	1.255788 
3152.000000	1.256324 
3150.000000	1.253860 
3148.000000	1.252269 
3146.000000	1.253455 
3144.000000	1.253754 
3142.000000	1.254804 
3140.000000	1.256304 
3138.000000	1.256027 
3136.000000	1.253230 
3134.000000	1.252589 
3132.000000	1.254817 
3130.000000	1.254166 
3128.000000	1.250822 
3126.000000	1.249027 
3124.000000	1.249862 
3122.000000	1.250619 
3120.000000	1.249487 
3118.000000	1.250096 
3116.000000	1.252287 
3114.000000	1.251742 
3112.000000	1.249779 
3110.000000	1.250931 
3108.000000	1.250160 
3106.000000	1.247319 
3104.000000	1.246496 
3102.000000	1.249351 
3100.000000	1.251206 
3098.000000	1.249472 
3096.000000	1.247202 
3094.000000	1.247105 
3092.000000	1.247569 
3090.000000	1.248733 
3088.000000	1.249595 
3086.000000	1.249744 
3084.000000	1.249068 
3082.000000	1.248159 
3080.000000	1.249704 
3078.000000	1.250184 
3076.000000	1.248928 
3074.000000	1.246626 
3072.000000	1.246661 
3070.000000	1.247646 
3068.000000	1.245238 
3066.000000	1.243430 
3064.000000	1.244523 
3062.000000	1.244436 
3060.000000	1.244081 
3058.000000	1.244020 
3056.000000	1.247895 
3054.000000	1.246480 
3052.000000	1.244465 
3050.000000	1.244567 
3048.000000	1.244954 
3046.000000	1.244788 
3044.000000	1.243154 
3042.000000	1.242797 
3040.000000	1.243103 
3038.000000	1.242131 
3036.000000	1.241989 
3034.000000	1.242488 
3032.000000	1.241035 
3030.000000	1.240473 
3028.000000	1.241324 
3026.000000	1.242922 
3024.000000	1.241230 
3022.000000	1.240239 
3020.000000	1.243151 
3018.000000	1.245715 
3016.000000	1.245103 
3014.000000	1.243735 
3012.000000	1.242823 
3010.000000	1.241873 
3008.000000	1.241553 
3006.000000	1.241497 
3004.000000	1.241384 
3002.000000	1.241886 
3000.000000	1.240934 
2998.000000	1.243002 
2996.000000	1.243158 
2994.000000	1.240361 
2992.000000	1.239453 
2990.000000	1.238819 
2988.000000	1.238841 
2986.000000	1.238299 
2984.000000	1.239038 
2982.000000	1.240286 
2980.000000	1.239744 
2978.000000	1.238857 
2976.000000	1.240052 
2974.000000	1.242522 
2972.000000	1.242379 
2970.000000	1.238798 
2968.000000	1.238808 
2966.000000	1.240167 
2964.000000	1.240817 
2962.000000	1.240459 
2960.000000	1.241194 
2958.000000	1.240340 
2956.000000	1.236771 
2954.000000	1.237363 
2952.000000	1.239572 
2950.000000	1.239453 
2948.000000	1.239367 
2946.000000	1.237964 
2944.000000	1.238754 
2942.000000	1.238073 
2940.000000	1.237427 
2938.000000	1.238582 
2936.000000	1.239534 
2934.000000	1.239800 
2932.000000	1.238738 
2930.000000	1.242195 
2928.000000	1.242959 
2926.000000	1.240091 
2924.000000	1.241456 
2922.000000	1.244467 
2920.000000	1.244080 
2918.000000	1.241978 
2916.000000	1.242059 
2914.000000	1.240601 
2912.000000	1.235154 
2910.000000	1.232860 
2908.000000	1.233379 
2906.000000	1.233650 
2904.000000	1.234498 
2902.000000	1.235523 
2900.000000	1.235073 
2898.000000	1.231975 
2896.000000	1.229358 
2894.000000	1.229837 
2892.000000	1.232922 
2890.000000	1.232982 
2888.000000	1.228525 
2886.000000	1.229670 
2884.000000	1.233156 
2882.000000	1.231320 
2880.000000	1.228677 
2878.000000	1.227842 
2876.000000	1.230883 
2874.000000	1.231198 
2872.000000	1.230062 
2870.000000	1.229547 
2868.000000	1.228472 
2866.000000	1.225429 
2864.000000	1.225131 
2862.000000	1.228875 
2860.000000	1.229490 
2858.000000	1.227415 
2856.000000	1.227468 
2854.000000	1.228143 
2852.000000	1.228716 
2850.000000	1.227176 
2848.000000	1.227239 
2846.000000	1.227055 
2844.000000	1.225237 
2842.000000	1.223954 
2840.000000	1.224020 
2838.000000	1.225540 
2836.000000	1.224315 
2834.000000	1.221953 
2832.000000	1.221159 
2830.000000	1.220179 
2828.000000	1.221099 
2826.000000	1.222675 
2824.000000	1.222747 
2822.000000	1.220206 
2820.000000	1.218677 
2818.000000	1.220388 
2816.000000	1.218720 
2814.000000	1.218465 
2812.000000	1.218915 
2810.000000	1.218314 
2808.000000	1.216864 
2806.000000	1.215835 
2804.000000	1.218068 
2802.000000	1.220698 
2800.000000	1.219351 
2798.000000	1.219076 
2796.000000	1.220012 
2794.000000	1.219263 
2792.000000	1.215690 
2790.000000	1.214631 
2788.000000	1.216596 
2786.000000	1.215139 
2784.000000	1.213713 
2782.000000	1.213826 
2780.000000	1.215394 
2778.000000	1.214912 
2776.000000	1.213899 
2774.000000	1.213303 
2772.000000	1.213304 
2770.000000	1.211360 
2768.000000	1.209977 
2766.000000	1.210994 
2764.000000	1.212319 
2762.000000	1.211242 
2760.000000	1.212846 
2758.000000	1.215175 
2756.000000	1.215188 
2754.000000	1.214338 
2752.000000	1.214061 
2750.000000	1.213387 
2748.000000	1.212112 
2746.000000	1.211116 
2744.000000	1.211402 
2742.000000	1.212350 
2740.000000	1.210454 
2738.000000	1.208109 
2736.000000	1.208002 
2734.000000	1.208539 
2732.000000	1.207247 
2730.000000	1.208221 
2728.000000	1.210291 
2726.000000	1.208494 
2724.000000	1.206282 
2722.000000	1.208179 
2720.000000	1.208872 
2718.000000	1.206911 
2716.000000	1.207573 
2714.000000	1.209841 
2712.000000	1.206957 
2710.000000	1.204412 
2708.000000	1.205821 
2706.000000	1.207154 
2704.000000	1.207114 
2702.000000	1.207004 
2700.000000	1.207112 
2698.000000	1.206842 
2696.000000	1.204283 
2694.000000	1.203348 
2692.000000	1.204086 
2690.000000	1.204433 
2688.000000	1.204073 
2686.000000	1.203397 
2684.000000	1.203115 
2682.000000	1.202075 
2680.000000	1.202148 
2678.000000	1.201941 
2676.000000	1.201110 
2674.000000	1.200205 
2672.000000	1.199398 
2670.000000	1.199895 
2668.000000	1.199791 
2666.000000	1.195635 
2664.000000	1.193491 
2662.000000	1.194422 
2660.000000	1.196640 
2658.000000	1.197262 
2656.000000	1.198879 
2654.000000	1.201768 
2652.000000	1.200008 
2650.000000	1.197032 
2648.000000	1.197738 
2646.000000	1.201327 
2644.000000	1.200676 
2642.000000	1.196693 
2640.000000	1.196540 
2638.000000	1.195800 
2636.000000	1.193577 
2634.000000	1.194222 
2632.000000	1.196633 
2630.000000	1.197704 
2628.000000	1.194334 
2626.000000	1.193705 
2624.000000	1.193910 
2622.000000	1.193629 
2620.000000	1.193335 
2618.000000	1.195110 
2616.000000	1.197498 
2614.000000	1.194965 
2612.000000	1.192150 
2610.000000	1.194439 
2608.000000	1.194379 
2606.000000	1.191329 
2604.000000	1.190508 
2602.000000	1.195440 
2600.000000	1.196750 
2598.000000	1.193637 
2596.000000	1.193107 
2594.000000	1.194086 
2592.000000	1.194979 
2590.000000	1.192924 
2588.000000	1.191740 
2586.000000	1.191262 
2584.000000	1.189691 
2582.000000	1.190399 
2580.000000	1.190250 
2578.000000	1.189050 
2576.000000	1.188703 
2574.000000	1.190128 
2572.000000	1.191362 
2570.000000	1.187827 
2568.000000	1.186909 
2566.000000	1.187371 
2564.000000	1.189806 
2562.000000	1.191234 
2560.000000	1.188710 
2558.000000	1.188917 
2556.000000	1.190327 
2554.000000	1.188213 
2552.000000	1.186085 
2550.000000	1.186107 
2548.000000	1.188665 
2546.000000	1.188066 
2544.000000	1.187862 
2542.000000	1.188844 
2540.000000	1.185988 
2538.000000	1.184965 
2536.000000	1.184767 
2534.000000	1.185432 
2532.000000	1.183418 
2530.000000	1.181679 
2528.000000	1.183696 
2526.000000	1.183403 
2524.000000	1.181856 
2522.000000	1.182474 
2520.000000	1.184768 
2518.000000	1.183844 
2516.000000	1.180686 
2514.000000	1.182125 
2512.000000	1.184382 
2510.000000	1.184423 
2508.000000	1.181747 
2506.000000	1.182462 
2504.000000	1.182465 
2502.000000	1.179882 
2500.000000	1.180105 
2498.000000	1.182081 
2496.000000	1.182013 
2494.000000	1.181476 
2492.000000	1.181988 
2490.000000	1.183163 
2488.000000	1.179563 
2486.000000	1.176965 
2484.000000	1.178947 
2482.000000	1.179560 
2480.000000	1.178723 
2478.000000	1.177519 
2476.000000	1.179316 
2474.000000	1.179406 
2472.000000	1.176935 
2470.000000	1.176411 
2468.000000	1.176631 
2466.000000	1.176691 
2464.000000	1.176962 
2462.000000	1.175586 
2460.000000	1.175848 
2458.000000	1.175277 
2456.000000	1.174472 
2454.000000	1.175048 
2452.000000	1.176115 
2450.000000	1.175567 
2448.000000	1.175669 
2446.000000	1.176082 
2444.000000	1.175006 
2442.000000	1.174521 
2440.000000	1.174958 
2438.000000	1.174798 
2436.000000	1.172855 
2434.000000	1.172193 
2432.000000	1.173650 
2430.000000	1.174373 
2428.000000	1.172949 
2426.000000	1.171958 
2424.000000	1.171338 
2422.000000	1.170313 
2420.000000	1.168596 
2418.000000	1.170071 
2416.000000	1.173097 
2414.000000	1.172535 
2412.000000	1.170214 
2410.000000	1.170908 
2408.000000	1.171543 
2406.000000	1.171536 
2404.000000	1.170786 
2402.000000	1.170856 
2400.000000	1.169183 
2398.000000	1.166161 
2396.000000	1.165850 
2394.000000	1.169062 
2392.000000	1.170168 
2390.000000	1.167605 
2388.000000	1.166690 
2386.000000	1.167631 
2384.000000	1.167660 
2382.000000	1.166437 
2380.000000	1.169007 
2378.000000	1.170294 
2376.000000	1.170603 
2374.000000	1.173535 
2372.000000	1.178441 
2370.000000	1.180839 
2368.000000	1.178712 
2366.000000	1.177658 
2364.000000	1.179226 
2362.000000	1.178057 
2360.000000	1.180514 
2358.000000	1.182416 
2356.000000	1.183086 
2354.000000	1.180878 
2352.000000	1.178380 
2350.000000	1.173993 
2348.000000	1.171521 
2346.000000	1.173464 
2344.000000	1.174525 
2342.000000	1.176985 
2340.000000	1.175835 
2338.000000	1.171930 
2336.000000	1.172348 
2334.000000	1.176351 
2332.000000	1.175564 
2330.000000	1.169427 
2328.000000	1.167385 
2326.000000	1.172838 
2324.000000	1.173491 
2322.000000	1.170229 
2320.000000	1.170128 
2318.000000	1.169224 
2316.000000	1.164985 
2314.000000	1.163590 
2312.000000	1.165708 
2310.000000	1.164085 
2308.000000	1.159792 
2306.000000	1.159368 
2304.000000	1.161552 
2302.000000	1.161528 
2300.000000	1.158379 
2298.000000	1.158054 
2296.000000	1.158494 
2294.000000	1.157471 
2292.000000	1.159467 
2290.000000	1.161706 
2288.000000	1.162675 
2286.000000	1.159953 
2284.000000	1.159606 
2282.000000	1.161978 
2280.000000	1.163106 
2278.000000	1.164481 
2276.000000	1.164283 
2274.000000	1.164502 
2272.000000	1.166436 
2270.000000	1.167538 
2268.000000	1.168697 
2266.000000	1.167759 
2264.000000	1.167324 
2262.000000	1.169281 
2260.000000	1.173147 
2258.000000	1.173761 
2256.000000	1.171455 
2254.000000	1.174625 
2252.000000	1.178469 
2250.000000	1.176943 
2248.000000	1.175028 
2246.000000	1.177220 
2244.000000	1.181151 
2242.000000	1.177823 
2240.000000	1.174337 
2238.000000	1.175561 
2236.000000	1.174939 
2234.000000	1.174463 
2232.000000	1.174240 
2230.000000	1.174597 
2228.000000	1.174450 
2226.000000	1.173201 
2224.000000	1.172053 
2222.000000	1.172717 
2220.000000	1.173238 
2218.000000	1.172572 
2216.000000	1.171792 
2214.000000	1.174044 
2212.000000	1.174654 
2210.000000	1.175544 
2208.000000	1.178029 
2206.000000	1.179197 
2204.000000	1.178149 
2202.000000	1.179011 
2200.000000	1.183643 
2198.000000	1.184051 
2196.000000	1.181157 
2194.000000	1.181896 
2192.000000	1.184084 
2190.000000	1.182815 
2188.000000	1.180652 
2186.000000	1.181511 
2184.000000	1.180889 
2182.000000	1.178853 
2180.000000	1.177955 
2178.000000	1.176164 
2176.000000	1.176450 
2174.000000	1.177667 
2172.000000	1.179456 
2170.000000	1.178654 
2168.000000	1.178141 
2166.000000	1.176937 
2164.000000	1.178731 
2162.000000	1.181021 
2160.000000	1.181657 
2158.000000	1.185123 
2156.000000	1.189502 
2154.000000	1.191014 
2152.000000	1.192389 
2150.000000	1.198885 
2148.000000	1.209254 
2146.000000	1.214652 
2144.000000	1.214177 
2142.000000	1.216533 
2140.000000	1.220077 
2138.000000	1.220946 
2136.000000	1.217808 
2134.000000	1.218102 
2132.000000	1.220447 
2130.000000	1.220693 
2128.000000	1.223301 
2126.000000	1.228460 
2124.000000	1.233327 
2122.000000	1.239627 
2120.000000	1.246507 
2118.000000	1.256679 
2116.000000	1.264470 
2114.000000	1.265579 
2112.000000	1.265122 
2110.000000	1.266208 
2108.000000	1.263119 
2106.000000	1.258204 
2104.000000	1.255212 
2102.000000	1.248794 
2100.000000	1.241326 
2098.000000	1.238154 
2096.000000	1.238579 
2094.000000	1.242653 
2092.000000	1.247478 
2090.000000	1.250695 
2088.000000	1.250024 
2086.000000	1.245694 
2084.000000	1.242497 
2082.000000	1.237690 
2080.000000	1.231620 
2078.000000	1.223363 
2076.000000	1.217005 
2074.000000	1.208728 
2072.000000	1.196353 
2070.000000	1.184637 
2068.000000	1.172507 
2066.000000	1.158340 
2064.000000	1.147237 
2062.000000	1.137662 
2060.000000	1.131104 
2058.000000	1.125362 
2056.000000	1.120401 
2054.000000	1.115834 
2052.000000	1.113649 
2050.000000	1.111797 
2048.000000	1.108398 
2046.000000	1.106492 
2044.000000	1.105147 
2042.000000	1.104594 
2040.000000	1.104260 
2038.000000	1.104386 
2036.000000	1.104568 
2034.000000	1.101259 
2032.000000	1.097969 
2030.000000	1.099093 
2028.000000	1.099710 
2026.000000	1.098456 
2024.000000	1.096096 
2022.000000	1.096018 
2020.000000	1.095881 
2018.000000	1.094263 
2016.000000	1.093483 
2014.000000	1.094541 
2012.000000	1.094744 
2010.000000	1.093827 
2008.000000	1.093623 
2006.000000	1.094133 
2004.000000	1.092334 
2002.000000	1.089038 
2000.000000	1.088850 
1998.000000	1.089444 
1996.000000	1.088308 
1994.000000	1.086606 
1992.000000	1.087462 
1990.000000	1.087566 
1988.000000	1.085665 
1986.000000	1.085224 
1984.000000	1.086898 
1982.000000	1.086159 
1980.000000	1.082768 
1978.000000	1.082188 
1976.000000	1.083429 
1974.000000	1.083203 
1972.000000	1.082454 
1970.000000	1.082181 
1968.000000	1.081882 
1966.000000	1.078442 
1964.000000	1.076835 
1962.000000	1.078169 
1960.000000	1.078546 
1958.000000	1.076775 
1956.000000	1.077010 
1954.000000	1.077847 
1952.000000	1.076039 
1950.000000	1.074510 
1948.000000	1.074230 
1946.000000	1.072871 
1944.000000	1.070892 
1942.000000	1.072081 
1940.000000	1.073577 
1938.000000	1.071751 
1936.000000	1.068148 
1934.000000	1.067347 
1932.000000	1.069438 
1930.000000	1.069147 
1928.000000	1.066192 
1926.000000	1.067008 
1924.000000	1.067899 
1922.000000	1.065375 
1920.000000	1.063112 
1918.000000	1.064922 
1916.000000	1.065871 
1914.000000	1.064096 
1912.000000	1.062319 
1910.000000	1.063217 
1908.000000	1.062876 
1906.000000	1.060346 
1904.000000	1.058601 
1902.000000	1.060486 
1900.000000	1.060345 
1898.000000	1.056050 
1896.000000	1.055310 
1894.000000	1.055714 
1892.000000	1.054735 
1890.000000	1.055358 
1888.000000	1.058102 
1886.000000	1.057875 
1884.000000	1.055028 
1882.000000	1.053093 
1880.000000	1.053036 
1878.000000	1.052356 
1876.000000	1.050973 
1874.000000	1.049108 
1872.000000	1.047108 
1870.000000	1.045238 
1868.000000	1.046183 
1866.000000	1.046690 
1864.000000	1.046653 
1862.000000	1.045895 
1860.000000	1.044464 
1858.000000	1.045304 
1856.000000	1.046100 
1854.000000	1.045138 
1852.000000	1.044481 
1850.000000	1.042617 
1848.000000	1.040639 
1846.000000	1.035851 
1844.000000	1.037413 
1842.000000	1.041149 
1840.000000	1.037988 
1838.000000	1.035707 
1836.000000	1.035782 
1834.000000	1.035459 
1832.000000	1.031726 
1830.000000	1.030646 
1828.000000	1.031526 
1826.000000	1.031039 
1824.000000	1.031878 
1822.000000	1.032196 
1820.000000	1.031900 
1818.000000	1.030826 
1816.000000	1.028726 
1814.000000	1.027538 
1812.000000	1.026406 
1810.000000	1.025826 
1808.000000	1.024883 
1806.000000	1.025370 
1804.000000	1.025931 
1802.000000	1.022900 
1800.000000	1.022454 
1798.000000	1.022821 
1796.000000	1.019496 
1794.000000	1.014865 
1792.000000	1.017603 
1790.000000	1.022034 
1788.000000	1.020897 
1786.000000	1.018573 
1784.000000	1.018851 
1782.000000	1.016802 
1780.000000	1.015092 
1778.000000	1.013355 
1776.000000	1.011573 
1774.000000	1.008323 
1772.000000	1.007291 
1770.000000	1.008946 
1768.000000	1.010247 
1766.000000	1.010015 
1764.000000	1.006755 
1762.000000	1.007234 
1760.000000	1.008936 
1758.000000	1.007179 
1756.000000	1.006683 
1754.000000	1.004076 
1752.000000	1.001547 
1750.000000	0.999708 
1748.000000	0.999881 
1746.000000	1.001968 
1744.000000	1.001176 
1742.000000	0.999731 
1740.000000	1.000095 
1738.000000	0.999386 
1736.000000	0.991786 
1734.000000	0.993569 
1732.000000	0.998801 
1730.000000	0.997981 
1728.000000	0.998264 
1726.000000	0.998281 
1724.000000	0.998071 
1722.000000	0.995644 
1720.000000	0.986869 
1718.000000	0.984499 
1716.000000	0.990539 
1714.000000	0.991551 
1712.000000	0.990368 
1710.000000	0.989267 
1708.000000	0.986024 
1706.000000	0.982915 
1704.000000	0.979158 
1702.000000	0.973093 
1700.000000	0.976189 
1698.000000	0.974318 
1696.000000	0.975284 
1694.000000	0.980763 
1692.000000	0.978989 
1690.000000	0.974910 
1688.000000	0.971408 
1686.000000	0.963785 
1684.000000	0.966742 
1682.000000	0.969694 
1680.000000	0.969138 
1678.000000	0.968709 
1676.000000	0.965815 
1674.000000	0.965651 
1672.000000	0.961838 
1670.000000	0.960389 
1668.000000	0.964225 
1666.000000	0.963024 
1664.000000	0.960884 
1662.000000	0.961952 
1660.000000	0.962289 
1658.000000	0.960218 
1656.000000	0.950661 
1654.000000	0.940661 
1652.000000	0.950427 
1650.000000	0.951631 
1648.000000	0.948505 
1646.000000	0.951201 
1644.000000	0.952753 
1642.000000	0.952455 
1640.000000	0.950629 
1638.000000	0.942342 
1636.000000	0.941137 
1634.000000	0.949361 
1632.000000	0.949122 
1630.000000	0.946133 
1628.000000	0.944674 
1626.000000	0.943827 
1624.000000	0.940215 
1622.000000	0.940980 
1620.000000	0.939840 
1618.000000	0.935531 
1616.000000	0.937970 
1614.000000	0.939272 
1612.000000	0.937562 
1610.000000	0.935986 
1608.000000	0.933983 
1606.000000	0.934068 
1604.000000	0.934723 
1602.000000	0.933516 
1600.000000	0.932053 
1598.000000	0.931852 
1596.000000	0.930699 
1594.000000	0.927493 
1592.000000	0.925889 
1590.000000	0.926445 
1588.000000	0.926909 
1586.000000	0.924469 
1584.000000	0.922379 
1582.000000	0.921804 
1580.000000	0.918117 
1578.000000	0.910291 
1576.000000	0.911191 
1574.000000	0.914842 
1572.000000	0.910840 
1570.000000	0.907984 
1568.000000	0.910615 
1566.000000	0.909312 
1564.000000	0.905851 
1562.000000	0.897398 
1560.000000	0.887295 
1558.000000	0.895938 
1556.000000	0.899598 
1554.000000	0.900712 
1552.000000	0.901411 
1550.000000	0.900425 
1548.000000	0.898551 
1546.000000	0.894148 
1544.000000	0.889597 
1542.000000	0.882492 
1540.000000	0.883032 
1538.000000	0.891636 
1536.000000	0.888749 
1534.000000	0.886340 
1532.000000	0.888520 
1530.000000	0.887730 
1528.000000	0.884450 
1526.000000	0.880168 
1524.000000	0.874652 
1522.000000	0.872828 
1520.000000	0.876934 
1518.000000	0.875071 
1516.000000	0.877212 
1514.000000	0.879838 
1512.000000	0.876960 
1510.000000	0.869642 
1508.000000	0.862224 
1506.000000	0.868798 
1504.000000	0.875643 
1502.000000	0.873611 
1500.000000	0.869422 
1498.000000	0.865617 
1496.000000	0.868716 
1494.000000	0.871121 
1492.000000	0.866535 
1490.000000	0.862989 
1488.000000	0.863928 
1486.000000	0.866723 
1484.000000	0.867318 
1482.000000	0.865169 
1480.000000	0.863757 
1478.000000	0.860969 
1476.000000	0.858042 
1474.000000	0.853578 
1472.000000	0.854171 
1470.000000	0.858413 
1468.000000	0.857301 
1466.000000	0.854141 
1464.000000	0.855020 
1462.000000	0.854202 
1460.000000	0.846819 
1458.000000	0.841027 
1456.000000	0.848490 
1454.000000	0.852191 
1452.000000	0.850445 
1450.000000	0.848252 
1448.000000	0.848014 
1446.000000	0.847538 
1444.000000	0.843507 
1442.000000	0.841637 
1440.000000	0.838793 
1438.000000	0.833496 
1436.000000	0.833047 
1434.000000	0.833562 
1432.000000	0.832210 
1430.000000	0.830330 
1428.000000	0.829223 
1426.000000	0.827375 
1424.000000	0.825320 
1422.000000	0.821609 
1420.000000	0.817009 
1418.000000	0.818396 
1416.000000	0.819339 
1414.000000	0.817569 
1412.000000	0.815322 
1410.000000	0.813076 
1408.000000	0.811324 
1406.000000	0.808425 
1404.000000	0.807570 
1402.000000	0.805423 
1400.000000	0.801024 
1398.000000	0.799492 
1396.000000	0.798377 
1394.000000	0.798401 
1392.000000	0.798249 
1390.000000	0.795065 
1388.000000	0.792235 
1386.000000	0.791798 
1384.000000	0.790857 
1382.000000	0.788920 
1380.000000	0.787413 
1378.000000	0.784392 
1376.000000	0.779855 
1374.000000	0.778627 
1372.000000	0.778810 
1370.000000	0.776176 
1368.000000	0.774501 
1366.000000	0.773226 
1364.000000	0.769773 
1362.000000	0.767155 
1360.000000	0.766708 
1358.000000	0.766146 
1356.000000	0.763693 
1354.000000	0.761700 
1352.000000	0.760605 
1350.000000	0.759276 
1348.000000	0.756513 
1346.000000	0.754696 
1344.000000	0.752964 
1342.000000	0.749029 
1340.000000	0.745657 
1338.000000	0.745000 
1336.000000	0.744967 
1334.000000	0.743259 
1332.000000	0.740187 
1330.000000	0.738362 
1328.000000	0.736772 
1326.000000	0.735008 
1324.000000	0.733354 
1322.000000	0.732178 
1320.000000	0.730323 
1318.000000	0.727726 
1316.000000	0.726611 
1314.000000	0.724778 
1312.000000	0.722806 
1310.000000	0.720805 
1308.000000	0.718511 
1306.000000	0.717139 
1304.000000	0.715274 
1302.000000	0.712608 
1300.000000	0.710559 
1298.000000	0.708907 
1296.000000	0.706824 
1294.000000	0.704662 
1292.000000	0.704298 
1290.000000	0.702909 
1288.000000	0.699868 
1286.000000	0.697038 
1284.000000	0.694755 
1282.000000	0.692114 
1280.000000	0.689949 
1278.000000	0.688604 
1276.000000	0.686867 
1274.000000	0.684076 
1272.000000	0.681232 
1270.000000	0.679393 
1268.000000	0.678021 
1266.000000	0.675644 
1264.000000	0.673214 
1262.000000	0.671782 
1260.000000	0.669944 
1258.000000	0.667963 
1256.000000	0.665481 
1254.000000	0.663600 
1252.000000	0.661186 
1250.000000	0.658575 
1248.000000	0.656535 
1246.000000	0.654471 
1244.000000	0.651743 
1242.000000	0.649268 
1240.000000	0.647161 
1238.000000	0.646237 
1236.000000	0.644008 
1234.000000	0.642060 
1232.000000	0.641057 
1230.000000	0.639664 
1228.000000	0.637478 
1226.000000	0.635788 
1224.000000	0.634390 
1222.000000	0.632559 
1220.000000	0.631256 
1218.000000	0.630228 
1216.000000	0.629156 
1214.000000	0.627817 
1212.000000	0.626849 
1210.000000	0.626828 
1208.000000	0.626780 
1206.000000	0.625999 
1204.000000	0.625941 
1202.000000	0.627005 
1200.000000	0.627921 
1198.000000	0.627939 
1196.000000	0.630040 
1194.000000	0.632130 
1192.000000	0.633438 
1190.000000	0.634806 
1188.000000	0.637386 
1186.000000	0.640694 
1184.000000	0.643330 
1182.000000	0.646541 
1180.000000	0.651030 
1178.000000	0.654636 
1176.000000	0.657497 
1174.000000	0.661352 
1172.000000	0.666129 
1170.000000	0.670444 
1168.000000	0.674196 
1166.000000	0.678752 
1164.000000	0.683662 
1162.000000	0.687572 
1160.000000	0.691079 
1158.000000	0.695970 
1156.000000	0.700833 
1154.000000	0.704246 
1152.000000	0.708016 
1150.000000	0.712739 
1148.000000	0.716629 
1146.000000	0.720063 
1144.000000	0.723441 
1142.000000	0.728890 
1140.000000	0.732753 
1138.000000	0.734997 
1136.000000	0.737680 
1134.000000	0.740536 
1132.000000	0.743445 
1130.000000	0.745001 
1128.000000	0.747150 
1126.000000	0.750308 
1124.000000	0.752316 
1122.000000	0.753778 
1120.000000	0.754846 
1118.000000	0.756772 
1116.000000	0.758835 
1114.000000	0.761742 
1112.000000	0.765440 
1110.000000	0.767583 
1108.000000	0.769812 
1106.000000	0.773855 
1104.000000	0.779291 
1102.000000	0.780744 
1100.000000	0.782397 
1098.000000	0.786618 
1096.000000	0.789681 
1094.000000	0.792342 
1092.000000	0.795423 
1090.000000	0.797284 
1088.000000	0.798339 
1086.000000	0.799060 
1084.000000	0.801636 
1082.000000	0.803570 
1080.000000	0.804675 
1078.000000	0.805615 
1076.000000	0.808293 
1074.000000	0.811247 
1072.000000	0.810837 
1070.000000	0.811682 
1068.000000	0.814663 
1066.000000	0.816284 
1064.000000	0.816159 
1062.000000	0.815802 
1060.000000	0.815748 
1058.000000	0.815073 
1056.000000	0.813923 
1054.000000	0.813755 
1052.000000	0.812091 
1050.000000	0.809249 
1048.000000	0.806826 
1046.000000	0.805170 
1044.000000	0.801544 
1042.000000	0.796527 
1040.000000	0.792086 
1038.000000	0.788209 
1036.000000	0.783832 
1034.000000	0.777982 
1032.000000	0.771499 
1030.000000	0.764445 
1028.000000	0.755615 
1026.000000	0.747727 
1024.000000	0.740463 
1022.000000	0.731846 
1020.000000	0.721807 
1018.000000	0.711290 
1016.000000	0.700997 
1014.000000	0.689757 
1012.000000	0.677720 
1010.000000	0.665445 
1008.000000	0.654237 
1006.000000	0.642572 
1004.000000	0.630121 
1002.000000	0.618361 
1000.000000	0.607433 
998.000000	 0.596437 
996.000000	 0.585595 
994.000000	 0.576261 
992.000000	 0.569644 
990.000000	 0.564454 
988.000000	 0.562473 
986.000000	 0.564643 
984.000000	 0.568926 
982.000000	 0.573744 
980.000000	 0.578650 
978.000000	 0.582643 
976.000000	 0.582209 
974.000000	 0.577590 
972.000000	 0.569995 
970.000000	 0.559123 
968.000000	 0.546379 
966.000000	 0.535044 
964.000000	 0.526166 
962.000000	 0.518694 
960.000000	 0.512344 
958.000000	 0.508069 
956.000000	 0.504742 
954.000000	 0.502496 
952.000000	 0.501041 
950.000000	 0.501515 
948.000000	 0.504486 
946.000000	 0.508376 
944.000000	 0.513395 
942.000000	 0.519221 
940.000000	 0.524353 
938.000000	 0.527838 
936.000000	 0.529079 
934.000000	 0.529975 
932.000000	 0.529062 
930.000000	 0.526359 
928.000000	 0.523956 
926.000000	 0.522949 
924.000000	 0.523142 
922.000000	 0.525501 
920.000000	 0.534090 
918.000000	 0.546051 
916.000000	 0.556114 
914.000000	 0.562652 
912.000000	 0.567107 
910.000000	 0.571764 
908.000000	 0.575557 
906.000000	 0.575785 
904.000000	 0.571214 
902.000000	 0.563365 
900.000000	 0.553621 
898.000000	 0.541828 
896.000000	 0.529914 
894.000000	 0.517168 
892.000000	 0.504965 
890.000000	 0.496204 
888.000000	 0.490472 
886.000000	 0.487035 
884.000000	 0.486165 
882.000000	 0.487847 
880.000000	 0.490998 
878.000000	 0.493760 
876.000000	 0.497477 
874.000000	 0.501862 
872.000000	 0.505308 
870.000000	 0.507793 
868.000000	 0.510728 
866.000000	 0.514519 
864.000000	 0.516073 
862.000000	 0.516016 
860.000000	 0.515434 
858.000000	 0.513935 
856.000000	 0.512138 
854.000000	 0.509939 
852.000000	 0.508326 
850.000000	 0.507384 
848.000000	 0.506018 
846.000000	 0.505363 
844.000000	 0.505817 
842.000000	 0.505817 
840.000000	 0.504635 
838.000000	 0.503608 
836.000000	 0.502029 
834.000000	 0.498096 
832.000000	 0.492376 
830.000000	 0.486053 
828.000000	 0.479889 
826.000000	 0.471690 
824.000000	 0.462499 
822.000000	 0.455344 
820.000000	 0.448735 
818.000000	 0.441346 
816.000000	 0.435164 
814.000000	 0.431038 
812.000000	 0.426550 
810.000000	 0.420553 
808.000000	 0.416390 
806.000000	 0.413037 
804.000000	 0.408108 
802.000000	 0.402251 
800.000000	 0.397298 
798.000000	 0.392426 
796.000000	 0.385964 
794.000000	 0.379425 
792.000000	 0.372471 
790.000000	 0.364462 
788.000000	 0.356132 
786.000000	 0.348832 
784.000000	 0.342328 
782.000000	 0.335162 
780.000000	 0.327323 
778.000000	 0.320272 
776.000000	 0.314450 
774.000000	 0.307898 
772.000000	 0.301094 
770.000000	 0.295557 
768.000000	 0.290169 
766.000000	 0.284729 
764.000000	 0.280273 
762.000000	 0.276873 
760.000000	 0.273886 
758.000000	 0.270987 
756.000000	 0.268352 
754.000000	 0.266432 
752.000000	 0.264846 
750.000000	 0.263930 
748.000000	 0.263574 
746.000000	 0.264304 
744.000000	 0.265697 
742.000000	 0.266980 
740.000000	 0.269858 
738.000000	 0.273598 
736.000000	 0.276732 
734.000000	 0.279667 
732.000000	 0.283302 
730.000000	 0.287496 
728.000000	 0.292046 
726.000000	 0.297503 
724.000000	 0.303553 
722.000000	 0.309456 
720.000000	 0.314902 
718.000000	 0.319979 
716.000000	 0.325683 
714.000000	 0.330559 
712.000000	 0.334995 
710.000000	 0.339483 
708.000000	 0.343541 
706.000000	 0.346674 
704.000000	 0.349610 
702.000000	 0.353942 
700.000000	 0.356424 
698.000000	 0.359048 
696.000000	 0.363307 
694.000000	 0.368624 
692.000000	 0.375223 
690.000000	 0.382244 
688.000000	 0.390606 
686.000000	 0.400689 
684.000000	 0.410543 
682.000000	 0.419439 
680.000000	 0.428381 
678.000000	 0.437966 
676.000000	 0.447026 
674.000000	 0.456773 
672.000000	 0.465907 
670.000000	 0.473444 
668.000000	 0.476577 
666.000000	 0.469284 
664.000000	 0.461532 
662.000000	 0.452930 
660.000000	 0.444931 
658.000000	 0.440921 
656.000000	 0.437037 
654.000000	 0.432474 
652.000000	 0.428580 
650.000000	 0.429298 
648.000000	 0.434049 
646.000000	 0.439126 
644.000000	 0.445499 
642.000000	 0.452839 
640.000000	 0.461024 
638.000000	 0.470457 
636.000000	 0.482230 
634.000000	 0.494053 
632.000000	 0.502978 
630.000000	 0.508464 
628.000000	 0.508939 
626.000000	 0.500764 
624.000000	 0.483692 
622.000000	 0.458862 
620.000000	 0.427497 
618.000000	 0.390232 
616.000000	 0.353468 
614.000000	 0.321609 
612.000000	 0.294411 
610.000000	 0.270122 
608.000000	 0.248339 
606.000000	 0.229951 
604.000000	 0.213666 
602.000000	 0.199450 
600.000000	 0.188825 
598.000000	 0.178921 
596.000000	 0.169400 
594.000000	 0.160207 
592.000000	 0.152793 
590.000000	 0.146981 
588.000000	 0.140118 
586.000000	 0.133957 
584.000000	 0.128934 
582.000000	 0.124102 
580.000000	 0.119216 
578.000000	 0.113684 
576.000000	 0.108263 
574.000000	 0.102713 
572.000000	 0.096368 
570.000000	 0.089738 
568.000000	 0.084797 
566.000000	 0.082225 
564.000000	 0.078842 
562.000000	 0.074843 
560.000000	 0.071166 
558.000000	 0.066928 
556.000000	 0.062541 
554.000000	 0.059978 
552.000000	 0.058779 
550.000000	 0.056905 
548.000000	 0.055152 
546.000000	 0.053862 
544.000000	 0.051253 
542.000000	 0.048066 
540.000000	 0.045907 
538.000000	 0.044749 
536.000000	 0.043545 
534.000000	 0.041687 
532.000000	 0.040245 
530.000000	 0.039218 
528.000000	 0.037735 
526.000000	 0.036202 
524.000000	 0.036504 
522.000000	 0.037016 
520.000000	 0.035907 
518.000000	 0.035377 
516.000000	 0.037348 
514.000000	 0.040526 
512.000000	 0.042123 
510.000000	 0.042779 
508.000000	 0.043753 
506.000000	 0.043053 
504.000000	 0.040748 
502.000000	 0.038779 
500.000000	 0.038930 
498.000000	 0.039110 
496.000000	 0.038380 
494.000000	 0.038276 
492.000000	 0.038491 
490.000000	 0.037854 
488.000000	 0.037121 
486.000000	 0.037028 
484.000000	 0.036613 
482.000000	 0.035458 
480.000000	 0.035134 
478.000000	 0.035697 
476.000000	 0.035109 
474.000000	 0.033216 
472.000000	 0.033032 
470.000000	 0.034540 
468.000000	 0.033640 
466.000000	 0.031921 
464.000000	 0.031433 
462.000000	 0.030670 
460.000000	 0.028143 
458.000000	 0.025647 
456.000000	 0.028507 
454.000000	 0.030668 
452.000000	 0.029320 
450.000000	 0.028816 

