4400.000000	1.319502 
4398.000000	1.315980 
4396.000000	1.316894 
4394.000000	1.315245 
4392.000000	1.311172 
4390.000000	1.314510 
4388.000000	1.316156 
4386.000000	1.312375 
4384.000000	1.311091 
4382.000000	1.314615 
4380.000000	1.322462 
4378.000000	1.322033 
4376.000000	1.316771 
4374.000000	1.314429 
4372.000000	1.316711 
4370.000000	1.320034 
4368.000000	1.316591 
4366.000000	1.315188 
4364.000000	1.316325 
4362.000000	1.316295 
4360.000000	1.314060 
4358.000000	1.310096 
4356.000000	1.307611 
4354.000000	1.311197 
4352.000000	1.315470 
4350.000000	1.315102 
4348.000000	1.313906 
4346.000000	1.316398 
4344.000000	1.319211 
4342.000000	1.320679 
4340.000000	1.318212 
4338.000000	1.315036 
4336.000000	1.316398 
4334.000000	1.318894 
4332.000000	1.316626 
4330.000000	1.310748 
4328.000000	1.308282 
4326.000000	1.306611 
4324.000000	1.304277 
4322.000000	1.303637 
4320.000000	1.306424 
4318.000000	1.309644 
4316.000000	1.311286 
4314.000000	1.315978 
4312.000000	1.315704 
4310.000000	1.311424 
4308.000000	1.312035 
4306.000000	1.312796 
4304.000000	1.310608 
4302.000000	1.308952 
4300.000000	1.307613 
4298.000000	1.308834 
4296.000000	1.310663 
4294.000000	1.309657 
4292.000000	1.311938 
4290.000000	1.315798 
4288.000000	1.316720 
4286.000000	1.314147 
4284.000000	1.310907 
4282.000000	1.310773 
4280.000000	1.313188 
4278.000000	1.316993 
4276.000000	1.316572 
4274.000000	1.312137 
4272.000000	1.311042 
4270.000000	1.310160 
4268.000000	1.308910 
4266.000000	1.309494 
4264.000000	1.310337 
4262.000000	1.310553 
4260.000000	1.311150 
4258.000000	1.310809 
4256.000000	1.311169 
4254.000000	1.314299 
4252.000000	1.315462 
4250.000000	1.314130 
4248.000000	1.309790 
4246.000000	1.306875 
4244.000000	1.309182 
4242.000000	1.312947 
4240.000000	1.314267 
4238.000000	1.313467 
4236.000000	1.311795 
4234.000000	1.307289 
4232.000000	1.303883 
4230.000000	1.304020 
4228.000000	1.308134 
4226.000000	1.311810 
4224.000000	1.311810 
4222.000000	1.310659 
4220.000000	1.312331 
4218.000000	1.315755 
4216.000000	1.314062 
4214.000000	1.310951 
4212.000000	1.315890 
4210.000000	1.317440 
4208.000000	1.311609 
4206.000000	1.306010 
4204.000000	1.302705 
4202.000000	1.301619 
4200.000000	1.303470 
4198.000000	1.306508 
4196.000000	1.308457 
4194.000000	1.310221 
4192.000000	1.309938 
4190.000000	1.307709 
4188.000000	1.310418 
4186.000000	1.313239 
4184.000000	1.313197 
4182.000000	1.312180 
4180.000000	1.311059 
4178.000000	1.310426 
4176.000000	1.309644 
4174.000000	1.309767 
4172.000000	1.307411 
4170.000000	1.303908 
4168.000000	1.304563 
4166.000000	1.304943 
4164.000000	1.300896 
4162.000000	1.301579 
4160.000000	1.308844 
4158.000000	1.312548 
4156.000000	1.312947 
4154.000000	1.311326 
4152.000000	1.307144 
4150.000000	1.309629 
4148.000000	1.310278 
4146.000000	1.305551 
4144.000000	1.306010 
4142.000000	1.305181 
4140.000000	1.301152 
4138.000000	1.300794 
4136.000000	1.300821 
4134.000000	1.300079 
4132.000000	1.299631 
4130.000000	1.302434 
4128.000000	1.306110 
4126.000000	1.308128 
4124.000000	1.312530 
4122.000000	1.314222 
4120.000000	1.311329 
4118.000000	1.307092 
4116.000000	1.302171 
4114.000000	1.301523 
4112.000000	1.301615 
4110.000000	1.300120 
4108.000000	1.298936 
4106.000000	1.297272 
4104.000000	1.297364 
4102.000000	1.299239 
4100.000000	1.302156 
4098.000000	1.303514 
4096.000000	1.303008 
4094.000000	1.303630 
4092.000000	1.302470 
4090.000000	1.303050 
4088.000000	1.302729 
4086.000000	1.299321 
4084.000000	1.297212 
4082.000000	1.297352 
4080.000000	1.297792 
4078.000000	1.296064 
4076.000000	1.294934 
4074.000000	1.297522 
4072.000000	1.299299 
4070.000000	1.299909 
4068.000000	1.297818 
4066.000000	1.297227 
4064.000000	1.298917 
4062.000000	1.298014 
4060.000000	1.300492 
4058.000000	1.304439 
4056.000000	1.304709 
4054.000000	1.305340 
4052.000000	1.306850 
4050.000000	1.305162 
4048.000000	1.300807 
4046.000000	1.295766 
4044.000000	1.292361 
4042.000000	1.291211 
4040.000000	1.292864 
4038.000000	1.297944 
4036.000000	1.301880 
4034.000000	1.302486 
4032.000000	1.301246 
4030.000000	1.302946 
4028.000000	1.303576 
4026.000000	1.303610 
4024.000000	1.304650 
4022.000000	1.301320 
4020.000000	1.294748 
4018.000000	1.293535 
4016.000000	1.295547 
4014.000000	1.297584 
4012.000000	1.297824 
4010.000000	1.299521 
4008.000000	1.301455 
4006.000000	1.301789 
4004.000000	1.301399 
4002.000000	1.301372 
4000.000000	1.302694 
3998.000000	1.303314 
3996.000000	1.300637 
3994.000000	1.298374 
3992.000000	1.299305 
3990.000000	1.299334 
3988.000000	1.296214 
3986.000000	1.294063 
3984.000000	1.293939 
3982.000000	1.294183 
3980.000000	1.295347 
3978.000000	1.294436 
3976.000000	1.294024 
3974.000000	1.294987 
3972.000000	1.298304 
3970.000000	1.302615 
3968.000000	1.304959 
3966.000000	1.306380 
3964.000000	1.303949 
3962.000000	1.301391 
3960.000000	1.302815 
3958.000000	1.301700 
3956.000000	1.299305 
3954.000000	1.297522 
3952.000000	1.295561 
3950.000000	1.295972 
3948.000000	1.296862 
3946.000000	1.297615 
3944.000000	1.299583 
3942.000000	1.300614 
3940.000000	1.296009 
3938.000000	1.291971 
3936.000000	1.293886 
3934.000000	1.296349 
3932.000000	1.297921 
3930.000000	1.297773 
3928.000000	1.295271 
3926.000000	1.298388 
3924.000000	1.297333 
3922.000000	1.292324 
3920.000000	1.291139 
3918.000000	1.294104 
3916.000000	1.295893 
3914.000000	1.290552 
3912.000000	1.289512 
3910.000000	1.290959 
3908.000000	1.290431 
3906.000000	1.294503 
3904.000000	1.301776 
3902.000000	1.301926 
3900.000000	1.300329 
3898.000000	1.294151 
3896.000000	1.288192 
3894.000000	1.287910 
3892.000000	1.291562 
3890.000000	1.287826 
3888.000000	1.283513 
3886.000000	1.290041 
3884.000000	1.286386 
3882.000000	1.286456 
3880.000000	1.291217 
3878.000000	1.287218 
3876.000000	1.293147 
3874.000000	1.297590 
3872.000000	1.292164 
3870.000000	1.301095 
3868.000000	1.290724 
3866.000000	1.290097 
3864.000000	1.295641 
3862.000000	1.295729 
3860.000000	1.289936 
3858.000000	1.278406 
3856.000000	1.272407 
3854.000000	1.289409 
3852.000000	1.295821 
3850.000000	1.290550 
3848.000000	1.288610 
3846.000000	1.289053 
3844.000000	1.294611 
3842.000000	1.294236 
3840.000000	1.292271 
3838.000000	1.295786 
3836.000000	1.293808 
3834.000000	1.289684 
3832.000000	1.290386 
3830.000000	1.287741 
3828.000000	1.284379 
3826.000000	1.281137 
3824.000000	1.274187 
3822.000000	1.284767 
3820.000000	1.285962 
3818.000000	1.283097 
3816.000000	1.296286 
3814.000000	1.291914 
3812.000000	1.289567 
3810.000000	1.289589 
3808.000000	1.292958 
3806.000000	1.290421 
3804.000000	1.280344 
3802.000000	1.290217 
3800.000000	1.289837 
3798.000000	1.285308 
3796.000000	1.288169 
3794.000000	1.284851 
3792.000000	1.286140 
3790.000000	1.288015 
3788.000000	1.284865 
3786.000000	1.282466 
3784.000000	1.281986 
3782.000000	1.283821 
3780.000000	1.290465 
3778.000000	1.294299 
3776.000000	1.294867 
3774.000000	1.291736 
3772.000000	1.289603 
3770.000000	1.292446 
3768.000000	1.286736 
3766.000000	1.286348 
3764.000000	1.283976 
3762.000000	1.282309 
3760.000000	1.286937 
3758.000000	1.285280 
3756.000000	1.277917 
3754.000000	1.276249 
3752.000000	1.285208 
3750.000000	1.285966 
3748.000000	1.278604 
3746.000000	1.284373 
3744.000000	1.299200 
3742.000000	1.285650 
3740.000000	1.277642 
3738.000000	1.278390 
3736.000000	1.287922 
3734.000000	1.288865 
3732.000000	1.286476 
3730.000000	1.280467 
3728.000000	1.278935 
3726.000000	1.281526 
3724.000000	1.280696 
3722.000000	1.284315 
3720.000000	1.286853 
3718.000000	1.287191 
3716.000000	1.282156 
3714.000000	1.280001 
3712.000000	1.288067 
3710.000000	1.293878 
3708.000000	1.290457 
3706.000000	1.285382 
3704.000000	1.285176 
3702.000000	1.288328 
3700.000000	1.286368 
3698.000000	1.284086 
3696.000000	1.284167 
3694.000000	1.280417 
3692.000000	1.281046 
3690.000000	1.289228 
3688.000000	1.300492 
3686.000000	1.295829 
3684.000000	1.292371 
3682.000000	1.295210 
3680.000000	1.293660 
3678.000000	1.289008 
3676.000000	1.296130 
3674.000000	1.290410 
3672.000000	1.285266 
3670.000000	1.293037 
3668.000000	1.292306 
3666.000000	1.291199 
3664.000000	1.292783 
3662.000000	1.294956 
3660.000000	1.292915 
3658.000000	1.292062 
3656.000000	1.295171 
3654.000000	1.289151 
3652.000000	1.292318 
3650.000000	1.299899 
3648.000000	1.302800 
3646.000000	1.296970 
3644.000000	1.290421 
3642.000000	1.291432 
3640.000000	1.291430 
3638.000000	1.289450 
3636.000000	1.287350 
3634.000000	1.283733 
3632.000000	1.278771 
3630.000000	1.288904 
3628.000000	1.297535 
3626.000000	1.294358 
3624.000000	1.295042 
3622.000000	1.293450 
3620.000000	1.297566 
3618.000000	1.299014 
3616.000000	1.295075 
3614.000000	1.293393 
3612.000000	1.289131 
3610.000000	1.289409 
3608.000000	1.291483 
3606.000000	1.292247 
3604.000000	1.292460 
3602.000000	1.291497 
3600.000000	1.290605 
3598.000000	1.291444 
3596.000000	1.292389 
3594.000000	1.296622 
3592.000000	1.296486 
3590.000000	1.293576 
3588.000000	1.294883 
3586.000000	1.293375 
3584.000000	1.292474 
3582.000000	1.295919 
3580.000000	1.296892 
3578.000000	1.294538 
3576.000000	1.292259 
3574.000000	1.291809 
3572.000000	1.287954 
3570.000000	1.286218 
3568.000000	1.290746 
3566.000000	1.291777 
3564.000000	1.290079 
3562.000000	1.291963 
3560.000000	1.294916 
3558.000000	1.295880 
3556.000000	1.294526 
3554.000000	1.293672 
3552.000000	1.293086 
3550.000000	1.287641 
3548.000000	1.284909 
3546.000000	1.286680 
3544.000000	1.290819 
3542.000000	1.291230 
3540.000000	1.290366 
3538.000000	1.290057 
3536.000000	1.292164 
3534.000000	1.296769 
3532.000000	1.296214 
3530.000000	1.291064 
3528.000000	1.290031 
3526.000000	1.292397 
3524.000000	1.294114 
3522.000000	1.292517 
3520.000000	1.291217 
3518.000000	1.291896 
3516.000000	1.289700 
3514.000000	1.285676 
3512.000000	1.286977 
3510.000000	1.292349 
3508.000000	1.291521 
3506.000000	1.286752 
3504.000000	1.285236 
3502.000000	1.286873 
3500.000000	1.290392 
3498.000000	1.293354 
3496.000000	1.295710 
3494.000000	1.295950 
3492.000000	1.293208 
3490.000000	1.292381 
3488.000000	1.290239 
3486.000000	1.287318 
3484.000000	1.285530 
3482.000000	1.287043 
3480.000000	1.286284 
3478.000000	1.283272 
3476.000000	1.283552 
3474.000000	1.284379 
3472.000000	1.285768 
3470.000000	1.290823 
3468.000000	1.294151 
3466.000000	1.295631 
3464.000000	1.295193 
3462.000000	1.293249 
3460.000000	1.291280 
3458.000000	1.289168 
3456.000000	1.287336 
3454.000000	1.287468 
3452.000000	1.288519 
3450.000000	1.288433 
3448.000000	1.287047 
3446.000000	1.282097 
3444.000000	1.278034 
3442.000000	1.278687 
3440.000000	1.283453 
3438.000000	1.286336 
3436.000000	1.286254 
3434.000000	1.284349 
3432.000000	1.284662 
3430.000000	1.287085 
3428.000000	1.288606 
3426.000000	1.286746 
3424.000000	1.284155 
3422.000000	1.282847 
3420.000000	1.281044 
3418.000000	1.279248 
3416.000000	1.279528 
3414.000000	1.279078 
3412.000000	1.280949 
3410.000000	1.282595 
3408.000000	1.280716 
3406.000000	1.281024 
3404.000000	1.285314 
3402.000000	1.286328 
3400.000000	1.285698 
3398.000000	1.286955 
3396.000000	1.285143 
3394.000000	1.281958 
3392.000000	1.281251 
3390.000000	1.280174 
3388.000000	1.277734 
3386.000000	1.277934 
3384.000000	1.277738 
3382.000000	1.277160 
3380.000000	1.276576 
3378.000000	1.276848 
3376.000000	1.278520 
3374.000000	1.279662 
3372.000000	1.282603 
3370.000000	1.283972 
3368.000000	1.281956 
3366.000000	1.282081 
3364.000000	1.278939 
3362.000000	1.276958 
3360.000000	1.278400 
3358.000000	1.278502 
3356.000000	1.277579 
3354.000000	1.276259 
3352.000000	1.274919 
3350.000000	1.275159 
3348.000000	1.275282 
3346.000000	1.275917 
3344.000000	1.277171 
3342.000000	1.280309 
3340.000000	1.280927 
3338.000000	1.280019 
3336.000000	1.281056 
3334.000000	1.280224 
3332.000000	1.278565 
3330.000000	1.277979 
3328.000000	1.274865 
3326.000000	1.271306 
3324.000000	1.267781 
3322.000000	1.267709 
3320.000000	1.271805 
3318.000000	1.272150 
3316.000000	1.270575 
3314.000000	1.273003 
3312.000000	1.277450 
3310.000000	1.278017 
3308.000000	1.276189 
3306.000000	1.274368 
3304.000000	1.274132 
3302.000000	1.275095 
3300.000000	1.273971 
3298.000000	1.272735 
3296.000000	1.272053 
3294.000000	1.270072 
3292.000000	1.268590 
3290.000000	1.268486 
3288.000000	1.268031 
3286.000000	1.265805 
3284.000000	1.266403 
3282.000000	1.267312 
3280.000000	1.266403 
3278.000000	1.268911 
3276.000000	1.272685 
3274.000000	1.273541 
3272.000000	1.274066 
3270.000000	1.273681 
3268.000000	1.271718 
3266.000000	1.268467 
3264.000000	1.264122 
3262.000000	1.260763 
3260.000000	1.260030 
3258.000000	1.263738 
3256.000000	1.268050 
3254.000000	1.268471 
3252.000000	1.265925 
3250.000000	1.264267 
3248.000000	1.265392 
3246.000000	1.268826 
3244.000000	1.271139 
3242.000000	1.271780 
3240.000000	1.270228 
3238.000000	1.268158 
3236.000000	1.266510 
3234.000000	1.263979 
3232.000000	1.262779 
3230.000000	1.261449 
3228.000000	1.261961 
3226.000000	1.263618 
3224.000000	1.262139 
3222.000000	1.259480 
3220.000000	1.258073 
3218.000000	1.259303 
3216.000000	1.261511 
3214.000000	1.261852 
3212.000000	1.263698 
3210.000000	1.265387 
3208.000000	1.264563 
3206.000000	1.260942 
3204.000000	1.260701 
3202.000000	1.261046 
3200.000000	1.257349 
3198.000000	1.255399 
3196.000000	1.256599 
3194.000000	1.256356 
3192.000000	1.254536 
3190.000000	1.256580 
3188.000000	1.259429 
3186.000000	1.260738 
3184.000000	1.262287 
3182.000000	1.261710 
3180.000000	1.261369 
3178.000000	1.262245 
3176.000000	1.259587 
3174.000000	1.258292 
3172.000000	1.259367 
3170.000000	1.259512 
3168.000000	1.259745 
3166.000000	1.258974 
3164.000000	1.256068 
3162.000000	1.252534 
3160.000000	1.250894 
3158.000000	1.252413 
3156.000000	1.253145 
3154.000000	1.253470 
3152.000000	1.254507 
3150.000000	1.256861 
3148.000000	1.259523 
3146.000000	1.258600 
3144.000000	1.255563 
3142.000000	1.253440 
3140.000000	1.253572 
3138.000000	1.251616 
3136.000000	1.249842 
3134.000000	1.251792 
3132.000000	1.251444 
3130.000000	1.249770 
3128.000000	1.250028 
3126.000000	1.249526 
3124.000000	1.250599 
3122.000000	1.254415 
3120.000000	1.254438 
3118.000000	1.254520 
3116.000000	1.255205 
3114.000000	1.252452 
3112.000000	1.251307 
3110.000000	1.251786 
3108.000000	1.249367 
3106.000000	1.245453 
3104.000000	1.246379 
3102.000000	1.247709 
3100.000000	1.247621 
3098.000000	1.246195 
3096.000000	1.245014 
3094.000000	1.246811 
3092.000000	1.248737 
3090.000000	1.248178 
3088.000000	1.248482 
3086.000000	1.250418 
3084.000000	1.252012 
3082.000000	1.251101 
3080.000000	1.251180 
3078.000000	1.251158 
3076.000000	1.248169 
3074.000000	1.244421 
3072.000000	1.241999 
3070.000000	1.240568 
3068.000000	1.241663 
3066.000000	1.242993 
3064.000000	1.241416 
3062.000000	1.241279 
3060.000000	1.243008 
3058.000000	1.245331 
3056.000000	1.247513 
3054.000000	1.246801 
3052.000000	1.246621 
3050.000000	1.247983 
3048.000000	1.247465 
3046.000000	1.245427 
3044.000000	1.242893 
3042.000000	1.241842 
3040.000000	1.244118 
3038.000000	1.245878 
3036.000000	1.243963 
3034.000000	1.241935 
3032.000000	1.239096 
3030.000000	1.239345 
3028.000000	1.240716 
3026.000000	1.240828 
3024.000000	1.242397 
3022.000000	1.243833 
3020.000000	1.243651 
3018.000000	1.243236 
3016.000000	1.244336 
3014.000000	1.245061 
3012.000000	1.243669 
3010.000000	1.241873 
3008.000000	1.240662 
3006.000000	1.241095 
3004.000000	1.241041 
3002.000000	1.239370 
3000.000000	1.239764 
2998.000000	1.239652 
2996.000000	1.240920 
2994.000000	1.243718 
2992.000000	1.244761 
2990.000000	1.242510 
2988.000000	1.240468 
2986.000000	1.241900 
2984.000000	1.241960 
2982.000000	1.241320 
2980.000000	1.241644 
2978.000000	1.240180 
2976.000000	1.239072 
2974.000000	1.238582 
2972.000000	1.239410 
2970.000000	1.241485 
2968.000000	1.242511 
2966.000000	1.243720 
2964.000000	1.243849 
2962.000000	1.242540 
2960.000000	1.243909 
2958.000000	1.245120 
2956.000000	1.244414 
2954.000000	1.241936 
2952.000000	1.239453 
2950.000000	1.239067 
2948.000000	1.237998 
2946.000000	1.236655 
2944.000000	1.235822 
2942.000000	1.234593 
2940.000000	1.235069 
2938.000000	1.237572 
2936.000000	1.239133 
2934.000000	1.240547 
2932.000000	1.240895 
2930.000000	1.241122 
2928.000000	1.244932 
2926.000000	1.247549 
2924.000000	1.245202 
2922.000000	1.242669 
2920.000000	1.241705 
2918.000000	1.240439 
2916.000000	1.239892 
2914.000000	1.237463 
2912.000000	1.233554 
2910.000000	1.232448 
2908.000000	1.232177 
2906.000000	1.231225 
2904.000000	1.231577 
2902.000000	1.232137 
2900.000000	1.231784 
2898.000000	1.232904 
2896.000000	1.234042 
2894.000000	1.232577 
2892.000000	1.233471 
2890.000000	1.233531 
2888.000000	1.230098 
2886.000000	1.231075 
2884.000000	1.232379 
2882.000000	1.229000 
2880.000000	1.227165 
2878.000000	1.227043 
2876.000000	1.226692 
2874.000000	1.225015 
2872.000000	1.223902 
2870.000000	1.224138 
2868.000000	1.225904 
2866.000000	1.227753 
2864.000000	1.229533 
2862.000000	1.229267 
2860.000000	1.228197 
2858.000000	1.228998 
2856.000000	1.230471 
2854.000000	1.232111 
2852.000000	1.231126 
2850.000000	1.227321 
2848.000000	1.225105 
2846.000000	1.224475 
2844.000000	1.224610 
2842.000000	1.225972 
2840.000000	1.224473 
2838.000000	1.223304 
2836.000000	1.223074 
2834.000000	1.221671 
2832.000000	1.220657 
2830.000000	1.221294 
2828.000000	1.221630 
2826.000000	1.220665 
2824.000000	1.219709 
2822.000000	1.218931 
2820.000000	1.217019 
2818.000000	1.216325 
2816.000000	1.217475 
2814.000000	1.218355 
2812.000000	1.218667 
2810.000000	1.218811 
2808.000000	1.217607 
2806.000000	1.218646 
2804.000000	1.220751 
2802.000000	1.221254 
2800.000000	1.220820 
2798.000000	1.218800 
2796.000000	1.216947 
2794.000000	1.215901 
2792.000000	1.215168 
2790.000000	1.215015 
2788.000000	1.214129 
2786.000000	1.211786 
2784.000000	1.212189 
2782.000000	1.213718 
2780.000000	1.213894 
2778.000000	1.214475 
2776.000000	1.214253 
2774.000000	1.214063 
2772.000000	1.214910 
2770.000000	1.217046 
2768.000000	1.217121 
2766.000000	1.213923 
2764.000000	1.213051 
2762.000000	1.213056 
2760.000000	1.212198 
2758.000000	1.211862 
2756.000000	1.211254 
2754.000000	1.209603 
2752.000000	1.209625 
2750.000000	1.209737 
2748.000000	1.207857 
2746.000000	1.206282 
2744.000000	1.207770 
2742.000000	1.209622 
2740.000000	1.210804 
2738.000000	1.211881 
2736.000000	1.209858 
2734.000000	1.210018 
2732.000000	1.210771 
2730.000000	1.208384 
2728.000000	1.207034 
2726.000000	1.206669 
2724.000000	1.204759 
2722.000000	1.201818 
2720.000000	1.201624 
2718.000000	1.204180 
2716.000000	1.204170 
2714.000000	1.203578 
2712.000000	1.205506 
2710.000000	1.206048 
2708.000000	1.205552 
2706.000000	1.204465 
2704.000000	1.203616 
2702.000000	1.206437 
2700.000000	1.206411 
2698.000000	1.203366 
2696.000000	1.201546 
2694.000000	1.201902 
2692.000000	1.199563 
2690.000000	1.196529 
2688.000000	1.198666 
2686.000000	1.199247 
2684.000000	1.197316 
2682.000000	1.199316 
2680.000000	1.202255 
2678.000000	1.201726 
2676.000000	1.200681 
2674.000000	1.200311 
2672.000000	1.200284 
2670.000000	1.201375 
2668.000000	1.201759 
2666.000000	1.199331 
2664.000000	1.195354 
2662.000000	1.193120 
2660.000000	1.192481 
2658.000000	1.192589 
2656.000000	1.193331 
2654.000000	1.194864 
2652.000000	1.196098 
2650.000000	1.196576 
2648.000000	1.195800 
2646.000000	1.194841 
2644.000000	1.195969 
2642.000000	1.197531 
2640.000000	1.197324 
2638.000000	1.195505 
2636.000000	1.193790 
2634.000000	1.193766 
2632.000000	1.193590 
2630.000000	1.192394 
2628.000000	1.191249 
2626.000000	1.191289 
2624.000000	1.191119 
2622.000000	1.189824 
2620.000000	1.189822 
2618.000000	1.190725 
2616.000000	1.191851 
2614.000000	1.192618 
2612.000000	1.193200 
2610.000000	1.193089 
2608.000000	1.192033 
2606.000000	1.190472 
2604.000000	1.190321 
2602.000000	1.191925 
2600.000000	1.192063 
2598.000000	1.188609 
2596.000000	1.185764 
2594.000000	1.186567 
2592.000000	1.187229 
2590.000000	1.187900 
2588.000000	1.188650 
2586.000000	1.188392 
2584.000000	1.189772 
2582.000000	1.190855 
2580.000000	1.189767 
2578.000000	1.189397 
2576.000000	1.189050 
2574.000000	1.189085 
2572.000000	1.188927 
2570.000000	1.188146 
2568.000000	1.187492 
2566.000000	1.185305 
2564.000000	1.183974 
2562.000000	1.184358 
2560.000000	1.184001 
2558.000000	1.185367 
2556.000000	1.186474 
2554.000000	1.187100 
2552.000000	1.184950 
2550.000000	1.183737 
2548.000000	1.186072 
2546.000000	1.188066 
2544.000000	1.188152 
2542.000000	1.186859 
2540.000000	1.185777 
2538.000000	1.185044 
2536.000000	1.183403 
2534.000000	1.182005 
2532.000000	1.180735 
2530.000000	1.180356 
2528.000000	1.179870 
2526.000000	1.178783 
2524.000000	1.177759 
2522.000000	1.176624 
2520.000000	1.177242 
2518.000000	1.179353 
2516.000000	1.181257 
2514.000000	1.182411 
2512.000000	1.181676 
2510.000000	1.179467 
2508.000000	1.178286 
2506.000000	1.178069 
2504.000000	1.178330 
2502.000000	1.177608 
2500.000000	1.176265 
2498.000000	1.175683 
2496.000000	1.175873 
2494.000000	1.176701 
2492.000000	1.177490 
2490.000000	1.177060 
2488.000000	1.176060 
2486.000000	1.175863 
2484.000000	1.176345 
2482.000000	1.176878 
2480.000000	1.178208 
2478.000000	1.177887 
2476.000000	1.175708 
2474.000000	1.173753 
2472.000000	1.172310 
2470.000000	1.171536 
2468.000000	1.172005 
2466.000000	1.171530 
2464.000000	1.170427 
2462.000000	1.170485 
2460.000000	1.171429 
2458.000000	1.172387 
2456.000000	1.174293 
2454.000000	1.175794 
2452.000000	1.175935 
2450.000000	1.175130 
2448.000000	1.173742 
2446.000000	1.172436 
2444.000000	1.172285 
2442.000000	1.171802 
2440.000000	1.170855 
2438.000000	1.169599 
2436.000000	1.167675 
2434.000000	1.166969 
2432.000000	1.166524 
2430.000000	1.166773 
2428.000000	1.167374 
2426.000000	1.167916 
2424.000000	1.168370 
2422.000000	1.170006 
2420.000000	1.170901 
2418.000000	1.170200 
2416.000000	1.171627 
2414.000000	1.171323 
2412.000000	1.167677 
2410.000000	1.166322 
2408.000000	1.166234 
2406.000000	1.164825 
2404.000000	1.164336 
2402.000000	1.162776 
2400.000000	1.161585 
2398.000000	1.161764 
2396.000000	1.162441 
2394.000000	1.164478 
2392.000000	1.167054 
2390.000000	1.169048 
2388.000000	1.168241 
2386.000000	1.165803 
2384.000000	1.163476 
2382.000000	1.162805 
2380.000000	1.161898 
2378.000000	1.158394 
2376.000000	1.154778 
2374.000000	1.150313 
2372.000000	1.146946 
2370.000000	1.145544 
2368.000000	1.146451 
2366.000000	1.149178 
2364.000000	1.147190 
2362.000000	1.140716 
2360.000000	1.140830 
2358.000000	1.145229 
2356.000000	1.149474 
2354.000000	1.153381 
2352.000000	1.155264 
2350.000000	1.151270 
2348.000000	1.146034 
2346.000000	1.143268 
2344.000000	1.138328 
2342.000000	1.138712 
2340.000000	1.141337 
2338.000000	1.142316 
2336.000000	1.145071 
2334.000000	1.143962 
2332.000000	1.140404 
2330.000000	1.142570 
2328.000000	1.145818 
2326.000000	1.148806 
2324.000000	1.153836 
2322.000000	1.157934 
2320.000000	1.157295 
2318.000000	1.154763 
2316.000000	1.152485 
2314.000000	1.148752 
2312.000000	1.148344 
2310.000000	1.150612 
2308.000000	1.151255 
2306.000000	1.151787 
2304.000000	1.152838 
2302.000000	1.153660 
2300.000000	1.155146 
2298.000000	1.156177 
2296.000000	1.156555 
2294.000000	1.158200 
2292.000000	1.160142 
2290.000000	1.158354 
2288.000000	1.157069 
2286.000000	1.157439 
2284.000000	1.157734 
2282.000000	1.158147 
2280.000000	1.159006 
2278.000000	1.159747 
2276.000000	1.160079 
2274.000000	1.160598 
2272.000000	1.162718 
2270.000000	1.164457 
2268.000000	1.165452 
2266.000000	1.167447 
2264.000000	1.170082 
2262.000000	1.173179 
2260.000000	1.175121 
2258.000000	1.176817 
2256.000000	1.178592 
2254.000000	1.177630 
2252.000000	1.176665 
2250.000000	1.177049 
2248.000000	1.177186 
2246.000000	1.177432 
2244.000000	1.178155 
2242.000000	1.179092 
2240.000000	1.178872 
2238.000000	1.179950 
2236.000000	1.179375 
2234.000000	1.177065 
2232.000000	1.175499 
2230.000000	1.174939 
2228.000000	1.173847 
2226.000000	1.174563 
2224.000000	1.175905 
2222.000000	1.174654 
2220.000000	1.172375 
2218.000000	1.171604 
2216.000000	1.170695 
2214.000000	1.171606 
2212.000000	1.173943 
2210.000000	1.173829 
2208.000000	1.173971 
2206.000000	1.175152 
2204.000000	1.177370 
2202.000000	1.179893 
2200.000000	1.181945 
2198.000000	1.184134 
2196.000000	1.185618 
2194.000000	1.187184 
2192.000000	1.186231 
2190.000000	1.181734 
2188.000000	1.180139 
2186.000000	1.179624 
2184.000000	1.177985 
2182.000000	1.176567 
2180.000000	1.177331 
2178.000000	1.176565 
2176.000000	1.174500 
2174.000000	1.174857 
2172.000000	1.177001 
2170.000000	1.177222 
2168.000000	1.177354 
2166.000000	1.177938 
2164.000000	1.179298 
2162.000000	1.180696 
2160.000000	1.180166 
2158.000000	1.177787 
2156.000000	1.178770 
2154.000000	1.184353 
2152.000000	1.190805 
2150.000000	1.196604 
2148.000000	1.202477 
2146.000000	1.207565 
2144.000000	1.212076 
2142.000000	1.215007 
2140.000000	1.216121 
2138.000000	1.217127 
2136.000000	1.217748 
2134.000000	1.219845 
2132.000000	1.219027 
2130.000000	1.216121 
2128.000000	1.217644 
2126.000000	1.221846 
2124.000000	1.226010 
2122.000000	1.232271 
2120.000000	1.240244 
2118.000000	1.249419 
2116.000000	1.255798 
2114.000000	1.257630 
2112.000000	1.259214 
2110.000000	1.260001 
2108.000000	1.258052 
2106.000000	1.255552 
2104.000000	1.249746 
2102.000000	1.243258 
2100.000000	1.238385 
2098.000000	1.233301 
2096.000000	1.230296 
2094.000000	1.232552 
2092.000000	1.237749 
2090.000000	1.242155 
2088.000000	1.241021 
2086.000000	1.235888 
2084.000000	1.230680 
2082.000000	1.226364 
2080.000000	1.221475 
2078.000000	1.215018 
2076.000000	1.207349 
2074.000000	1.198980 
2072.000000	1.189742 
2070.000000	1.179574 
2068.000000	1.167963 
2066.000000	1.154528 
2064.000000	1.142360 
2062.000000	1.132199 
2060.000000	1.124817 
2058.000000	1.118688 
2056.000000	1.112658 
2054.000000	1.110475 
2052.000000	1.108898 
2050.000000	1.104672 
2048.000000	1.101415 
2046.000000	1.100284 
2044.000000	1.102035 
2042.000000	1.103842 
2040.000000	1.103708 
2038.000000	1.102142 
2036.000000	1.099831 
2034.000000	1.098075 
2032.000000	1.095063 
2030.000000	1.093443 
2028.000000	1.093835 
2026.000000	1.092477 
2024.000000	1.091674 
2022.000000	1.091895 
2020.000000	1.090493 
2018.000000	1.089851 
2016.000000	1.090947 
2014.000000	1.091497 
2012.000000	1.091530 
2010.000000	1.091799 
2008.000000	1.090563 
2006.000000	1.088944 
2004.000000	1.088319 
2002.000000	1.087690 
2000.000000	1.087288 
1998.000000	1.085527 
1996.000000	1.082713 
1994.000000	1.081792 
1992.000000	1.082006 
1990.000000	1.081598 
1988.000000	1.080237 
1986.000000	1.079884 
1984.000000	1.081434 
1982.000000	1.082012 
1980.000000	1.082576 
1978.000000	1.082849 
1976.000000	1.081423 
1974.000000	1.081002 
1972.000000	1.080253 
1970.000000	1.077232 
1968.000000	1.074447 
1966.000000	1.072749 
1964.000000	1.071149 
1962.000000	1.070909 
1960.000000	1.071377 
1958.000000	1.071008 
1956.000000	1.070160 
1954.000000	1.070134 
1952.000000	1.070691 
1950.000000	1.072160 
1948.000000	1.071852 
1946.000000	1.070202 
1944.000000	1.069588 
1942.000000	1.070508 
1940.000000	1.069804 
1938.000000	1.068385 
1936.000000	1.067017 
1934.000000	1.064795 
1932.000000	1.063622 
1930.000000	1.063523 
1928.000000	1.061784 
1926.000000	1.060742 
1924.000000	1.061686 
1922.000000	1.061146 
1920.000000	1.060781 
1918.000000	1.062745 
1916.000000	1.063862 
1914.000000	1.063679 
1912.000000	1.063178 
1910.000000	1.061102 
1908.000000	1.058619 
1906.000000	1.057965 
1904.000000	1.058168 
1902.000000	1.056820 
1900.000000	1.054943 
1898.000000	1.053180 
1896.000000	1.052026 
1894.000000	1.051983 
1892.000000	1.051686 
1890.000000	1.052322 
1888.000000	1.053037 
1886.000000	1.053016 
1884.000000	1.052157 
1882.000000	1.052121 
1880.000000	1.052429 
1878.000000	1.050501 
1876.000000	1.048766 
1874.000000	1.046509 
1872.000000	1.043361 
1870.000000	1.041740 
1868.000000	1.042229 
1866.000000	1.042320 
1864.000000	1.041882 
1862.000000	1.041819 
1860.000000	1.041954 
1858.000000	1.040965 
1856.000000	1.041827 
1854.000000	1.042013 
1852.000000	1.040695 
1850.000000	1.040403 
1848.000000	1.039568 
1846.000000	1.037573 
1844.000000	1.039089 
1842.000000	1.037214 
1840.000000	1.033402 
1838.000000	1.031372 
1836.000000	1.030535 
1834.000000	1.030328 
1832.000000	1.029595 
1830.000000	1.030201 
1828.000000	1.029920 
1826.000000	1.030732 
1824.000000	1.032622 
1822.000000	1.031946 
1820.000000	1.031134 
1818.000000	1.029961 
1816.000000	1.028840 
1814.000000	1.027710 
1812.000000	1.025975 
1810.000000	1.023925 
1808.000000	1.022397 
1806.000000	1.020915 
1804.000000	1.018769 
1802.000000	1.017945 
1800.000000	1.018237 
1798.000000	1.017081 
1796.000000	1.015937 
1794.000000	1.013875 
1792.000000	1.017493 
1790.000000	1.020038 
1788.000000	1.017708 
1786.000000	1.017795 
1784.000000	1.017676 
1782.000000	1.014829 
1780.000000	1.013589 
1778.000000	1.012552 
1776.000000	1.009717 
1774.000000	1.006673 
1772.000000	1.007683 
1770.000000	1.006911 
1768.000000	1.006057 
1766.000000	1.005356 
1764.000000	1.003963 
1762.000000	1.006802 
1760.000000	1.007678 
1758.000000	1.006003 
1756.000000	1.005952 
1754.000000	1.002065 
1752.000000	1.001286 
1750.000000	1.002545 
1748.000000	1.001598 
1746.000000	1.000064 
1744.000000	0.998292 
1742.000000	0.996047 
1740.000000	0.995419 
1738.000000	0.994133 
1736.000000	0.990751 
1734.000000	0.997222 
1732.000000	0.998485 
1730.000000	0.996003 
1728.000000	0.996163 
1726.000000	0.996231 
1724.000000	0.995559 
1722.000000	0.991946 
1720.000000	0.987629 
1718.000000	0.989465 
1716.000000	0.990856 
1714.000000	0.988034 
1712.000000	0.985437 
1710.000000	0.982819 
1708.000000	0.979318 
1706.000000	0.979008 
1704.000000	0.978357 
1702.000000	0.976624 
1700.000000	0.981591 
1698.000000	0.976847 
1696.000000	0.979194 
1694.000000	0.981698 
1692.000000	0.977430 
1690.000000	0.975598 
1688.000000	0.971923 
1686.000000	0.966475 
1684.000000	0.969705 
1682.000000	0.969480 
1680.000000	0.966900 
1678.000000	0.963993 
1676.000000	0.962730 
1674.000000	0.964551 
1672.000000	0.961328 
1670.000000	0.963190 
1668.000000	0.966316 
1666.000000	0.962676 
1664.000000	0.959400 
1662.000000	0.959915 
1660.000000	0.959388 
1658.000000	0.956708 
1656.000000	0.950049 
1654.000000	0.948943 
1652.000000	0.955941 
1650.000000	0.948949 
1648.000000	0.945255 
1646.000000	0.949316 
1644.000000	0.949120 
1642.000000	0.946798 
1640.000000	0.945599 
1638.000000	0.941758 
1636.000000	0.944729 
1634.000000	0.949401 
1632.000000	0.947032 
1630.000000	0.943758 
1628.000000	0.943318 
1626.000000	0.942053 
1624.000000	0.939929 
1622.000000	0.939722 
1620.000000	0.935969 
1618.000000	0.932464 
1616.000000	0.934438 
1614.000000	0.934020 
1612.000000	0.932730 
1610.000000	0.932061 
1608.000000	0.931650 
1606.000000	0.931650 
1604.000000	0.930757 
1602.000000	0.929291 
1600.000000	0.928464 
1598.000000	0.928167 
1596.000000	0.926905 
1594.000000	0.925560 
1592.000000	0.924514 
1590.000000	0.922343 
1588.000000	0.919582 
1586.000000	0.917159 
1584.000000	0.916119 
1582.000000	0.915433 
1580.000000	0.912500 
1578.000000	0.908265 
1576.000000	0.911550 
1574.000000	0.913372 
1572.000000	0.909858 
1570.000000	0.909690 
1568.000000	0.910510 
1566.000000	0.908626 
1564.000000	0.905800 
1562.000000	0.898965 
1560.000000	0.895586 
1558.000000	0.902219 
1556.000000	0.900073 
1554.000000	0.898177 
1552.000000	0.897170 
1550.000000	0.895986 
1548.000000	0.894003 
1546.000000	0.891714 
1544.000000	0.890710 
1542.000000	0.888594 
1540.000000	0.892024 
1538.000000	0.893978 
1536.000000	0.887671 
1534.000000	0.886303 
1532.000000	0.887881 
1530.000000	0.885234 
1528.000000	0.882009 
1526.000000	0.881148 
1524.000000	0.877992 
1522.000000	0.876319 
1520.000000	0.877459 
1518.000000	0.874284 
1516.000000	0.875225 
1514.000000	0.875205 
1512.000000	0.873464 
1510.000000	0.870716 
1508.000000	0.869619 
1506.000000	0.875733 
1504.000000	0.875035 
1502.000000	0.871207 
1500.000000	0.868529 
1498.000000	0.867625 
1496.000000	0.869326 
1494.000000	0.866520 
1492.000000	0.860902 
1490.000000	0.859840 
1488.000000	0.859797 
1486.000000	0.858359 
1484.000000	0.858700 
1482.000000	0.860026 
1480.000000	0.860042 
1478.000000	0.858537 
1476.000000	0.856331 
1474.000000	0.855370 
1472.000000	0.858270 
1470.000000	0.857377 
1468.000000	0.854008 
1466.000000	0.851609 
1464.000000	0.851766 
1462.000000	0.848434 
1460.000000	0.843283 
1458.000000	0.842466 
1456.000000	0.846799 
1454.000000	0.845012 
1452.000000	0.842828 
1450.000000	0.842315 
1448.000000	0.842182 
1446.000000	0.841129 
1444.000000	0.839071 
1442.000000	0.837066 
1440.000000	0.833994 
1438.000000	0.832283 
1436.000000	0.833852 
1434.000000	0.831048 
1432.000000	0.826865 
1430.000000	0.824803 
1428.000000	0.822635 
1426.000000	0.820289 
1424.000000	0.818996 
1422.000000	0.815126 
1420.000000	0.813390 
1418.000000	0.815299 
1416.000000	0.814591 
1414.000000	0.813125 
1412.000000	0.811575 
1410.000000	0.808994 
1408.000000	0.805535 
1406.000000	0.803649 
1404.000000	0.802576 
1402.000000	0.799617 
1400.000000	0.797225 
1398.000000	0.795119 
1396.000000	0.792873 
1394.000000	0.792895 
1392.000000	0.791500 
1390.000000	0.788614 
1388.000000	0.787821 
1386.000000	0.787656 
1384.000000	0.784961 
1382.000000	0.782445 
1380.000000	0.781124 
1378.000000	0.779376 
1376.000000	0.777060 
1374.000000	0.775672 
1372.000000	0.773287 
1370.000000	0.770849 
1368.000000	0.769306 
1366.000000	0.767008 
1364.000000	0.763339 
1362.000000	0.761020 
1360.000000	0.759556 
1358.000000	0.758059 
1356.000000	0.757020 
1354.000000	0.756198 
1352.000000	0.755209 
1350.000000	0.753544 
1348.000000	0.750724 
1346.000000	0.748951 
1344.000000	0.747564 
1342.000000	0.744771 
1340.000000	0.741524 
1338.000000	0.739002 
1336.000000	0.736943 
1334.000000	0.735050 
1332.000000	0.733407 
1330.000000	0.731832 
1328.000000	0.730660 
1326.000000	0.729352 
1324.000000	0.726839 
1322.000000	0.724886 
1320.000000	0.724019 
1318.000000	0.722691 
1316.000000	0.721352 
1314.000000	0.720029 
1312.000000	0.717998 
1310.000000	0.715331 
1308.000000	0.712695 
1306.000000	0.709855 
1304.000000	0.707193 
1302.000000	0.705608 
1300.000000	0.704080 
1298.000000	0.701431 
1296.000000	0.699684 
1294.000000	0.698509 
1292.000000	0.696863 
1290.000000	0.694972 
1288.000000	0.693484 
1286.000000	0.692257 
1284.000000	0.690291 
1282.000000	0.687788 
1280.000000	0.684746 
1278.000000	0.681747 
1276.000000	0.679722 
1274.000000	0.677461 
1272.000000	0.674765 
1270.000000	0.672266 
1268.000000	0.670032 
1266.000000	0.668284 
1264.000000	0.666416 
1262.000000	0.664664 
1260.000000	0.663313 
1258.000000	0.661962 
1256.000000	0.660160 
1254.000000	0.657632 
1252.000000	0.655277 
1250.000000	0.653067 
1248.000000	0.650712 
1246.000000	0.648588 
1244.000000	0.646113 
1242.000000	0.643938 
1240.000000	0.641824 
1238.000000	0.639573 
1236.000000	0.637131 
1234.000000	0.635429 
1232.000000	0.634445 
1230.000000	0.633923 
1228.000000	0.633340 
1226.000000	0.632088 
1224.000000	0.630243 
1222.000000	0.628813 
1220.000000	0.627723 
1218.000000	0.626737 
1216.000000	0.625933 
1214.000000	0.625090 
1212.000000	0.624064 
1210.000000	0.623150 
1208.000000	0.622938 
1206.000000	0.623389 
1204.000000	0.624672 
1202.000000	0.626044 
1200.000000	0.627755 
1198.000000	0.630280 
1196.000000	0.632884 
1194.000000	0.635225 
1192.000000	0.638105 
1190.000000	0.640816 
1188.000000	0.643524 
1186.000000	0.646462 
1184.000000	0.649657 
1182.000000	0.653221 
1180.000000	0.657716 
1178.000000	0.662129 
1176.000000	0.666649 
1174.000000	0.671456 
1172.000000	0.675647 
1170.000000	0.679527 
1168.000000	0.684937 
1166.000000	0.691135 
1164.000000	0.696904 
1162.000000	0.702424 
1160.000000	0.706986 
1158.000000	0.711668 
1156.000000	0.715888 
1154.000000	0.719164 
1152.000000	0.722759 
1150.000000	0.726940 
1148.000000	0.731249 
1146.000000	0.734508 
1144.000000	0.737742 
1142.000000	0.741484 
1140.000000	0.745100 
1138.000000	0.749200 
1136.000000	0.753529 
1134.000000	0.758388 
1132.000000	0.762529 
1130.000000	0.765171 
1128.000000	0.767295 
1126.000000	0.769145 
1124.000000	0.770559 
1122.000000	0.771691 
1120.000000	0.773181 
1118.000000	0.775405 
1116.000000	0.777876 
1114.000000	0.780530 
1112.000000	0.782653 
1110.000000	0.785097 
1108.000000	0.788547 
1106.000000	0.792587 
1104.000000	0.796578 
1102.000000	0.800159 
1100.000000	0.803548 
1098.000000	0.806045 
1096.000000	0.808215 
1094.000000	0.811402 
1092.000000	0.812912 
1090.000000	0.814006 
1088.000000	0.815939 
1086.000000	0.815892 
1084.000000	0.815093 
1082.000000	0.816884 
1080.000000	0.818941 
1078.000000	0.820666 
1076.000000	0.824505 
1074.000000	0.828412 
1072.000000	0.830600 
1070.000000	0.833064 
1068.000000	0.835596 
1066.000000	0.837320 
1064.000000	0.838256 
1062.000000	0.837263 
1060.000000	0.835168 
1058.000000	0.834016 
1056.000000	0.832299 
1054.000000	0.829872 
1052.000000	0.829058 
1050.000000	0.828478 
1048.000000	0.826728 
1046.000000	0.824203 
1044.000000	0.820324 
1042.000000	0.815298 
1040.000000	0.811402 
1038.000000	0.807914 
1036.000000	0.802573 
1034.000000	0.796121 
1032.000000	0.789364 
1030.000000	0.781876 
1028.000000	0.774365 
1026.000000	0.765401 
1024.000000	0.754728 
1022.000000	0.743957 
1020.000000	0.733191 
1018.000000	0.722131 
1016.000000	0.710517 
1014.000000	0.699408 
1012.000000	0.687603 
1010.000000	0.674853 
1008.000000	0.662268 
1006.000000	0.650507 
1004.000000	0.639663 
1002.000000	0.627755 
1000.000000	0.614924 
998.000000	 0.602812 
996.000000	 0.592087 
994.000000	 0.582287 
992.000000	 0.573498 
990.000000	 0.568293 
988.000000	 0.566712 
986.000000	 0.568182 
984.000000	 0.572952 
982.000000	 0.579409 
980.000000	 0.585922 
978.000000	 0.590210 
976.000000	 0.590362 
974.000000	 0.585063 
972.000000	 0.575626 
970.000000	 0.563927 
968.000000	 0.551143 
966.000000	 0.539495 
964.000000	 0.529675 
962.000000	 0.521243 
960.000000	 0.515220 
958.000000	 0.511067 
956.000000	 0.507290 
954.000000	 0.504867 
952.000000	 0.504586 
950.000000	 0.506161 
948.000000	 0.509814 
946.000000	 0.514809 
944.000000	 0.520290 
942.000000	 0.526383 
940.000000	 0.531974 
938.000000	 0.535214 
936.000000	 0.536446 
934.000000	 0.536020 
932.000000	 0.533629 
930.000000	 0.530946 
928.000000	 0.528516 
926.000000	 0.526489 
924.000000	 0.526204 
922.000000	 0.529352 
920.000000	 0.537069 
918.000000	 0.547948 
916.000000	 0.557768 
914.000000	 0.563669 
912.000000	 0.567084 
910.000000	 0.571496 
908.000000	 0.576076 
906.000000	 0.575032 
904.000000	 0.567809 
902.000000	 0.559218 
900.000000	 0.549395 
898.000000	 0.537558 
896.000000	 0.525009 
894.000000	 0.513812 
892.000000	 0.505330 
890.000000	 0.498865 
888.000000	 0.494589 
886.000000	 0.493212 
884.000000	 0.494997 
882.000000	 0.498911 
880.000000	 0.503661 
878.000000	 0.508439 
876.000000	 0.512908 
874.000000	 0.516696 
872.000000	 0.520380 
870.000000	 0.523656 
868.000000	 0.526216 
866.000000	 0.527971 
864.000000	 0.528335 
862.000000	 0.528254 
860.000000	 0.528098 
858.000000	 0.526545 
856.000000	 0.524778 
854.000000	 0.524008 
852.000000	 0.523286 
850.000000	 0.522421 
848.000000	 0.522169 
846.000000	 0.521961 
844.000000	 0.521084 
842.000000	 0.520004 
840.000000	 0.518339 
838.000000	 0.516027 
836.000000	 0.513190 
834.000000	 0.509727 
832.000000	 0.504348 
830.000000	 0.496713 
828.000000	 0.488805 
826.000000	 0.480376 
824.000000	 0.471404 
822.000000	 0.462731 
820.000000	 0.453862 
818.000000	 0.446303 
816.000000	 0.440050 
814.000000	 0.434170 
812.000000	 0.429107 
810.000000	 0.424100 
808.000000	 0.418681 
806.000000	 0.413880 
804.000000	 0.408213 
802.000000	 0.401620 
800.000000	 0.395658 
798.000000	 0.390319 
796.000000	 0.384493 
794.000000	 0.378038 
792.000000	 0.371246 
790.000000	 0.364003 
788.000000	 0.356279 
786.000000	 0.348850 
784.000000	 0.341737 
782.000000	 0.334349 
780.000000	 0.326907 
778.000000	 0.320071 
776.000000	 0.313273 
774.000000	 0.306618 
772.000000	 0.300499 
770.000000	 0.294618 
768.000000	 0.289512 
766.000000	 0.284596 
764.000000	 0.280041 
762.000000	 0.275995 
760.000000	 0.273102 
758.000000	 0.271217 
756.000000	 0.268965 
754.000000	 0.266755 
752.000000	 0.266031 
750.000000	 0.265644 
748.000000	 0.265528 
746.000000	 0.266084 
744.000000	 0.266974 
742.000000	 0.268278 
740.000000	 0.270865 
738.000000	 0.274060 
736.000000	 0.277131 
734.000000	 0.280002 
732.000000	 0.282941 
730.000000	 0.287149 
728.000000	 0.292890 
726.000000	 0.299105 
724.000000	 0.305146 
722.000000	 0.310244 
720.000000	 0.315051 
718.000000	 0.320163 
716.000000	 0.324988 
714.000000	 0.329818 
712.000000	 0.333711 
710.000000	 0.336822 
708.000000	 0.340385 
706.000000	 0.343710 
704.000000	 0.347082 
702.000000	 0.351138 
700.000000	 0.353637 
698.000000	 0.356558 
696.000000	 0.360353 
694.000000	 0.364632 
692.000000	 0.369518 
690.000000	 0.375497 
688.000000	 0.382785 
686.000000	 0.390997 
684.000000	 0.398751 
682.000000	 0.405834 
680.000000	 0.413849 
678.000000	 0.422752 
676.000000	 0.432579 
674.000000	 0.442791 
672.000000	 0.450391 
670.000000	 0.452951 
668.000000	 0.454647 
666.000000	 0.454082 
664.000000	 0.447733 
662.000000	 0.439379 
660.000000	 0.432586 
658.000000	 0.428282 
656.000000	 0.424375 
654.000000	 0.420392 
652.000000	 0.416534 
650.000000	 0.416300 
648.000000	 0.420430 
646.000000	 0.426373 
644.000000	 0.432958 
642.000000	 0.440629 
640.000000	 0.449411 
638.000000	 0.459318 
636.000000	 0.470918 
634.000000	 0.483056 
632.000000	 0.493833 
630.000000	 0.501462 
628.000000	 0.501943 
626.000000	 0.492873 
624.000000	 0.475170 
622.000000	 0.447038 
620.000000	 0.411096 
618.000000	 0.374763 
616.000000	 0.340339 
614.000000	 0.308339 
612.000000	 0.280350 
610.000000	 0.256461 
608.000000	 0.235772 
606.000000	 0.218604 
604.000000	 0.204649 
602.000000	 0.191282 
600.000000	 0.180482 
598.000000	 0.170666 
596.000000	 0.161307 
594.000000	 0.153532 
592.000000	 0.146923 
590.000000	 0.140417 
588.000000	 0.134502 
586.000000	 0.129041 
584.000000	 0.123245 
582.000000	 0.117432 
580.000000	 0.112823 
578.000000	 0.107782 
576.000000	 0.102944 
574.000000	 0.098427 
572.000000	 0.092915 
570.000000	 0.087453 
568.000000	 0.082805 
566.000000	 0.078661 
564.000000	 0.075026 
562.000000	 0.071663 
560.000000	 0.067880 
558.000000	 0.063416 
556.000000	 0.059530 
554.000000	 0.056289 
552.000000	 0.053937 
550.000000	 0.053102 
548.000000	 0.052246 
546.000000	 0.050450 
544.000000	 0.048133 
542.000000	 0.046006 
540.000000	 0.043991 
538.000000	 0.042369 
536.000000	 0.041090 
534.000000	 0.039721 
532.000000	 0.038353 
530.000000	 0.037299 
528.000000	 0.036120 
526.000000	 0.035576 
524.000000	 0.034805 
522.000000	 0.034105 
520.000000	 0.034836 
518.000000	 0.035972 
516.000000	 0.036886 
514.000000	 0.038702 
512.000000	 0.040445 
510.000000	 0.041405 
508.000000	 0.042301 
506.000000	 0.042704 
504.000000	 0.041394 
502.000000	 0.040199 
500.000000	 0.040205 
498.000000	 0.039482 
496.000000	 0.038581 
494.000000	 0.037971 
492.000000	 0.037289 
490.000000	 0.036898 
488.000000	 0.036690 
486.000000	 0.036259 
484.000000	 0.035955 
482.000000	 0.036317 
480.000000	 0.037557 
478.000000	 0.039092 
476.000000	 0.040108 
474.000000	 0.038915 
472.000000	 0.038210 
470.000000	 0.038811 
468.000000	 0.038427 
466.000000	 0.037210 
464.000000	 0.036466 
462.000000	 0.035630 
460.000000	 0.034016 
458.000000	 0.033755 
456.000000	 0.034021 
454.000000	 0.033021 
452.000000	 0.034451 
450.000000	 0.035167 

