4400.000000	1.301764 
4398.000000	1.302823 
4396.000000	1.299305 
4394.000000	1.295749 
4392.000000	1.300989 
4390.000000	1.299707 
4388.000000	1.294214 
4386.000000	1.296890 
4384.000000	1.295122 
4382.000000	1.289924 
4380.000000	1.291343 
4378.000000	1.290251 
4376.000000	1.288888 
4374.000000	1.294740 
4372.000000	1.295625 
4370.000000	1.287908 
4368.000000	1.290580 
4366.000000	1.295911 
4364.000000	1.289853 
4362.000000	1.288374 
4360.000000	1.290740 
4358.000000	1.289407 
4356.000000	1.292446 
4354.000000	1.296859 
4352.000000	1.297531 
4350.000000	1.297981 
4348.000000	1.293426 
4346.000000	1.292840 
4344.000000	1.295289 
4342.000000	1.292718 
4340.000000	1.293354 
4338.000000	1.295694 
4336.000000	1.288435 
4334.000000	1.282605 
4332.000000	1.287796 
4330.000000	1.291375 
4328.000000	1.291590 
4326.000000	1.293505 
4324.000000	1.286933 
4322.000000	1.284528 
4320.000000	1.294314 
4318.000000	1.293747 
4316.000000	1.290225 
4314.000000	1.292653 
4312.000000	1.289099 
4310.000000	1.285119 
4308.000000	1.292793 
4306.000000	1.298627 
4304.000000	1.298275 
4302.000000	1.299988 
4300.000000	1.297461 
4298.000000	1.288079 
4296.000000	1.286450 
4294.000000	1.290809 
4292.000000	1.292917 
4290.000000	1.290560 
4288.000000	1.286466 
4286.000000	1.289244 
4284.000000	1.292389 
4282.000000	1.291315 
4280.000000	1.295171 
4278.000000	1.297067 
4276.000000	1.291236 
4274.000000	1.290811 
4272.000000	1.295950 
4270.000000	1.293135 
4268.000000	1.293597 
4266.000000	1.303499 
4264.000000	1.301527 
4262.000000	1.295821 
4260.000000	1.297198 
4258.000000	1.294950 
4256.000000	1.293027 
4254.000000	1.294175 
4252.000000	1.287872 
4250.000000	1.283656 
4248.000000	1.288529 
4246.000000	1.291969 
4244.000000	1.294762 
4242.000000	1.293865 
4240.000000	1.288260 
4238.000000	1.288059 
4236.000000	1.291509 
4234.000000	1.289948 
4232.000000	1.291236 
4230.000000	1.292911 
4228.000000	1.289704 
4226.000000	1.290560 
4224.000000	1.292950 
4222.000000	1.290493 
4220.000000	1.293796 
4218.000000	1.298221 
4216.000000	1.294147 
4214.000000	1.293068 
4212.000000	1.294909 
4210.000000	1.289327 
4208.000000	1.285276 
4206.000000	1.289091 
4204.000000	1.290057 
4202.000000	1.290908 
4200.000000	1.289160 
4198.000000	1.282859 
4196.000000	1.287808 
4194.000000	1.295289 
4192.000000	1.291157 
4190.000000	1.286352 
4188.000000	1.288952 
4186.000000	1.293670 
4184.000000	1.297356 
4182.000000	1.297720 
4180.000000	1.295467 
4178.000000	1.295402 
4176.000000	1.296900 
4174.000000	1.294399 
4172.000000	1.290404 
4170.000000	1.290851 
4168.000000	1.294458 
4166.000000	1.295582 
4164.000000	1.289430 
4162.000000	1.283328 
4160.000000	1.287874 
4158.000000	1.288427 
4156.000000	1.282706 
4154.000000	1.286324 
4152.000000	1.292527 
4150.000000	1.290390 
4148.000000	1.289621 
4146.000000	1.288859 
4144.000000	1.286354 
4142.000000	1.289383 
4140.000000	1.290760 
4138.000000	1.284430 
4136.000000	1.283887 
4134.000000	1.290043 
4132.000000	1.292631 
4130.000000	1.291100 
4128.000000	1.286710 
4126.000000	1.286734 
4124.000000	1.290518 
4122.000000	1.288531 
4120.000000	1.282815 
4118.000000	1.282240 
4116.000000	1.282984 
4114.000000	1.283624 
4112.000000	1.288787 
4110.000000	1.285768 
4108.000000	1.279896 
4106.000000	1.286444 
4104.000000	1.291882 
4102.000000	1.288276 
4100.000000	1.287356 
4098.000000	1.287643 
4096.000000	1.288326 
4094.000000	1.292060 
4092.000000	1.289409 
4090.000000	1.285526 
4088.000000	1.289135 
4086.000000	1.288928 
4084.000000	1.282232 
4082.000000	1.283220 
4080.000000	1.284957 
4078.000000	1.282978 
4076.000000	1.281901 
4074.000000	1.277585 
4072.000000	1.275237 
4070.000000	1.281625 
4068.000000	1.286286 
4066.000000	1.283334 
4064.000000	1.282198 
4062.000000	1.283825 
4060.000000	1.286312 
4058.000000	1.286158 
4056.000000	1.280802 
4054.000000	1.282018 
4052.000000	1.290382 
4050.000000	1.289049 
4048.000000	1.281786 
4046.000000	1.282269 
4044.000000	1.283264 
4042.000000	1.282162 
4040.000000	1.285682 
4038.000000	1.283336 
4036.000000	1.277520 
4034.000000	1.280038 
4032.000000	1.278170 
4030.000000	1.274319 
4028.000000	1.278667 
4026.000000	1.283540 
4024.000000	1.284723 
4022.000000	1.287316 
4020.000000	1.282494 
4018.000000	1.277373 
4016.000000	1.284054 
4014.000000	1.288741 
4012.000000	1.282960 
4010.000000	1.280753 
4008.000000	1.282069 
4006.000000	1.282724 
4004.000000	1.285954 
4002.000000	1.286937 
4000.000000	1.286550 
3998.000000	1.284779 
3996.000000	1.276560 
3994.000000	1.274037 
3992.000000	1.279350 
3990.000000	1.279760 
3988.000000	1.279244 
3986.000000	1.279183 
3984.000000	1.273883 
3982.000000	1.275370 
3980.000000	1.280721 
3978.000000	1.277826 
3976.000000	1.276249 
3974.000000	1.279837 
3972.000000	1.281536 
3970.000000	1.284422 
3968.000000	1.287765 
3966.000000	1.283586 
3964.000000	1.280153 
3962.000000	1.284116 
3960.000000	1.285148 
3958.000000	1.283877 
3956.000000	1.283797 
3954.000000	1.279815 
3952.000000	1.276778 
3950.000000	1.276603 
3948.000000	1.273238 
3946.000000	1.274834 
3944.000000	1.281580 
3942.000000	1.280398 
3940.000000	1.276760 
3938.000000	1.278848 
3936.000000	1.277524 
3934.000000	1.282081 
3932.000000	1.285870 
3930.000000	1.278048 
3928.000000	1.278284 
3926.000000	1.283686 
3924.000000	1.279536 
3922.000000	1.276639 
3920.000000	1.280929 
3918.000000	1.281016 
3916.000000	1.279612 
3914.000000	1.280336 
3912.000000	1.280340 
3910.000000	1.278262 
3908.000000	1.274830 
3906.000000	1.270056 
3904.000000	1.265299 
3902.000000	1.266328 
3900.000000	1.274754 
3898.000000	1.279268 
3896.000000	1.275721 
3894.000000	1.272278 
3892.000000	1.278736 
3890.000000	1.280009 
3888.000000	1.274972 
3886.000000	1.278518 
3884.000000	1.269923 
3882.000000	1.265137 
3880.000000	1.276371 
3878.000000	1.271335 
3876.000000	1.262457 
3874.000000	1.267634 
3872.000000	1.268231 
3870.000000	1.270962 
3868.000000	1.267542 
3866.000000	1.268469 
3864.000000	1.269972 
3862.000000	1.271638 
3860.000000	1.268841 
3858.000000	1.257568 
3856.000000	1.257623 
3854.000000	1.277540 
3852.000000	1.275165 
3850.000000	1.271846 
3848.000000	1.272997 
3846.000000	1.269016 
3844.000000	1.272888 
3842.000000	1.270321 
3840.000000	1.264881 
3838.000000	1.274759 
3836.000000	1.277948 
3834.000000	1.272026 
3832.000000	1.273098 
3830.000000	1.274023 
3828.000000	1.275958 
3826.000000	1.275224 
3824.000000	1.261621 
3822.000000	1.262552 
3820.000000	1.267116 
3818.000000	1.264171 
3816.000000	1.270147 
3814.000000	1.268924 
3812.000000	1.267174 
3810.000000	1.263392 
3808.000000	1.269219 
3806.000000	1.269945 
3804.000000	1.256857 
3802.000000	1.271416 
3800.000000	1.277799 
3798.000000	1.270498 
3796.000000	1.273164 
3794.000000	1.274958 
3792.000000	1.277787 
3790.000000	1.278194 
3788.000000	1.271766 
3786.000000	1.270477 
3784.000000	1.273172 
3782.000000	1.270340 
3780.000000	1.269467 
3778.000000	1.269567 
3776.000000	1.271224 
3774.000000	1.271439 
3772.000000	1.268440 
3770.000000	1.268455 
3768.000000	1.268330 
3766.000000	1.276921 
3764.000000	1.274535 
3762.000000	1.267856 
3760.000000	1.275846 
3758.000000	1.273963 
3756.000000	1.263776 
3754.000000	1.260190 
3752.000000	1.263932 
3750.000000	1.262836 
3748.000000	1.261572 
3746.000000	1.264316 
3744.000000	1.272949 
3742.000000	1.264594 
3740.000000	1.256649 
3738.000000	1.255740 
3736.000000	1.262743 
3734.000000	1.259775 
3732.000000	1.259683 
3730.000000	1.265381 
3728.000000	1.267762 
3726.000000	1.266456 
3724.000000	1.267059 
3722.000000	1.269758 
3720.000000	1.271406 
3718.000000	1.272198 
3716.000000	1.266303 
3714.000000	1.266343 
3712.000000	1.275532 
3710.000000	1.277534 
3708.000000	1.277760 
3706.000000	1.276895 
3704.000000	1.273007 
3702.000000	1.278750 
3700.000000	1.280789 
3698.000000	1.271342 
3696.000000	1.265080 
3694.000000	1.265808 
3692.000000	1.262605 
3690.000000	1.259367 
3688.000000	1.270633 
3686.000000	1.273397 
3684.000000	1.274703 
3682.000000	1.276106 
3680.000000	1.268217 
3678.000000	1.261704 
3676.000000	1.275362 
3674.000000	1.273675 
3672.000000	1.265465 
3670.000000	1.275155 
3668.000000	1.279906 
3666.000000	1.281152 
3664.000000	1.283680 
3662.000000	1.280283 
3660.000000	1.273424 
3658.000000	1.273644 
3656.000000	1.277675 
3654.000000	1.267454 
3652.000000	1.258270 
3650.000000	1.261407 
3648.000000	1.273774 
3646.000000	1.278152 
3644.000000	1.272780 
3642.000000	1.274105 
3640.000000	1.277791 
3638.000000	1.275919 
3636.000000	1.273525 
3634.000000	1.271178 
3632.000000	1.263799 
3630.000000	1.271666 
3628.000000	1.282101 
3626.000000	1.275194 
3624.000000	1.274545 
3622.000000	1.277754 
3620.000000	1.278573 
3618.000000	1.274923 
3616.000000	1.272535 
3614.000000	1.275270 
3612.000000	1.278581 
3610.000000	1.278033 
3608.000000	1.272584 
3606.000000	1.269423 
3604.000000	1.272066 
3602.000000	1.273152 
3600.000000	1.271544 
3598.000000	1.268037 
3596.000000	1.268382 
3594.000000	1.276349 
3592.000000	1.276382 
3590.000000	1.268484 
3588.000000	1.272855 
3586.000000	1.281923 
3584.000000	1.279071 
3582.000000	1.276635 
3580.000000	1.277495 
3578.000000	1.277571 
3576.000000	1.280490 
3574.000000	1.281293 
3572.000000	1.274401 
3570.000000	1.270072 
3568.000000	1.274644 
3566.000000	1.273603 
3564.000000	1.268982 
3562.000000	1.271080 
3560.000000	1.275239 
3558.000000	1.277301 
3556.000000	1.273088 
3554.000000	1.268953 
3552.000000	1.271722 
3550.000000	1.275770 
3548.000000	1.278036 
3546.000000	1.278082 
3544.000000	1.280161 
3542.000000	1.282313 
3540.000000	1.280259 
3538.000000	1.275237 
3536.000000	1.274107 
3534.000000	1.277175 
3532.000000	1.276378 
3530.000000	1.270678 
3528.000000	1.271888 
3526.000000	1.273908 
3524.000000	1.273084 
3522.000000	1.276261 
3520.000000	1.274381 
3518.000000	1.266493 
3516.000000	1.267609 
3514.000000	1.273321 
3512.000000	1.271635 
3510.000000	1.271818 
3508.000000	1.273288 
3506.000000	1.272293 
3504.000000	1.273578 
3502.000000	1.272766 
3500.000000	1.268280 
3498.000000	1.271223 
3496.000000	1.275029 
3494.000000	1.275596 
3492.000000	1.273769 
3490.000000	1.270946 
3488.000000	1.272692 
3486.000000	1.276527 
3484.000000	1.273905 
3482.000000	1.271383 
3480.000000	1.270103 
3478.000000	1.267900 
3476.000000	1.267964 
3474.000000	1.269255 
3472.000000	1.268405 
3470.000000	1.270973 
3468.000000	1.275542 
3466.000000	1.271797 
3464.000000	1.265514 
3462.000000	1.271109 
3460.000000	1.277960 
3458.000000	1.275122 
3456.000000	1.272623 
3454.000000	1.274333 
3452.000000	1.274539 
3450.000000	1.272537 
3448.000000	1.271161 
3446.000000	1.271627 
3444.000000	1.273632 
3442.000000	1.273034 
3440.000000	1.270415 
3438.000000	1.270016 
3436.000000	1.268601 
3434.000000	1.268225 
3432.000000	1.266994 
3430.000000	1.263784 
3428.000000	1.265049 
3426.000000	1.270026 
3424.000000	1.270460 
3422.000000	1.269833 
3420.000000	1.270562 
3418.000000	1.266755 
3416.000000	1.267191 
3414.000000	1.273304 
3412.000000	1.271803 
3410.000000	1.267902 
3408.000000	1.269931 
3406.000000	1.270035 
3404.000000	1.267672 
3402.000000	1.268722 
3400.000000	1.267555 
3398.000000	1.266064 
3396.000000	1.267214 
3394.000000	1.264849 
3392.000000	1.260829 
3390.000000	1.261812 
3388.000000	1.264400 
3386.000000	1.260523 
3384.000000	1.256791 
3382.000000	1.257872 
3380.000000	1.263738 
3378.000000	1.267231 
3376.000000	1.263983 
3374.000000	1.264379 
3372.000000	1.269330 
3370.000000	1.268947 
3368.000000	1.264263 
3366.000000	1.260797 
3364.000000	1.259841 
3362.000000	1.265421 
3360.000000	1.266644 
3358.000000	1.261929 
3356.000000	1.260408 
3354.000000	1.260882 
3352.000000	1.258628 
3350.000000	1.258998 
3348.000000	1.261575 
3346.000000	1.259958 
3344.000000	1.258386 
3342.000000	1.259465 
3340.000000	1.258119 
3338.000000	1.258089 
3336.000000	1.262815 
3334.000000	1.262935 
3332.000000	1.259525 
3330.000000	1.261005 
3328.000000	1.263863 
3326.000000	1.266103 
3324.000000	1.264135 
3322.000000	1.257921 
3320.000000	1.257803 
3318.000000	1.260171 
3316.000000	1.260763 
3314.000000	1.260290 
3312.000000	1.257836 
3310.000000	1.255494 
3308.000000	1.257293 
3306.000000	1.257576 
3304.000000	1.254875 
3302.000000	1.253806 
3300.000000	1.256519 
3298.000000	1.257169 
3296.000000	1.258206 
3294.000000	1.257885 
3292.000000	1.256386 
3290.000000	1.259521 
3288.000000	1.263271 
3286.000000	1.259967 
3284.000000	1.257106 
3282.000000	1.258690 
3280.000000	1.257205 
3278.000000	1.254200 
3276.000000	1.252363 
3274.000000	1.252848 
3272.000000	1.256251 
3270.000000	1.256431 
3268.000000	1.251138 
3266.000000	1.250590 
3264.000000	1.252658 
3262.000000	1.252456 
3260.000000	1.252721 
3258.000000	1.251127 
3256.000000	1.248985 
3254.000000	1.251921 
3252.000000	1.253789 
3250.000000	1.250241 
3248.000000	1.250370 
3246.000000	1.251830 
3244.000000	1.251945 
3242.000000	1.252426 
3240.000000	1.250844 
3238.000000	1.249630 
3236.000000	1.254049 
3234.000000	1.255861 
3232.000000	1.249470 
3230.000000	1.248748 
3228.000000	1.252556 
3226.000000	1.250201 
3224.000000	1.247134 
3222.000000	1.246219 
3220.000000	1.246962 
3218.000000	1.250098 
3216.000000	1.251001 
3214.000000	1.246372 
3212.000000	1.245880 
3210.000000	1.249275 
3208.000000	1.248928 
3206.000000	1.246732 
3204.000000	1.246312 
3202.000000	1.247870 
3200.000000	1.250972 
3198.000000	1.249612 
3196.000000	1.244125 
3194.000000	1.244325 
3192.000000	1.248082 
3190.000000	1.248504 
3188.000000	1.247544 
3186.000000	1.246310 
3184.000000	1.245648 
3182.000000	1.245373 
3180.000000	1.241178 
3178.000000	1.239232 
3176.000000	1.243464 
3174.000000	1.244916 
3172.000000	1.241866 
3170.000000	1.241203 
3168.000000	1.242877 
3166.000000	1.244347 
3164.000000	1.245869 
3162.000000	1.243929 
3160.000000	1.242208 
3158.000000	1.244508 
3156.000000	1.246622 
3154.000000	1.245098 
3152.000000	1.242835 
3150.000000	1.240212 
3148.000000	1.239112 
3146.000000	1.242651 
3144.000000	1.240723 
3142.000000	1.238122 
3140.000000	1.241999 
3138.000000	1.242173 
3136.000000	1.239002 
3134.000000	1.238590 
3132.000000	1.235635 
3130.000000	1.236587 
3128.000000	1.240871 
3126.000000	1.238027 
3124.000000	1.236049 
3122.000000	1.240549 
3120.000000	1.240327 
3118.000000	1.238118 
3116.000000	1.240952 
3114.000000	1.241432 
3112.000000	1.239302 
3110.000000	1.241687 
3108.000000	1.240965 
3106.000000	1.235995 
3104.000000	1.238349 
3102.000000	1.241167 
3100.000000	1.239561 
3098.000000	1.234122 
3096.000000	1.232006 
3094.000000	1.235785 
3092.000000	1.236734 
3090.000000	1.231807 
3088.000000	1.228728 
3086.000000	1.231858 
3084.000000	1.232972 
3082.000000	1.232012 
3080.000000	1.233907 
3078.000000	1.234532 
3076.000000	1.235715 
3074.000000	1.237356 
3072.000000	1.234065 
3070.000000	1.235450 
3068.000000	1.241375 
3066.000000	1.239633 
3064.000000	1.234811 
3062.000000	1.233499 
3060.000000	1.230386 
3058.000000	1.231491 
3056.000000	1.236027 
3054.000000	1.230434 
3052.000000	1.224806 
3050.000000	1.228412 
3048.000000	1.231128 
3046.000000	1.231364 
3044.000000	1.231657 
3042.000000	1.230460 
3040.000000	1.229783 
3038.000000	1.231001 
3036.000000	1.228047 
3034.000000	1.227711 
3032.000000	1.229978 
3030.000000	1.230545 
3028.000000	1.231918 
3026.000000	1.233032 
3024.000000	1.229964 
3022.000000	1.230115 
3020.000000	1.232480 
3018.000000	1.228905 
3016.000000	1.226465 
3014.000000	1.228164 
3012.000000	1.228174 
3010.000000	1.227155 
3008.000000	1.228369 
3006.000000	1.226063 
3004.000000	1.226970 
3002.000000	1.229475 
3000.000000	1.225340 
2998.000000	1.222175 
2996.000000	1.225629 
2994.000000	1.226716 
2992.000000	1.225808 
2990.000000	1.227490 
2988.000000	1.228341 
2986.000000	1.229172 
2984.000000	1.230136 
2982.000000	1.229152 
2980.000000	1.230201 
2978.000000	1.231907 
2976.000000	1.229616 
2974.000000	1.227164 
2972.000000	1.226828 
2970.000000	1.227191 
2968.000000	1.228367 
2966.000000	1.227926 
2964.000000	1.223000 
2962.000000	1.222906 
2960.000000	1.226657 
2958.000000	1.225102 
2956.000000	1.225652 
2954.000000	1.227174 
2952.000000	1.226378 
2950.000000	1.230134 
2948.000000	1.230405 
2946.000000	1.226230 
2944.000000	1.228549 
2942.000000	1.233189 
2940.000000	1.232033 
2938.000000	1.229042 
2936.000000	1.226842 
2934.000000	1.226701 
2932.000000	1.229516 
2930.000000	1.232513 
2928.000000	1.230251 
2926.000000	1.230282 
2924.000000	1.233657 
2922.000000	1.232738 
2920.000000	1.229602 
2918.000000	1.226603 
2916.000000	1.225575 
2914.000000	1.228507 
2912.000000	1.227321 
2910.000000	1.222426 
2908.000000	1.223112 
2906.000000	1.223717 
2904.000000	1.221968 
2902.000000	1.222077 
2900.000000	1.223029 
2898.000000	1.222348 
2896.000000	1.224581 
2894.000000	1.224895 
2892.000000	1.221768 
2890.000000	1.224152 
2888.000000	1.224322 
2886.000000	1.220669 
2884.000000	1.220428 
2882.000000	1.221242 
2880.000000	1.219042 
2878.000000	1.218576 
2876.000000	1.218740 
2874.000000	1.216110 
2872.000000	1.215996 
2870.000000	1.217630 
2868.000000	1.217830 
2866.000000	1.217692 
2864.000000	1.218148 
2862.000000	1.218908 
2860.000000	1.218595 
2858.000000	1.217659 
2856.000000	1.218321 
2854.000000	1.220837 
2852.000000	1.223441 
2850.000000	1.222379 
2848.000000	1.221409 
2846.000000	1.219244 
2844.000000	1.215923 
2842.000000	1.217116 
2840.000000	1.214411 
2838.000000	1.211222 
2836.000000	1.213355 
2834.000000	1.211286 
2832.000000	1.204968 
2830.000000	1.206224 
2828.000000	1.209352 
2826.000000	1.209504 
2824.000000	1.210340 
2822.000000	1.209233 
2820.000000	1.206967 
2818.000000	1.209177 
2816.000000	1.212540 
2814.000000	1.211121 
2812.000000	1.208961 
2810.000000	1.208347 
2808.000000	1.209956 
2806.000000	1.212036 
2804.000000	1.208303 
2802.000000	1.204010 
2800.000000	1.204903 
2798.000000	1.205492 
2796.000000	1.202657 
2794.000000	1.202390 
2792.000000	1.203166 
2790.000000	1.202321 
2788.000000	1.204188 
2786.000000	1.203391 
2784.000000	1.199975 
2782.000000	1.204235 
2780.000000	1.208026 
2778.000000	1.206667 
2776.000000	1.208166 
2774.000000	1.206481 
2772.000000	1.204886 
2770.000000	1.208181 
2768.000000	1.204941 
2766.000000	1.199531 
2764.000000	1.202964 
2762.000000	1.205449 
2760.000000	1.203116 
2758.000000	1.203290 
2756.000000	1.202822 
2754.000000	1.200359 
2752.000000	1.199409 
2750.000000	1.199205 
2748.000000	1.199231 
2746.000000	1.200998 
2744.000000	1.200510 
2742.000000	1.199455 
2740.000000	1.199583 
2738.000000	1.197244 
2736.000000	1.196145 
2734.000000	1.198629 
2732.000000	1.195482 
2730.000000	1.195432 
2728.000000	1.201596 
2726.000000	1.200809 
2724.000000	1.197924 
2722.000000	1.200310 
2720.000000	1.199534 
2718.000000	1.198321 
2716.000000	1.199309 
2714.000000	1.196252 
2712.000000	1.193887 
2710.000000	1.195927 
2708.000000	1.196620 
2706.000000	1.194499 
2704.000000	1.193431 
2702.000000	1.191988 
2700.000000	1.191640 
2698.000000	1.193249 
2696.000000	1.192876 
2694.000000	1.191336 
2692.000000	1.192724 
2690.000000	1.193603 
2688.000000	1.193826 
2686.000000	1.194979 
2684.000000	1.193905 
2682.000000	1.194564 
2680.000000	1.194260 
2678.000000	1.189292 
2676.000000	1.187667 
2674.000000	1.191749 
2672.000000	1.191003 
2670.000000	1.188516 
2668.000000	1.187989 
2666.000000	1.185855 
2664.000000	1.187296 
2662.000000	1.189076 
2660.000000	1.185428 
2658.000000	1.183418 
2656.000000	1.188117 
2654.000000	1.189811 
2652.000000	1.187302 
2650.000000	1.187213 
2648.000000	1.187842 
2646.000000	1.187108 
2644.000000	1.186074 
2642.000000	1.183179 
2640.000000	1.183550 
2638.000000	1.188218 
2636.000000	1.189041 
2634.000000	1.184681 
2632.000000	1.181649 
2630.000000	1.182752 
2628.000000	1.186753 
2626.000000	1.187031 
2624.000000	1.182643 
2622.000000	1.181786 
2620.000000	1.184832 
2618.000000	1.182794 
2616.000000	1.181139 
2614.000000	1.180912 
2612.000000	1.179773 
2610.000000	1.183522 
2608.000000	1.186158 
2606.000000	1.183059 
2604.000000	1.181774 
2602.000000	1.183923 
2600.000000	1.181865 
2598.000000	1.180371 
2596.000000	1.181217 
2594.000000	1.181222 
2592.000000	1.180743 
2590.000000	1.180484 
2588.000000	1.178445 
2586.000000	1.180210 
2584.000000	1.182884 
2582.000000	1.180479 
2580.000000	1.177174 
2578.000000	1.175342 
2576.000000	1.174443 
2574.000000	1.177228 
2572.000000	1.177996 
2570.000000	1.176402 
2568.000000	1.179882 
2566.000000	1.183066 
2564.000000	1.180304 
2562.000000	1.179799 
2560.000000	1.179812 
2558.000000	1.177807 
2556.000000	1.180407 
2554.000000	1.181574 
2552.000000	1.176286 
2550.000000	1.174712 
2548.000000	1.176540 
2546.000000	1.174266 
2544.000000	1.173304 
2542.000000	1.174313 
2540.000000	1.173576 
2538.000000	1.175966 
2536.000000	1.176494 
2534.000000	1.171696 
2532.000000	1.172087 
2530.000000	1.174217 
2528.000000	1.172338 
2526.000000	1.171704 
2524.000000	1.172155 
2522.000000	1.172078 
2520.000000	1.174884 
2518.000000	1.175542 
2516.000000	1.172244 
2514.000000	1.173094 
2512.000000	1.174898 
2510.000000	1.174356 
2508.000000	1.174639 
2506.000000	1.173942 
2504.000000	1.170773 
2502.000000	1.171739 
2500.000000	1.172339 
2498.000000	1.169539 
2496.000000	1.170431 
2494.000000	1.171073 
2492.000000	1.167840 
2490.000000	1.167070 
2488.000000	1.168576 
2486.000000	1.168631 
2484.000000	1.170770 
2482.000000	1.170133 
2480.000000	1.164719 
2478.000000	1.164754 
2476.000000	1.167969 
2474.000000	1.168406 
2472.000000	1.169700 
2470.000000	1.170269 
2468.000000	1.168084 
2466.000000	1.168645 
2464.000000	1.167598 
2462.000000	1.163394 
2460.000000	1.163895 
2458.000000	1.164181 
2456.000000	1.161944 
2454.000000	1.160979 
2452.000000	1.160444 
2450.000000	1.164170 
2448.000000	1.167965 
2446.000000	1.164030 
2444.000000	1.160751 
2442.000000	1.165180 
2440.000000	1.167042 
2438.000000	1.162499 
2436.000000	1.162984 
2434.000000	1.164569 
2432.000000	1.163874 
2430.000000	1.166545 
2428.000000	1.165624 
2426.000000	1.160769 
2424.000000	1.161438 
2422.000000	1.162590 
2420.000000	1.160248 
2418.000000	1.159207 
2416.000000	1.158788 
2414.000000	1.158185 
2412.000000	1.159100 
2410.000000	1.158217 
2408.000000	1.156480 
2406.000000	1.158741 
2404.000000	1.160013 
2402.000000	1.160377 
2400.000000	1.161359 
2398.000000	1.159118 
2396.000000	1.157227 
2394.000000	1.159994 
2392.000000	1.159100 
2390.000000	1.158215 
2388.000000	1.159221 
2386.000000	1.157853 
2384.000000	1.155639 
2382.000000	1.156334 
2380.000000	1.156524 
2378.000000	1.158299 
2376.000000	1.163771 
2374.000000	1.162068 
2372.000000	1.156448 
2370.000000	1.162256 
2368.000000	1.165971 
2366.000000	1.161890 
2364.000000	1.159783 
2362.000000	1.156585 
2360.000000	1.156953 
2358.000000	1.166591 
2356.000000	1.168392 
2354.000000	1.165130 
2352.000000	1.166541 
2350.000000	1.161889 
2348.000000	1.157487 
2346.000000	1.159708 
2344.000000	1.160840 
2342.000000	1.164832 
2340.000000	1.168616 
2338.000000	1.159130 
2336.000000	1.155744 
2334.000000	1.162044 
2332.000000	1.160837 
2330.000000	1.157570 
2328.000000	1.157153 
2326.000000	1.154337 
2324.000000	1.152958 
2322.000000	1.155057 
2320.000000	1.151301 
2318.000000	1.148838 
2316.000000	1.153507 
2314.000000	1.154060 
2312.000000	1.150590 
2310.000000	1.151850 
2308.000000	1.153178 
2306.000000	1.152957 
2304.000000	1.153990 
2302.000000	1.150920 
2300.000000	1.147827 
2298.000000	1.150171 
2296.000000	1.149724 
2294.000000	1.148204 
2292.000000	1.149791 
2290.000000	1.148946 
2288.000000	1.147279 
2286.000000	1.148168 
2284.000000	1.147251 
2282.000000	1.150106 
2280.000000	1.153362 
2278.000000	1.149381 
2276.000000	1.148045 
2274.000000	1.151185 
2272.000000	1.151722 
2270.000000	1.153651 
2268.000000	1.156165 
2266.000000	1.156017 
2264.000000	1.159201 
2262.000000	1.163845 
2260.000000	1.164440 
2258.000000	1.162588 
2256.000000	1.163773 
2254.000000	1.164114 
2252.000000	1.163901 
2250.000000	1.164412 
2248.000000	1.164681 
2246.000000	1.165589 
2244.000000	1.166237 
2242.000000	1.162740 
2240.000000	1.161363 
2238.000000	1.163569 
2236.000000	1.162378 
2234.000000	1.161682 
2232.000000	1.162739 
2230.000000	1.160483 
2228.000000	1.161048 
2226.000000	1.164243 
2224.000000	1.164345 
2222.000000	1.164634 
2220.000000	1.164294 
2218.000000	1.163456 
2216.000000	1.165589 
2214.000000	1.166872 
2212.000000	1.165761 
2210.000000	1.168052 
2208.000000	1.170036 
2206.000000	1.166797 
2204.000000	1.164403 
2202.000000	1.165850 
2200.000000	1.166134 
2198.000000	1.167765 
2196.000000	1.169816 
2194.000000	1.166245 
2192.000000	1.164801 
2190.000000	1.168204 
2188.000000	1.168451 
2186.000000	1.167785 
2184.000000	1.169270 
2182.000000	1.169093 
2180.000000	1.170079 
2178.000000	1.170852 
2176.000000	1.168572 
2174.000000	1.168659 
2172.000000	1.169817 
2170.000000	1.167636 
2168.000000	1.168184 
2166.000000	1.168801 
2164.000000	1.168018 
2162.000000	1.170065 
2160.000000	1.169547 
2158.000000	1.168152 
2156.000000	1.173908 
2154.000000	1.179843 
2152.000000	1.180233 
2150.000000	1.183405 
2148.000000	1.190375 
2146.000000	1.195682 
2144.000000	1.203712 
2142.000000	1.210460 
2140.000000	1.208547 
2138.000000	1.209157 
2136.000000	1.211452 
2134.000000	1.208041 
2132.000000	1.206621 
2130.000000	1.210643 
2128.000000	1.213080 
2126.000000	1.219299 
2124.000000	1.225861 
2122.000000	1.229725 
2120.000000	1.239070 
2118.000000	1.250588 
2116.000000	1.253943 
2114.000000	1.254237 
2112.000000	1.255941 
2110.000000	1.256212 
2108.000000	1.254888 
2106.000000	1.248662 
2104.000000	1.242459 
2102.000000	1.242084 
2100.000000	1.236921 
2098.000000	1.230173 
2096.000000	1.232428 
2094.000000	1.237543 
2092.000000	1.241694 
2090.000000	1.248192 
2088.000000	1.248838 
2086.000000	1.240902 
2084.000000	1.235658 
2082.000000	1.231855 
2080.000000	1.224810 
2078.000000	1.217550 
2076.000000	1.209326 
2074.000000	1.200446 
2072.000000	1.191609 
2070.000000	1.179180 
2068.000000	1.163364 
2066.000000	1.150545 
2064.000000	1.139845 
2062.000000	1.129515 
2060.000000	1.123821 
2058.000000	1.119031 
2056.000000	1.113875 
2054.000000	1.111103 
2052.000000	1.106847 
2050.000000	1.102406 
2048.000000	1.102710 
2046.000000	1.101816 
2044.000000	1.098488 
2042.000000	1.097931 
2040.000000	1.095552 
2038.000000	1.093370 
2036.000000	1.095470 
2034.000000	1.094180 
2032.000000	1.089565 
2030.000000	1.089105 
2028.000000	1.090026 
2026.000000	1.088644 
2024.000000	1.089447 
2022.000000	1.089965 
2020.000000	1.088305 
2018.000000	1.089203 
2016.000000	1.088554 
2014.000000	1.084751 
2012.000000	1.085851 
2010.000000	1.086475 
2008.000000	1.084883 
2006.000000	1.085764 
2004.000000	1.084908 
2002.000000	1.085131 
2000.000000	1.086603 
1998.000000	1.085356 
1996.000000	1.082480 
1994.000000	1.081857 
1992.000000	1.080881 
1990.000000	1.078709 
1988.000000	1.078288 
1986.000000	1.078049 
1984.000000	1.078119 
1982.000000	1.078690 
1980.000000	1.075479 
1978.000000	1.073247 
1976.000000	1.075814 
1974.000000	1.074823 
1972.000000	1.071896 
1970.000000	1.072127 
1968.000000	1.072054 
1966.000000	1.071899 
1964.000000	1.073782 
1962.000000	1.072893 
1960.000000	1.072165 
1958.000000	1.073164 
1956.000000	1.070667 
1954.000000	1.067558 
1952.000000	1.068387 
1950.000000	1.068669 
1948.000000	1.069003 
1946.000000	1.068225 
1944.000000	1.063288 
1942.000000	1.062320 
1940.000000	1.063919 
1938.000000	1.063383 
1936.000000	1.062501 
1934.000000	1.062781 
1932.000000	1.062751 
1930.000000	1.063710 
1928.000000	1.064584 
1926.000000	1.061763 
1924.000000	1.061197 
1922.000000	1.062871 
1920.000000	1.058293 
1918.000000	1.055800 
1916.000000	1.058445 
1914.000000	1.057018 
1912.000000	1.055655 
1910.000000	1.057928 
1908.000000	1.055605 
1906.000000	1.053589 
1904.000000	1.055111 
1902.000000	1.054059 
1900.000000	1.051447 
1898.000000	1.051445 
1896.000000	1.052315 
1894.000000	1.052168 
1892.000000	1.050487 
1890.000000	1.048928 
1888.000000	1.049719 
1886.000000	1.050394 
1884.000000	1.048218 
1882.000000	1.047435 
1880.000000	1.049427 
1878.000000	1.048634 
1876.000000	1.047427 
1874.000000	1.045733 
1872.000000	1.040923 
1870.000000	1.039582 
1868.000000	1.043506 
1866.000000	1.043137 
1864.000000	1.042732 
1862.000000	1.043140 
1860.000000	1.039870 
1858.000000	1.038304 
1856.000000	1.039405 
1854.000000	1.036524 
1852.000000	1.035376 
1850.000000	1.036788 
1848.000000	1.033795 
1846.000000	1.029665 
1844.000000	1.032713 
1842.000000	1.035483 
1840.000000	1.034331 
1838.000000	1.033777 
1836.000000	1.032271 
1834.000000	1.031929 
1832.000000	1.030893 
1830.000000	1.028509 
1828.000000	1.027642 
1826.000000	1.026449 
1824.000000	1.025517 
1822.000000	1.026474 
1820.000000	1.026904 
1818.000000	1.025207 
1816.000000	1.023681 
1814.000000	1.022019 
1812.000000	1.020175 
1810.000000	1.020944 
1808.000000	1.021047 
1806.000000	1.018771 
1804.000000	1.018538 
1802.000000	1.017446 
1800.000000	1.014559 
1798.000000	1.016245 
1796.000000	1.017634 
1794.000000	1.012447 
1792.000000	1.013582 
1790.000000	1.017792 
1788.000000	1.015129 
1786.000000	1.013346 
1784.000000	1.015335 
1782.000000	1.013194 
1780.000000	1.011548 
1778.000000	1.010340 
1776.000000	1.005606 
1774.000000	1.001457 
1772.000000	1.002311 
1770.000000	1.003060 
1768.000000	1.005514 
1766.000000	1.005642 
1764.000000	1.000378 
1762.000000	1.000168 
1760.000000	1.001108 
1758.000000	0.999425 
1756.000000	1.000868 
1754.000000	0.997800 
1752.000000	0.994060 
1750.000000	0.997177 
1748.000000	0.998656 
1746.000000	0.996845 
1744.000000	0.996326 
1742.000000	0.994914 
1740.000000	0.993525 
1738.000000	0.994667 
1736.000000	0.989191 
1734.000000	0.988701 
1732.000000	0.992654 
1730.000000	0.993993 
1728.000000	0.993880 
1726.000000	0.992270 
1724.000000	0.991826 
1722.000000	0.988338 
1720.000000	0.981347 
1718.000000	0.978107 
1716.000000	0.981892 
1714.000000	0.986798 
1712.000000	0.988493 
1710.000000	0.987094 
1708.000000	0.983724 
1706.000000	0.980693 
1704.000000	0.977241 
1702.000000	0.970575 
1700.000000	0.969629 
1698.000000	0.967406 
1696.000000	0.971411 
1694.000000	0.974889 
1692.000000	0.971596 
1690.000000	0.971337 
1688.000000	0.966920 
1686.000000	0.955413 
1684.000000	0.957557 
1682.000000	0.964646 
1680.000000	0.964767 
1678.000000	0.965407 
1676.000000	0.963699 
1674.000000	0.960960 
1672.000000	0.956758 
1670.000000	0.957024 
1668.000000	0.962004 
1666.000000	0.962364 
1664.000000	0.958650 
1662.000000	0.959258 
1660.000000	0.961566 
1658.000000	0.958094 
1656.000000	0.946693 
1654.000000	0.939030 
1652.000000	0.949170 
1650.000000	0.946038 
1648.000000	0.939461 
1646.000000	0.943427 
1644.000000	0.948562 
1642.000000	0.949139 
1640.000000	0.944874 
1638.000000	0.935316 
1636.000000	0.934132 
1634.000000	0.941315 
1632.000000	0.943278 
1630.000000	0.942559 
1628.000000	0.940656 
1626.000000	0.938075 
1624.000000	0.938425 
1622.000000	0.940324 
1620.000000	0.936443 
1618.000000	0.933596 
1616.000000	0.937257 
1614.000000	0.938543 
1612.000000	0.937167 
1610.000000	0.935146 
1608.000000	0.932989 
1606.000000	0.932283 
1604.000000	0.930757 
1602.000000	0.929710 
1600.000000	0.929172 
1598.000000	0.926076 
1596.000000	0.924398 
1594.000000	0.924989 
1592.000000	0.923723 
1590.000000	0.922584 
1588.000000	0.922632 
1586.000000	0.920696 
1584.000000	0.919935 
1582.000000	0.920656 
1580.000000	0.917535 
1578.000000	0.911077 
1576.000000	0.911530 
1574.000000	0.911391 
1572.000000	0.908053 
1570.000000	0.908707 
1568.000000	0.908332 
1566.000000	0.905812 
1564.000000	0.904841 
1562.000000	0.895760 
1560.000000	0.881774 
1558.000000	0.890065 
1556.000000	0.895691 
1554.000000	0.897591 
1552.000000	0.898993 
1550.000000	0.897276 
1548.000000	0.895557 
1546.000000	0.891661 
1544.000000	0.884614 
1542.000000	0.877373 
1540.000000	0.879181 
1538.000000	0.887688 
1536.000000	0.888087 
1534.000000	0.886709 
1532.000000	0.888106 
1530.000000	0.887615 
1528.000000	0.883847 
1526.000000	0.879969 
1524.000000	0.876039 
1522.000000	0.872914 
1520.000000	0.873530 
1518.000000	0.872902 
1516.000000	0.876232 
1514.000000	0.875172 
1512.000000	0.872303 
1510.000000	0.866784 
1508.000000	0.856457 
1506.000000	0.862848 
1504.000000	0.871888 
1502.000000	0.869267 
1500.000000	0.865505 
1498.000000	0.865045 
1496.000000	0.867355 
1494.000000	0.869151 
1492.000000	0.866457 
1490.000000	0.863846 
1488.000000	0.866388 
1486.000000	0.867854 
1484.000000	0.866056 
1482.000000	0.864794 
1480.000000	0.862984 
1478.000000	0.858697 
1476.000000	0.856227 
1474.000000	0.852931 
1472.000000	0.853353 
1470.000000	0.858110 
1468.000000	0.856215 
1466.000000	0.850922 
1464.000000	0.853212 
1462.000000	0.853814 
1460.000000	0.845047 
1458.000000	0.838632 
1456.000000	0.845675 
1454.000000	0.849671 
1452.000000	0.850770 
1450.000000	0.849436 
1448.000000	0.845685 
1446.000000	0.846193 
1444.000000	0.846148 
1442.000000	0.842522 
1440.000000	0.838511 
1438.000000	0.834245 
1436.000000	0.833298 
1434.000000	0.833518 
1432.000000	0.830288 
1430.000000	0.827562 
1428.000000	0.828316 
1426.000000	0.826312 
1424.000000	0.823126 
1422.000000	0.819293 
1420.000000	0.814667 
1418.000000	0.816075 
1416.000000	0.819255 
1414.000000	0.818022 
1412.000000	0.814034 
1410.000000	0.812636 
1408.000000	0.810986 
1406.000000	0.807596 
1404.000000	0.808066 
1402.000000	0.806961 
1400.000000	0.802749 
1398.000000	0.800722 
1396.000000	0.797366 
1394.000000	0.796408 
1392.000000	0.798796 
1390.000000	0.796536 
1388.000000	0.792220 
1386.000000	0.791744 
1384.000000	0.791562 
1382.000000	0.788995 
1380.000000	0.786877 
1378.000000	0.784903 
1376.000000	0.781131 
1374.000000	0.779686 
1372.000000	0.779182 
1370.000000	0.777402 
1368.000000	0.776540 
1366.000000	0.774345 
1364.000000	0.771108 
1362.000000	0.770972 
1360.000000	0.769845 
1358.000000	0.768018 
1356.000000	0.767265 
1354.000000	0.764470 
1352.000000	0.761388 
1350.000000	0.759760 
1348.000000	0.757210 
1346.000000	0.754605 
1344.000000	0.752760 
1342.000000	0.749156 
1340.000000	0.745799 
1338.000000	0.745494 
1336.000000	0.744582 
1334.000000	0.743259 
1332.000000	0.743378 
1330.000000	0.741986 
1328.000000	0.738916 
1326.000000	0.737819 
1324.000000	0.736714 
1322.000000	0.734171 
1320.000000	0.732689 
1318.000000	0.731600 
1316.000000	0.729443 
1314.000000	0.726842 
1312.000000	0.724617 
1310.000000	0.723427 
1308.000000	0.722522 
1306.000000	0.719392 
1304.000000	0.716939 
1302.000000	0.715622 
1300.000000	0.713233 
1298.000000	0.711098 
1296.000000	0.709617 
1294.000000	0.706655 
1292.000000	0.704892 
1290.000000	0.703780 
1288.000000	0.700567 
1286.000000	0.698334 
1284.000000	0.698746 
1282.000000	0.696370 
1280.000000	0.692471 
1278.000000	0.690702 
1276.000000	0.688760 
1274.000000	0.686775 
1272.000000	0.685575 
1270.000000	0.682807 
1268.000000	0.679732 
1266.000000	0.678512 
1264.000000	0.676520 
1262.000000	0.673567 
1260.000000	0.671192 
1258.000000	0.668450 
1256.000000	0.666092 
1254.000000	0.664362 
1252.000000	0.661068 
1250.000000	0.659139 
1248.000000	0.658671 
1246.000000	0.656152 
1244.000000	0.653270 
1242.000000	0.651782 
1240.000000	0.649839 
1238.000000	0.648692 
1236.000000	0.647645 
1234.000000	0.644782 
1232.000000	0.642637 
1230.000000	0.641481 
1228.000000	0.638962 
1226.000000	0.637120 
1224.000000	0.636014 
1222.000000	0.633884 
1220.000000	0.632232 
1218.000000	0.631114 
1216.000000	0.628654 
1214.000000	0.626921 
1212.000000	0.626327 
1210.000000	0.624899 
1208.000000	0.624339 
1206.000000	0.624546 
1204.000000	0.624153 
1202.000000	0.623600 
1200.000000	0.623318 
1198.000000	0.622842 
1196.000000	0.624056 
1194.000000	0.625638 
1192.000000	0.625853 
1190.000000	0.626859 
1188.000000	0.628558 
1186.000000	0.629821 
1184.000000	0.632852 
1182.000000	0.635394 
1180.000000	0.636694 
1178.000000	0.639941 
1176.000000	0.643288 
1174.000000	0.645446 
1172.000000	0.648722 
1170.000000	0.652650 
1168.000000	0.655781 
1166.000000	0.660093 
1164.000000	0.663772 
1162.000000	0.665885 
1160.000000	0.670428 
1158.000000	0.676110 
1156.000000	0.679084 
1154.000000	0.682088 
1152.000000	0.686562 
1150.000000	0.689607 
1148.000000	0.693312 
1146.000000	0.697813 
1144.000000	0.700782 
1142.000000	0.704841 
1140.000000	0.708361 
1138.000000	0.709723 
1136.000000	0.711873 
1134.000000	0.715050 
1132.000000	0.717235 
1130.000000	0.719436 
1128.000000	0.720805 
1126.000000	0.720670 
1124.000000	0.723475 
1122.000000	0.725760 
1120.000000	0.726006 
1118.000000	0.729246 
1116.000000	0.732619 
1114.000000	0.733761 
1112.000000	0.737932 
1110.000000	0.741515 
1108.000000	0.743280 
1106.000000	0.747967 
1104.000000	0.752421 
1102.000000	0.754931 
1100.000000	0.758963 
1098.000000	0.760934 
1096.000000	0.761979 
1094.000000	0.765054 
1092.000000	0.766511 
1090.000000	0.765513 
1088.000000	0.767255 
1086.000000	0.769668 
1084.000000	0.769137 
1082.000000	0.769051 
1080.000000	0.770593 
1078.000000	0.773832 
1076.000000	0.777122 
1074.000000	0.777313 
1072.000000	0.777744 
1070.000000	0.781632 
1068.000000	0.782940 
1066.000000	0.782324 
1064.000000	0.783573 
1062.000000	0.783416 
1060.000000	0.782871 
1058.000000	0.783941 
1056.000000	0.781616 
1054.000000	0.778354 
1052.000000	0.779711 
1050.000000	0.779759 
1048.000000	0.776033 
1046.000000	0.773497 
1044.000000	0.769595 
1042.000000	0.764684 
1040.000000	0.760945 
1038.000000	0.755667 
1036.000000	0.750289 
1034.000000	0.746976 
1032.000000	0.741583 
1030.000000	0.733882 
1028.000000	0.727551 
1026.000000	0.720977 
1024.000000	0.713576 
1022.000000	0.706126 
1020.000000	0.697251 
1018.000000	0.687341 
1016.000000	0.677970 
1014.000000	0.667948 
1012.000000	0.657794 
1010.000000	0.647804 
1008.000000	0.635827 
1006.000000	0.624112 
1004.000000	0.614159 
1002.000000	0.602737 
1000.000000	0.591606 
998.000000	 0.582298 
996.000000	 0.572082 
994.000000	 0.562700 
992.000000	 0.556291 
990.000000	 0.551680 
988.000000	 0.550120 
986.000000	 0.551754 
984.000000	 0.554105 
982.000000	 0.557855 
980.000000	 0.563813 
978.000000	 0.567934 
976.000000	 0.567742 
974.000000	 0.563883 
972.000000	 0.556388 
970.000000	 0.546383 
968.000000	 0.535776 
966.000000	 0.524788 
964.000000	 0.515243 
962.000000	 0.507882 
960.000000	 0.501843 
958.000000	 0.497583 
956.000000	 0.494294 
954.000000	 0.491054 
952.000000	 0.490145 
950.000000	 0.491490 
948.000000	 0.492449 
946.000000	 0.495131 
944.000000	 0.501072 
942.000000	 0.506260 
940.000000	 0.509312 
938.000000	 0.512478 
936.000000	 0.514721 
934.000000	 0.516531 
932.000000	 0.517139 
930.000000	 0.514557 
928.000000	 0.512172 
926.000000	 0.512258 
924.000000	 0.513281 
922.000000	 0.517575 
920.000000	 0.526813 
918.000000	 0.538794 
916.000000	 0.551104 
914.000000	 0.559514 
912.000000	 0.563683 
910.000000	 0.568632 
908.000000	 0.574702 
906.000000	 0.575681 
904.000000	 0.570481 
902.000000	 0.562399 
900.000000	 0.552915 
898.000000	 0.542905 
896.000000	 0.529505 
894.000000	 0.512886 
892.000000	 0.499830 
890.000000	 0.490469 
888.000000	 0.481161 
886.000000	 0.475169 
884.000000	 0.472815 
882.000000	 0.471577 
880.000000	 0.472957 
878.000000	 0.475499 
876.000000	 0.476739 
874.000000	 0.479455 
872.000000	 0.482909 
870.000000	 0.485006 
868.000000	 0.487655 
866.000000	 0.489515 
864.000000	 0.490645 
862.000000	 0.492697 
860.000000	 0.492667 
858.000000	 0.489862 
856.000000	 0.488009 
854.000000	 0.487332 
852.000000	 0.485895 
850.000000	 0.484976 
848.000000	 0.483789 
846.000000	 0.483317 
844.000000	 0.484570 
842.000000	 0.484031 
840.000000	 0.481521 
838.000000	 0.480518 
836.000000	 0.479115 
834.000000	 0.476144 
832.000000	 0.472412 
830.000000	 0.465763 
828.000000	 0.457843 
826.000000	 0.452854 
824.000000	 0.447100 
822.000000	 0.437865 
820.000000	 0.431250 
818.000000	 0.427041 
816.000000	 0.422619 
814.000000	 0.419476 
812.000000	 0.416479 
810.000000	 0.412162 
808.000000	 0.408835 
806.000000	 0.404920 
804.000000	 0.399744 
802.000000	 0.395314 
800.000000	 0.390390 
798.000000	 0.384520 
796.000000	 0.378552 
794.000000	 0.372233 
792.000000	 0.365726 
790.000000	 0.359236 
788.000000	 0.351240 
786.000000	 0.343289 
784.000000	 0.336480 
782.000000	 0.329500 
780.000000	 0.322819 
778.000000	 0.316537 
776.000000	 0.309297 
774.000000	 0.302591 
772.000000	 0.297677 
770.000000	 0.291907 
768.000000	 0.285317 
766.000000	 0.280357 
764.000000	 0.276271 
762.000000	 0.272332 
760.000000	 0.269426 
758.000000	 0.266485 
756.000000	 0.263465 
754.000000	 0.262183 
752.000000	 0.260745 
750.000000	 0.259302 
748.000000	 0.259342 
746.000000	 0.259438 
744.000000	 0.259791 
742.000000	 0.261325 
740.000000	 0.263766 
738.000000	 0.267233 
736.000000	 0.271061 
734.000000	 0.274078 
732.000000	 0.277258 
730.000000	 0.281426 
728.000000	 0.286886 
726.000000	 0.293716 
724.000000	 0.300506 
722.000000	 0.305801 
720.000000	 0.311987 
718.000000	 0.318542 
716.000000	 0.322664 
714.000000	 0.326943 
712.000000	 0.332228 
710.000000	 0.336086 
708.000000	 0.340259 
706.000000	 0.344990 
704.000000	 0.348597 
702.000000	 0.352579 
700.000000	 0.355996 
698.000000	 0.358998 
696.000000	 0.363137 
694.000000	 0.370132 
692.000000	 0.378091 
690.000000	 0.387450 
688.000000	 0.396994 
686.000000	 0.405993 
684.000000	 0.416887 
682.000000	 0.428381 
680.000000	 0.437287 
678.000000	 0.447032 
676.000000	 0.458487 
674.000000	 0.468069 
672.000000	 0.475934 
670.000000	 0.483112 
668.000000	 0.486798 
666.000000	 0.481773 
664.000000	 0.474861 
662.000000	 0.464417 
660.000000	 0.456065 
658.000000	 0.450879 
656.000000	 0.444818 
654.000000	 0.441228 
652.000000	 0.439508 
650.000000	 0.437953 
648.000000	 0.441574 
646.000000	 0.448537 
644.000000	 0.454073 
642.000000	 0.460092 
640.000000	 0.469828 
638.000000	 0.480561 
636.000000	 0.492473 
634.000000	 0.504773 
632.000000	 0.514454 
630.000000	 0.521456 
628.000000	 0.522494 
626.000000	 0.512689 
624.000000	 0.494373 
622.000000	 0.468527 
620.000000	 0.434854 
618.000000	 0.398947 
616.000000	 0.362155 
614.000000	 0.326334 
612.000000	 0.298308 
610.000000	 0.275855 
608.000000	 0.252682 
606.000000	 0.232647 
604.000000	 0.216344 
602.000000	 0.202073 
600.000000	 0.191718 
598.000000	 0.180925 
596.000000	 0.169977 
594.000000	 0.163480 
592.000000	 0.157427 
590.000000	 0.148920 
588.000000	 0.142286 
586.000000	 0.137238 
584.000000	 0.131839 
582.000000	 0.126388 
580.000000	 0.121510 
578.000000	 0.116200 
576.000000	 0.110689 
574.000000	 0.105061 
572.000000	 0.098422 
570.000000	 0.091884 
568.000000	 0.086566 
566.000000	 0.082863 
564.000000	 0.079834 
562.000000	 0.075713 
560.000000	 0.071614 
558.000000	 0.067977 
556.000000	 0.064084 
554.000000	 0.061320 
552.000000	 0.060485 
550.000000	 0.059420 
548.000000	 0.057830 
546.000000	 0.056450 
544.000000	 0.053283 
542.000000	 0.049937 
540.000000	 0.048814 
538.000000	 0.047338 
536.000000	 0.044746 
534.000000	 0.043165 
532.000000	 0.041083 
530.000000	 0.039599 
528.000000	 0.038545 
526.000000	 0.036219 
524.000000	 0.035058 
522.000000	 0.036044 
520.000000	 0.035815 
518.000000	 0.034809 
516.000000	 0.036241 
514.000000	 0.039499 
512.000000	 0.042008 
510.000000	 0.043065 
508.000000	 0.042219 
506.000000	 0.041109 
504.000000	 0.040268 
502.000000	 0.038975 
500.000000	 0.038618 
498.000000	 0.038176 
496.000000	 0.037953 
494.000000	 0.037990 
492.000000	 0.038228 
490.000000	 0.036586 
488.000000	 0.034913 
486.000000	 0.034892 
484.000000	 0.033797 
482.000000	 0.031702 
480.000000	 0.031610 
478.000000	 0.031284 
476.000000	 0.030330 
474.000000	 0.028909 
472.000000	 0.027310 
470.000000	 0.028350 
468.000000	 0.029850 
466.000000	 0.029134 
464.000000	 0.026456 
462.000000	 0.024082 
460.000000	 0.021539 
458.000000	 0.020605 
456.000000	 0.023687 
454.000000	 0.023621 
452.000000	 0.022795 
450.000000	 0.024402 

