4400.000000	1.277938 
4398.000000	1.280688 
4396.000000	1.281899 
4394.000000	1.278935 
4392.000000	1.277850 
4390.000000	1.279707 
4388.000000	1.279112 
4386.000000	1.277171 
4384.000000	1.278758 
4382.000000	1.281629 
4380.000000	1.281147 
4378.000000	1.277801 
4376.000000	1.274409 
4374.000000	1.271925 
4372.000000	1.272231 
4370.000000	1.276891 
4368.000000	1.277593 
4366.000000	1.276034 
4364.000000	1.278783 
4362.000000	1.277520 
4360.000000	1.274685 
4358.000000	1.277962 
4356.000000	1.277336 
4354.000000	1.275571 
4352.000000	1.279187 
4350.000000	1.280559 
4348.000000	1.279987 
4346.000000	1.279474 
4344.000000	1.280668 
4342.000000	1.278650 
4340.000000	1.275200 
4338.000000	1.277258 
4336.000000	1.279811 
4334.000000	1.278701 
4332.000000	1.273331 
4330.000000	1.269657 
4328.000000	1.272718 
4326.000000	1.277511 
4324.000000	1.278270 
4322.000000	1.280469 
4320.000000	1.279496 
4318.000000	1.277856 
4316.000000	1.279376 
4314.000000	1.277471 
4312.000000	1.275265 
4310.000000	1.276304 
4308.000000	1.277052 
4306.000000	1.273665 
4304.000000	1.271486 
4302.000000	1.275069 
4300.000000	1.280149 
4298.000000	1.277261 
4296.000000	1.275442 
4294.000000	1.279199 
4292.000000	1.281416 
4290.000000	1.276690 
4288.000000	1.275025 
4286.000000	1.273395 
4284.000000	1.268972 
4282.000000	1.267839 
4280.000000	1.270911 
4278.000000	1.275358 
4276.000000	1.280555 
4274.000000	1.281463 
4272.000000	1.279774 
4270.000000	1.277252 
4268.000000	1.278034 
4266.000000	1.281069 
4264.000000	1.279739 
4262.000000	1.277554 
4260.000000	1.276934 
4258.000000	1.272345 
4256.000000	1.270882 
4254.000000	1.272916 
4252.000000	1.271178 
4250.000000	1.271946 
4248.000000	1.279177 
4246.000000	1.283471 
4244.000000	1.281419 
4242.000000	1.280494 
4240.000000	1.279843 
4238.000000	1.276458 
4236.000000	1.276523 
4234.000000	1.280165 
4232.000000	1.280723 
4230.000000	1.276607 
4228.000000	1.272974 
4226.000000	1.272987 
4224.000000	1.275905 
4222.000000	1.276443 
4220.000000	1.276799 
4218.000000	1.282121 
4216.000000	1.285808 
4214.000000	1.283149 
4212.000000	1.279786 
4210.000000	1.279875 
4208.000000	1.280826 
4206.000000	1.281044 
4204.000000	1.281608 
4202.000000	1.281491 
4200.000000	1.276870 
4198.000000	1.270031 
4196.000000	1.273137 
4194.000000	1.277142 
4192.000000	1.276854 
4190.000000	1.276183 
4188.000000	1.275032 
4186.000000	1.276938 
4184.000000	1.279222 
4182.000000	1.279697 
4180.000000	1.279636 
4178.000000	1.275946 
4176.000000	1.272349 
4174.000000	1.272894 
4172.000000	1.275612 
4170.000000	1.277142 
4168.000000	1.277471 
4166.000000	1.276032 
4164.000000	1.277220 
4162.000000	1.276433 
4160.000000	1.271120 
4158.000000	1.269346 
4156.000000	1.273488 
4154.000000	1.277997 
4152.000000	1.277925 
4150.000000	1.273763 
4148.000000	1.271836 
4146.000000	1.273792 
4144.000000	1.276294 
4142.000000	1.277501 
4140.000000	1.277926 
4138.000000	1.275698 
4136.000000	1.271538 
4134.000000	1.271803 
4132.000000	1.271329 
4130.000000	1.271267 
4128.000000	1.273180 
4126.000000	1.273889 
4124.000000	1.272435 
4122.000000	1.272014 
4120.000000	1.273557 
4118.000000	1.276968 
4116.000000	1.277689 
4114.000000	1.274420 
4112.000000	1.271294 
4110.000000	1.268905 
4108.000000	1.269525 
4106.000000	1.273584 
4104.000000	1.273018 
4102.000000	1.272877 
4100.000000	1.275782 
4098.000000	1.272873 
4096.000000	1.268006 
4094.000000	1.268549 
4092.000000	1.270788 
4090.000000	1.272456 
4088.000000	1.272562 
4086.000000	1.273100 
4084.000000	1.273698 
4082.000000	1.272405 
4080.000000	1.269771 
4078.000000	1.269862 
4076.000000	1.269885 
4074.000000	1.269003 
4072.000000	1.270191 
4070.000000	1.272859 
4068.000000	1.271296 
4066.000000	1.265925 
4064.000000	1.267321 
4062.000000	1.271698 
4060.000000	1.270481 
4058.000000	1.267609 
4056.000000	1.268972 
4054.000000	1.271143 
4052.000000	1.270101 
4050.000000	1.270438 
4048.000000	1.270458 
4046.000000	1.270828 
4044.000000	1.273267 
4042.000000	1.272341 
4040.000000	1.268965 
4038.000000	1.265436 
4036.000000	1.264962 
4034.000000	1.268221 
4032.000000	1.268069 
4030.000000	1.268932 
4028.000000	1.271478 
4026.000000	1.270935 
4024.000000	1.269796 
4022.000000	1.269022 
4020.000000	1.266979 
4018.000000	1.264984 
4016.000000	1.267613 
4014.000000	1.270614 
4012.000000	1.266556 
4010.000000	1.262478 
4008.000000	1.260922 
4006.000000	1.263130 
4004.000000	1.265526 
4002.000000	1.267099 
4000.000000	1.268382 
3998.000000	1.267088 
3996.000000	1.268649 
3994.000000	1.270174 
3992.000000	1.268115 
3990.000000	1.268655 
3988.000000	1.268895 
3986.000000	1.265471 
3984.000000	1.265887 
3982.000000	1.265761 
3980.000000	1.263848 
3978.000000	1.265198 
3976.000000	1.268678 
3974.000000	1.271012 
3972.000000	1.269823 
3970.000000	1.264687 
3968.000000	1.263797 
3966.000000	1.266380 
3964.000000	1.268042 
3962.000000	1.268765 
3960.000000	1.270151 
3958.000000	1.268749 
3956.000000	1.266850 
3954.000000	1.267015 
3952.000000	1.266261 
3950.000000	1.265765 
3948.000000	1.267402 
3946.000000	1.267172 
3944.000000	1.266942 
3942.000000	1.268436 
3940.000000	1.267714 
3938.000000	1.264491 
3936.000000	1.259664 
3934.000000	1.261702 
3932.000000	1.266824 
3930.000000	1.269586 
3928.000000	1.267295 
3926.000000	1.267057 
3924.000000	1.267827 
3922.000000	1.268815 
3920.000000	1.271118 
3918.000000	1.269288 
3916.000000	1.266062 
3914.000000	1.263597 
3912.000000	1.266688 
3910.000000	1.266154 
3908.000000	1.259544 
3906.000000	1.259888 
3904.000000	1.263976 
3902.000000	1.263301 
3900.000000	1.268407 
3898.000000	1.270481 
3896.000000	1.264727 
3894.000000	1.262671 
3892.000000	1.269365 
3890.000000	1.265246 
3888.000000	1.259341 
3886.000000	1.268711 
3884.000000	1.268851 
3882.000000	1.267465 
3880.000000	1.269638 
3878.000000	1.263900 
3876.000000	1.268219 
3874.000000	1.270390 
3872.000000	1.264727 
3870.000000	1.272122 
3868.000000	1.265994 
3866.000000	1.266812 
3864.000000	1.268659 
3862.000000	1.265002 
3860.000000	1.260465 
3858.000000	1.254646 
3856.000000	1.256024 
3854.000000	1.275848 
3852.000000	1.273215 
3850.000000	1.262501 
3848.000000	1.259120 
3846.000000	1.259495 
3844.000000	1.265308 
3842.000000	1.266867 
3840.000000	1.268217 
3838.000000	1.272409 
3836.000000	1.267337 
3834.000000	1.262838 
3832.000000	1.265490 
3830.000000	1.262406 
3828.000000	1.258961 
3826.000000	1.255807 
3824.000000	1.253190 
3822.000000	1.268325 
3820.000000	1.266475 
3818.000000	1.260227 
3816.000000	1.269328 
3814.000000	1.263333 
3812.000000	1.257825 
3810.000000	1.253583 
3808.000000	1.261988 
3806.000000	1.263747 
3804.000000	1.256042 
3802.000000	1.271078 
3800.000000	1.270045 
3798.000000	1.262582 
3796.000000	1.263316 
3794.000000	1.257919 
3792.000000	1.257053 
3790.000000	1.257138 
3788.000000	1.258472 
3786.000000	1.261770 
3784.000000	1.259025 
3782.000000	1.255826 
3780.000000	1.263723 
3778.000000	1.263193 
3776.000000	1.258390 
3774.000000	1.257117 
3772.000000	1.257121 
3770.000000	1.261886 
3768.000000	1.262569 
3766.000000	1.265444 
3764.000000	1.258161 
3762.000000	1.255300 
3760.000000	1.261511 
3758.000000	1.262054 
3756.000000	1.256468 
3754.000000	1.255395 
3752.000000	1.268017 
3750.000000	1.270855 
3748.000000	1.259628 
3746.000000	1.262906 
3744.000000	1.278424 
3742.000000	1.263692 
3740.000000	1.257063 
3738.000000	1.258453 
3736.000000	1.264790 
3734.000000	1.268609 
3732.000000	1.269908 
3730.000000	1.263106 
3728.000000	1.261967 
3726.000000	1.261916 
3724.000000	1.261220 
3722.000000	1.265786 
3720.000000	1.264670 
3718.000000	1.261558 
3716.000000	1.256507 
3714.000000	1.259973 
3712.000000	1.268836 
3710.000000	1.266938 
3708.000000	1.263368 
3706.000000	1.259888 
3704.000000	1.259209 
3702.000000	1.266799 
3700.000000	1.268934 
3698.000000	1.268424 
3696.000000	1.269478 
3694.000000	1.268396 
3692.000000	1.272673 
3690.000000	1.278298 
3688.000000	1.278382 
3686.000000	1.271151 
3684.000000	1.270230 
3682.000000	1.271824 
3680.000000	1.268298 
3678.000000	1.267760 
3676.000000	1.283992 
3674.000000	1.279664 
3672.000000	1.271985 
3670.000000	1.281061 
3668.000000	1.277495 
3666.000000	1.272274 
3664.000000	1.271853 
3662.000000	1.271453 
3660.000000	1.269159 
3658.000000	1.273164 
3656.000000	1.281307 
3654.000000	1.272826 
3652.000000	1.273860 
3650.000000	1.283310 
3648.000000	1.284311 
3646.000000	1.279193 
3644.000000	1.275167 
3642.000000	1.275694 
3640.000000	1.273932 
3638.000000	1.272239 
3636.000000	1.273644 
3634.000000	1.273244 
3632.000000	1.268924 
3630.000000	1.278685 
3628.000000	1.286420 
3626.000000	1.278561 
3624.000000	1.274748 
3622.000000	1.275091 
3620.000000	1.282621 
3618.000000	1.280955 
3616.000000	1.272828 
3614.000000	1.275107 
3612.000000	1.275327 
3610.000000	1.274876 
3608.000000	1.279526 
3606.000000	1.279185 
3604.000000	1.275112 
3602.000000	1.275224 
3600.000000	1.275493 
3598.000000	1.276392 
3596.000000	1.278565 
3594.000000	1.277265 
3592.000000	1.272692 
3590.000000	1.274241 
3588.000000	1.283427 
3586.000000	1.282525 
3584.000000	1.275225 
3582.000000	1.273378 
3580.000000	1.274136 
3578.000000	1.274787 
3576.000000	1.273452 
3574.000000	1.271987 
3572.000000	1.270902 
3570.000000	1.269779 
3568.000000	1.274771 
3566.000000	1.278060 
3564.000000	1.276924 
3562.000000	1.277779 
3560.000000	1.277375 
3558.000000	1.277391 
3556.000000	1.276830 
3554.000000	1.275073 
3552.000000	1.274800 
3550.000000	1.273918 
3548.000000	1.274851 
3546.000000	1.276157 
3544.000000	1.275064 
3542.000000	1.274834 
3540.000000	1.275778 
3538.000000	1.278194 
3536.000000	1.279264 
3534.000000	1.273514 
3532.000000	1.273121 
3530.000000	1.277101 
3528.000000	1.276363 
3526.000000	1.276934 
3524.000000	1.279729 
3522.000000	1.278121 
3520.000000	1.273215 
3518.000000	1.271288 
3516.000000	1.273197 
3514.000000	1.275413 
3512.000000	1.275255 
3510.000000	1.273518 
3508.000000	1.272423 
3506.000000	1.271923 
3504.000000	1.272382 
3502.000000	1.274681 
3500.000000	1.274841 
3498.000000	1.274306 
3496.000000	1.274082 
3494.000000	1.276371 
3492.000000	1.278027 
3490.000000	1.275151 
3488.000000	1.274282 
3486.000000	1.276089 
3484.000000	1.275341 
3482.000000	1.275235 
3480.000000	1.274175 
3478.000000	1.273557 
3476.000000	1.272927 
3474.000000	1.273129 
3472.000000	1.274715 
3470.000000	1.276138 
3468.000000	1.272951 
3466.000000	1.270745 
3464.000000	1.272150 
3462.000000	1.274917 
3460.000000	1.275305 
3458.000000	1.273032 
3456.000000	1.271371 
3454.000000	1.271962 
3452.000000	1.274539 
3450.000000	1.274806 
3448.000000	1.275671 
3446.000000	1.275294 
3444.000000	1.275524 
3442.000000	1.276895 
3440.000000	1.274495 
3438.000000	1.272078 
3436.000000	1.273300 
3434.000000	1.270797 
3432.000000	1.267991 
3430.000000	1.270242 
3428.000000	1.273296 
3426.000000	1.275475 
3424.000000	1.276085 
3422.000000	1.276740 
3420.000000	1.276707 
3418.000000	1.272619 
3416.000000	1.267860 
3414.000000	1.267755 
3412.000000	1.268069 
3410.000000	1.268594 
3408.000000	1.270473 
3406.000000	1.270029 
3404.000000	1.270911 
3402.000000	1.272237 
3400.000000	1.272945 
3398.000000	1.272987 
3396.000000	1.273174 
3394.000000	1.272192 
3392.000000	1.270456 
3390.000000	1.270078 
3388.000000	1.269247 
3386.000000	1.267822 
3384.000000	1.266831 
3382.000000	1.267354 
3380.000000	1.266152 
3378.000000	1.264628 
3376.000000	1.264563 
3374.000000	1.266326 
3372.000000	1.268006 
3370.000000	1.268507 
3368.000000	1.269893 
3366.000000	1.268820 
3364.000000	1.269652 
3362.000000	1.270332 
3360.000000	1.267298 
3358.000000	1.265889 
3356.000000	1.265635 
3354.000000	1.265633 
3352.000000	1.266368 
3350.000000	1.266546 
3348.000000	1.265030 
3346.000000	1.262537 
3344.000000	1.261139 
3342.000000	1.261033 
3340.000000	1.261660 
3338.000000	1.265625 
3336.000000	1.267364 
3334.000000	1.264729 
3332.000000	1.263126 
3330.000000	1.261660 
3328.000000	1.262088 
3326.000000	1.265337 
3324.000000	1.265362 
3322.000000	1.263603 
3320.000000	1.263206 
3318.000000	1.259043 
3316.000000	1.259339 
3314.000000	1.264472 
3312.000000	1.263962 
3310.000000	1.261483 
3308.000000	1.262143 
3306.000000	1.263106 
3304.000000	1.262563 
3302.000000	1.260580 
3300.000000	1.260128 
3298.000000	1.259986 
3296.000000	1.257555 
3294.000000	1.255897 
3292.000000	1.258790 
3290.000000	1.261643 
3288.000000	1.261281 
3286.000000	1.259305 
3284.000000	1.256171 
3282.000000	1.253255 
3280.000000	1.254864 
3278.000000	1.257342 
3276.000000	1.257726 
3274.000000	1.257984 
3272.000000	1.258058 
3270.000000	1.258448 
3268.000000	1.259085 
3266.000000	1.258577 
3264.000000	1.256681 
3262.000000	1.254466 
3260.000000	1.254741 
3258.000000	1.257490 
3256.000000	1.256367 
3254.000000	1.255386 
3252.000000	1.255277 
3250.000000	1.255682 
3248.000000	1.255434 
3246.000000	1.254454 
3244.000000	1.254533 
3242.000000	1.255121 
3240.000000	1.254689 
3238.000000	1.254177 
3236.000000	1.255033 
3234.000000	1.255740 
3232.000000	1.254231 
3230.000000	1.254144 
3228.000000	1.253212 
3226.000000	1.249461 
3224.000000	1.249809 
3222.000000	1.251906 
3220.000000	1.251176 
3218.000000	1.250359 
3216.000000	1.250844 
3214.000000	1.250711 
3212.000000	1.250363 
3210.000000	1.249730 
3208.000000	1.247522 
3206.000000	1.248007 
3204.000000	1.248545 
3202.000000	1.249369 
3200.000000	1.250321 
3198.000000	1.249612 
3196.000000	1.250603 
3194.000000	1.251352 
3192.000000	1.250160 
3190.000000	1.248311 
3188.000000	1.246484 
3186.000000	1.246222 
3184.000000	1.247141 
3182.000000	1.245909 
3180.000000	1.244785 
3178.000000	1.244041 
3176.000000	1.244396 
3174.000000	1.247286 
3172.000000	1.248249 
3170.000000	1.246805 
3168.000000	1.246381 
3166.000000	1.246403 
3164.000000	1.244808 
3162.000000	1.242681 
3160.000000	1.243294 
3158.000000	1.243374 
3156.000000	1.241351 
3154.000000	1.243319 
3152.000000	1.245570 
3150.000000	1.242537 
3148.000000	1.241066 
3146.000000	1.243180 
3144.000000	1.244823 
3142.000000	1.244523 
3140.000000	1.242636 
3138.000000	1.240563 
3136.000000	1.239020 
3134.000000	1.240298 
3132.000000	1.241747 
3130.000000	1.241521 
3128.000000	1.241757 
3126.000000	1.241488 
3124.000000	1.242066 
3122.000000	1.242477 
3120.000000	1.241207 
3118.000000	1.238781 
3116.000000	1.236095 
3114.000000	1.233948 
3112.000000	1.234552 
3110.000000	1.236580 
3108.000000	1.235822 
3106.000000	1.235473 
3104.000000	1.236239 
3102.000000	1.237642 
3100.000000	1.238719 
3098.000000	1.238408 
3096.000000	1.237429 
3094.000000	1.235658 
3092.000000	1.234603 
3090.000000	1.233625 
3088.000000	1.235010 
3086.000000	1.234575 
3084.000000	1.232557 
3082.000000	1.233234 
3080.000000	1.234177 
3078.000000	1.233623 
3076.000000	1.234275 
3074.000000	1.236029 
3072.000000	1.234950 
3070.000000	1.232724 
3068.000000	1.233294 
3066.000000	1.235984 
3064.000000	1.235751 
3062.000000	1.231998 
3060.000000	1.229906 
3058.000000	1.231094 
3056.000000	1.232816 
3054.000000	1.233554 
3052.000000	1.233636 
3050.000000	1.230967 
3048.000000	1.227436 
3046.000000	1.228879 
3044.000000	1.230800 
3042.000000	1.229901 
3040.000000	1.228768 
3038.000000	1.228788 
3036.000000	1.229574 
3034.000000	1.228423 
3032.000000	1.227087 
3030.000000	1.227307 
3028.000000	1.228306 
3026.000000	1.228437 
3024.000000	1.226854 
3022.000000	1.225079 
3020.000000	1.225509 
3018.000000	1.226816 
3016.000000	1.227648 
3014.000000	1.228176 
3012.000000	1.229533 
3010.000000	1.229277 
3008.000000	1.227515 
3006.000000	1.225986 
3004.000000	1.224600 
3002.000000	1.223673 
3000.000000	1.224503 
2998.000000	1.225613 
2996.000000	1.226305 
2994.000000	1.226186 
2992.000000	1.225250 
2990.000000	1.226383 
2988.000000	1.227506 
2986.000000	1.226807 
2984.000000	1.226117 
2982.000000	1.227394 
2980.000000	1.228744 
2978.000000	1.226640 
2976.000000	1.224598 
2974.000000	1.223793 
2972.000000	1.224968 
2970.000000	1.225537 
2968.000000	1.226373 
2966.000000	1.227244 
2964.000000	1.227225 
2962.000000	1.227087 
2960.000000	1.225699 
2958.000000	1.226629 
2956.000000	1.227368 
2954.000000	1.225378 
2952.000000	1.224506 
2950.000000	1.224128 
2948.000000	1.222555 
2946.000000	1.222926 
2944.000000	1.225650 
2942.000000	1.226676 
2940.000000	1.225570 
2938.000000	1.225365 
2936.000000	1.226005 
2934.000000	1.227994 
2932.000000	1.230339 
2930.000000	1.229382 
2928.000000	1.229179 
2926.000000	1.231632 
2924.000000	1.232683 
2922.000000	1.232365 
2920.000000	1.230751 
2918.000000	1.227756 
2916.000000	1.225356 
2914.000000	1.224263 
2912.000000	1.224313 
2910.000000	1.222704 
2908.000000	1.220612 
2906.000000	1.219409 
2904.000000	1.217555 
2902.000000	1.216415 
2900.000000	1.216893 
2898.000000	1.218413 
2896.000000	1.218268 
2894.000000	1.216983 
2892.000000	1.216170 
2890.000000	1.213196 
2888.000000	1.211717 
2886.000000	1.212763 
2884.000000	1.213882 
2882.000000	1.214129 
2880.000000	1.214033 
2878.000000	1.213047 
2876.000000	1.212692 
2874.000000	1.214139 
2872.000000	1.214452 
2870.000000	1.212709 
2868.000000	1.213169 
2866.000000	1.215258 
2864.000000	1.215433 
2862.000000	1.216279 
2860.000000	1.216836 
2858.000000	1.214589 
2856.000000	1.211043 
2854.000000	1.211714 
2852.000000	1.216139 
2850.000000	1.217050 
2848.000000	1.212758 
2846.000000	1.209546 
2844.000000	1.209816 
2842.000000	1.209746 
2840.000000	1.208191 
2838.000000	1.206477 
2836.000000	1.206367 
2834.000000	1.207189 
2832.000000	1.204664 
2830.000000	1.203072 
2828.000000	1.203915 
2826.000000	1.204375 
2824.000000	1.204596 
2822.000000	1.202817 
2820.000000	1.201536 
2818.000000	1.202968 
2816.000000	1.203469 
2814.000000	1.202890 
2812.000000	1.202986 
2810.000000	1.203503 
2808.000000	1.202760 
2806.000000	1.202090 
2804.000000	1.201556 
2802.000000	1.201429 
2800.000000	1.202392 
2798.000000	1.202905 
2796.000000	1.201928 
2794.000000	1.200650 
2792.000000	1.202225 
2790.000000	1.204241 
2788.000000	1.204018 
2786.000000	1.200316 
2784.000000	1.197415 
2782.000000	1.199095 
2780.000000	1.199138 
2778.000000	1.197432 
2776.000000	1.197420 
2774.000000	1.198683 
2772.000000	1.198310 
2770.000000	1.195605 
2768.000000	1.194033 
2766.000000	1.194433 
2764.000000	1.197000 
2762.000000	1.197872 
2760.000000	1.196561 
2758.000000	1.196451 
2756.000000	1.197120 
2754.000000	1.196285 
2752.000000	1.195217 
2750.000000	1.194475 
2748.000000	1.194601 
2746.000000	1.195393 
2744.000000	1.196282 
2742.000000	1.197789 
2740.000000	1.197753 
2738.000000	1.195982 
2736.000000	1.195424 
2734.000000	1.196044 
2732.000000	1.195000 
2730.000000	1.192910 
2728.000000	1.194420 
2726.000000	1.194856 
2724.000000	1.193622 
2722.000000	1.192828 
2720.000000	1.192531 
2718.000000	1.193781 
2716.000000	1.194078 
2714.000000	1.191989 
2712.000000	1.188650 
2710.000000	1.188186 
2708.000000	1.188815 
2706.000000	1.187977 
2704.000000	1.188101 
2702.000000	1.189402 
2700.000000	1.189173 
2698.000000	1.188596 
2696.000000	1.189314 
2694.000000	1.189148 
2692.000000	1.187039 
2690.000000	1.185141 
2688.000000	1.184687 
2686.000000	1.185686 
2684.000000	1.187090 
2682.000000	1.185710 
2680.000000	1.184208 
2678.000000	1.184676 
2676.000000	1.185434 
2674.000000	1.184635 
2672.000000	1.183618 
2670.000000	1.184336 
2668.000000	1.185172 
2666.000000	1.184757 
2664.000000	1.183963 
2662.000000	1.182725 
2660.000000	1.182101 
2658.000000	1.183400 
2656.000000	1.184140 
2654.000000	1.183119 
2652.000000	1.181250 
2650.000000	1.181878 
2648.000000	1.184154 
2646.000000	1.184198 
2644.000000	1.181668 
2642.000000	1.180381 
2640.000000	1.180252 
2638.000000	1.178904 
2636.000000	1.179762 
2634.000000	1.181231 
2632.000000	1.180464 
2630.000000	1.180606 
2628.000000	1.179805 
2626.000000	1.177885 
2624.000000	1.177077 
2622.000000	1.176222 
2620.000000	1.177242 
2618.000000	1.178773 
2616.000000	1.179644 
2614.000000	1.180103 
2612.000000	1.178275 
2610.000000	1.176932 
2608.000000	1.177803 
2606.000000	1.178022 
2604.000000	1.175524 
2602.000000	1.175308 
2600.000000	1.178311 
2598.000000	1.178970 
2596.000000	1.178291 
2594.000000	1.176953 
2592.000000	1.174607 
2590.000000	1.173420 
2588.000000	1.173549 
2586.000000	1.174528 
2584.000000	1.175660 
2582.000000	1.174611 
2580.000000	1.173127 
2578.000000	1.173275 
2576.000000	1.174839 
2574.000000	1.176174 
2572.000000	1.174458 
2570.000000	1.171320 
2568.000000	1.170520 
2566.000000	1.170654 
2564.000000	1.169478 
2562.000000	1.169455 
2560.000000	1.170681 
2558.000000	1.171976 
2556.000000	1.171813 
2554.000000	1.172073 
2552.000000	1.171725 
2550.000000	1.171113 
2548.000000	1.171541 
2546.000000	1.171633 
2544.000000	1.171048 
2542.000000	1.170035 
2540.000000	1.167831 
2538.000000	1.167420 
2536.000000	1.168949 
2534.000000	1.169091 
2532.000000	1.169360 
2530.000000	1.169777 
2528.000000	1.168772 
2526.000000	1.165962 
2524.000000	1.164385 
2522.000000	1.164956 
2520.000000	1.165532 
2518.000000	1.165991 
2516.000000	1.166612 
2514.000000	1.167173 
2512.000000	1.168024 
2510.000000	1.168248 
2508.000000	1.166384 
2506.000000	1.166182 
2504.000000	1.166942 
2502.000000	1.165093 
2500.000000	1.162015 
2498.000000	1.162323 
2496.000000	1.165145 
2494.000000	1.165894 
2492.000000	1.163709 
2490.000000	1.162108 
2488.000000	1.162092 
2486.000000	1.161751 
2484.000000	1.161913 
2482.000000	1.163433 
2480.000000	1.163981 
2478.000000	1.162593 
2476.000000	1.162564 
2474.000000	1.162746 
2472.000000	1.163031 
2470.000000	1.164173 
2468.000000	1.162561 
2466.000000	1.160227 
2464.000000	1.160471 
2462.000000	1.161260 
2460.000000	1.161438 
2458.000000	1.160888 
2456.000000	1.161195 
2454.000000	1.160928 
2452.000000	1.159394 
2450.000000	1.159925 
2448.000000	1.162104 
2446.000000	1.162026 
2444.000000	1.159434 
2442.000000	1.158986 
2440.000000	1.158650 
2438.000000	1.157032 
2436.000000	1.157630 
2434.000000	1.158586 
2432.000000	1.156833 
2430.000000	1.155747 
2428.000000	1.156443 
2426.000000	1.156128 
2424.000000	1.155892 
2422.000000	1.156964 
2420.000000	1.157298 
2418.000000	1.157408 
2416.000000	1.157545 
2414.000000	1.157155 
2412.000000	1.156213 
2410.000000	1.155703 
2408.000000	1.156066 
2406.000000	1.155202 
2404.000000	1.155026 
2402.000000	1.155881 
2400.000000	1.153306 
2398.000000	1.152166 
2396.000000	1.153227 
2394.000000	1.151875 
2392.000000	1.151445 
2390.000000	1.151939 
2388.000000	1.149989 
2386.000000	1.148613 
2384.000000	1.149745 
2382.000000	1.151132 
2380.000000	1.149715 
2378.000000	1.147826 
2376.000000	1.148662 
2374.000000	1.148300 
2372.000000	1.148406 
2370.000000	1.151010 
2368.000000	1.152038 
2366.000000	1.148299 
2364.000000	1.144541 
2362.000000	1.147314 
2360.000000	1.151233 
2358.000000	1.150599 
2356.000000	1.148376 
2354.000000	1.148006 
2352.000000	1.146232 
2350.000000	1.143228 
2348.000000	1.143054 
2346.000000	1.145069 
2344.000000	1.146614 
2342.000000	1.147424 
2340.000000	1.148179 
2338.000000	1.149498 
2336.000000	1.146702 
2334.000000	1.145705 
2332.000000	1.146046 
2330.000000	1.146811 
2328.000000	1.147799 
2326.000000	1.147994 
2324.000000	1.147458 
2322.000000	1.146698 
2320.000000	1.146402 
2318.000000	1.148108 
2316.000000	1.148536 
2314.000000	1.146198 
2312.000000	1.145990 
2310.000000	1.147060 
2308.000000	1.146990 
2306.000000	1.146535 
2304.000000	1.147195 
2302.000000	1.147405 
2300.000000	1.146750 
2298.000000	1.147612 
2296.000000	1.148098 
2294.000000	1.147830 
2292.000000	1.148820 
2290.000000	1.148465 
2288.000000	1.149524 
2286.000000	1.152387 
2284.000000	1.154866 
2282.000000	1.155213 
2280.000000	1.157206 
2278.000000	1.160263 
2276.000000	1.162062 
2274.000000	1.164129 
2272.000000	1.165670 
2270.000000	1.168347 
2268.000000	1.170770 
2266.000000	1.173087 
2264.000000	1.175925 
2262.000000	1.177286 
2260.000000	1.179881 
2258.000000	1.183211 
2256.000000	1.183211 
2254.000000	1.183557 
2252.000000	1.185356 
2250.000000	1.185302 
2248.000000	1.184706 
2246.000000	1.185620 
2244.000000	1.184315 
2242.000000	1.182946 
2240.000000	1.183037 
2238.000000	1.182139 
2236.000000	1.181139 
2234.000000	1.181766 
2232.000000	1.179912 
2230.000000	1.176649 
2228.000000	1.173313 
2226.000000	1.171915 
2224.000000	1.172482 
2222.000000	1.172881 
2220.000000	1.172592 
2218.000000	1.172997 
2216.000000	1.173829 
2214.000000	1.174139 
2212.000000	1.175141 
2210.000000	1.178277 
2208.000000	1.179973 
2206.000000	1.179475 
2204.000000	1.179713 
2202.000000	1.180393 
2200.000000	1.181027 
2198.000000	1.180818 
2196.000000	1.180142 
2194.000000	1.179779 
2192.000000	1.179585 
2190.000000	1.179358 
2188.000000	1.179233 
2186.000000	1.178505 
2184.000000	1.176631 
2182.000000	1.173085 
2180.000000	1.172181 
2178.000000	1.171911 
2176.000000	1.171218 
2174.000000	1.171873 
2172.000000	1.170510 
2170.000000	1.167407 
2168.000000	1.167960 
2166.000000	1.170838 
2164.000000	1.171815 
2162.000000	1.171281 
2160.000000	1.171051 
2158.000000	1.172344 
2156.000000	1.174379 
2154.000000	1.177343 
2152.000000	1.181974 
2150.000000	1.186718 
2148.000000	1.190903 
2146.000000	1.195041 
2144.000000	1.195934 
2142.000000	1.195903 
2140.000000	1.197176 
2138.000000	1.195888 
2136.000000	1.194707 
2134.000000	1.194428 
2132.000000	1.193011 
2130.000000	1.193617 
2128.000000	1.195544 
2126.000000	1.199442 
2124.000000	1.204273 
2122.000000	1.207967 
2120.000000	1.213491 
2118.000000	1.222535 
2116.000000	1.228251 
2114.000000	1.226640 
2112.000000	1.224018 
2110.000000	1.221516 
2108.000000	1.218436 
2106.000000	1.213257 
2104.000000	1.207094 
2102.000000	1.201698 
2100.000000	1.195820 
2098.000000	1.192137 
2096.000000	1.193377 
2094.000000	1.199754 
2092.000000	1.206767 
2090.000000	1.208501 
2088.000000	1.206206 
2086.000000	1.201754 
2084.000000	1.195247 
2082.000000	1.189125 
2080.000000	1.185480 
2078.000000	1.182206 
2076.000000	1.176053 
2074.000000	1.166925 
2072.000000	1.156719 
2070.000000	1.146150 
2068.000000	1.134724 
2066.000000	1.123537 
2064.000000	1.114540 
2062.000000	1.107353 
2060.000000	1.102010 
2058.000000	1.098901 
2056.000000	1.097507 
2054.000000	1.094700 
2052.000000	1.092051 
2050.000000	1.090905 
2048.000000	1.090073 
2046.000000	1.089265 
2044.000000	1.087114 
2042.000000	1.085354 
2040.000000	1.085252 
2038.000000	1.083762 
2036.000000	1.082062 
2034.000000	1.082529 
2032.000000	1.082370 
2030.000000	1.080635 
2028.000000	1.079365 
2026.000000	1.078834 
2024.000000	1.078327 
2022.000000	1.077246 
2020.000000	1.076613 
2018.000000	1.076956 
2016.000000	1.076660 
2014.000000	1.074669 
2012.000000	1.072973 
2010.000000	1.073469 
2008.000000	1.073876 
2006.000000	1.073708 
2004.000000	1.072788 
2002.000000	1.071633 
2000.000000	1.071341 
1998.000000	1.071746 
1996.000000	1.070435 
1994.000000	1.069901 
1992.000000	1.071263 
1990.000000	1.070962 
1988.000000	1.070457 
1986.000000	1.070607 
1984.000000	1.069746 
1982.000000	1.067368 
1980.000000	1.065978 
1978.000000	1.065205 
1976.000000	1.064267 
1974.000000	1.063131 
1972.000000	1.062185 
1970.000000	1.061457 
1968.000000	1.061928 
1966.000000	1.063171 
1964.000000	1.062691 
1962.000000	1.060058 
1960.000000	1.059119 
1958.000000	1.059750 
1956.000000	1.059203 
1954.000000	1.057947 
1952.000000	1.056121 
1950.000000	1.055183 
1948.000000	1.054607 
1946.000000	1.054548 
1944.000000	1.056141 
1942.000000	1.056766 
1940.000000	1.054967 
1938.000000	1.054328 
1936.000000	1.054516 
1934.000000	1.053251 
1932.000000	1.051464 
1930.000000	1.050898 
1928.000000	1.050472 
1926.000000	1.048836 
1924.000000	1.048539 
1922.000000	1.047920 
1920.000000	1.047399 
1918.000000	1.049348 
1916.000000	1.048587 
1914.000000	1.046826 
1912.000000	1.046148 
1910.000000	1.046110 
1908.000000	1.044970 
1906.000000	1.042847 
1904.000000	1.042041 
1902.000000	1.042157 
1900.000000	1.042381 
1898.000000	1.042405 
1896.000000	1.041615 
1894.000000	1.041312 
1892.000000	1.040228 
1890.000000	1.040351 
1888.000000	1.039294 
1886.000000	1.037089 
1884.000000	1.036490 
1882.000000	1.035846 
1880.000000	1.035223 
1878.000000	1.033869 
1876.000000	1.031781 
1874.000000	1.030714 
1872.000000	1.029862 
1870.000000	1.032379 
1868.000000	1.034484 
1866.000000	1.031909 
1864.000000	1.029085 
1862.000000	1.026929 
1860.000000	1.026483 
1858.000000	1.027098 
1856.000000	1.026977 
1854.000000	1.025919 
1852.000000	1.024518 
1850.000000	1.023748 
1848.000000	1.023820 
1846.000000	1.023506 
1844.000000	1.026281 
1842.000000	1.024337 
1840.000000	1.021489 
1838.000000	1.021888 
1836.000000	1.021932 
1834.000000	1.019541 
1832.000000	1.018371 
1830.000000	1.021833 
1828.000000	1.021729 
1826.000000	1.020183 
1824.000000	1.020609 
1822.000000	1.018678 
1820.000000	1.015833 
1818.000000	1.013861 
1816.000000	1.013601 
1814.000000	1.013019 
1812.000000	1.012708 
1810.000000	1.013115 
1808.000000	1.012016 
1806.000000	1.010345 
1804.000000	1.008549 
1802.000000	1.008077 
1800.000000	1.009792 
1798.000000	1.008851 
1796.000000	1.006482 
1794.000000	1.006183 
1792.000000	1.010305 
1790.000000	1.008323 
1788.000000	1.003560 
1786.000000	1.002483 
1784.000000	1.002234 
1782.000000	1.000624 
1780.000000	1.000888 
1778.000000	0.999797 
1776.000000	0.998111 
1774.000000	0.998975 
1772.000000	1.001479 
1770.000000	0.999974 
1768.000000	0.998087 
1766.000000	0.994193 
1764.000000	0.991657 
1762.000000	0.993971 
1760.000000	0.993181 
1758.000000	0.992170 
1756.000000	0.992042 
1754.000000	0.988067 
1752.000000	0.989129 
1750.000000	0.990861 
1748.000000	0.989961 
1746.000000	0.988374 
1744.000000	0.987309 
1742.000000	0.986272 
1740.000000	0.987474 
1738.000000	0.985239 
1736.000000	0.982381 
1734.000000	0.991219 
1732.000000	0.990417 
1730.000000	0.986282 
1728.000000	0.984903 
1726.000000	0.982880 
1724.000000	0.982179 
1722.000000	0.979496 
1720.000000	0.977541 
1718.000000	0.981940 
1716.000000	0.982503 
1714.000000	0.978559 
1712.000000	0.975838 
1710.000000	0.973957 
1708.000000	0.972431 
1706.000000	0.973053 
1704.000000	0.970639 
1702.000000	0.969844 
1700.000000	0.976268 
1698.000000	0.971446 
1696.000000	0.972202 
1694.000000	0.967654 
1692.000000	0.960948 
1690.000000	0.960718 
1688.000000	0.958886 
1686.000000	0.957860 
1684.000000	0.966990 
1682.000000	0.962938 
1680.000000	0.956621 
1678.000000	0.953318 
1676.000000	0.954386 
1674.000000	0.956555 
1672.000000	0.953295 
1670.000000	0.955302 
1668.000000	0.954279 
1666.000000	0.949289 
1664.000000	0.948383 
1662.000000	0.949861 
1660.000000	0.946571 
1658.000000	0.942429 
1656.000000	0.939175 
1654.000000	0.945447 
1652.000000	0.950522 
1650.000000	0.941728 
1648.000000	0.941727 
1646.000000	0.944835 
1644.000000	0.939569 
1642.000000	0.935380 
1640.000000	0.933616 
1638.000000	0.933008 
1636.000000	0.938657 
1634.000000	0.937282 
1632.000000	0.931452 
1630.000000	0.929630 
1628.000000	0.930378 
1626.000000	0.929298 
1624.000000	0.931370 
1622.000000	0.931631 
1620.000000	0.926652 
1618.000000	0.926931 
1616.000000	0.929515 
1614.000000	0.924029 
1612.000000	0.920237 
1610.000000	0.921105 
1608.000000	0.921389 
1606.000000	0.917784 
1604.000000	0.914671 
1602.000000	0.913754 
1600.000000	0.912599 
1598.000000	0.910937 
1596.000000	0.909286 
1594.000000	0.908106 
1592.000000	0.907517 
1590.000000	0.905979 
1588.000000	0.903776 
1586.000000	0.902553 
1584.000000	0.901645 
1582.000000	0.901545 
1580.000000	0.899129 
1578.000000	0.896730 
1576.000000	0.902006 
1574.000000	0.900196 
1572.000000	0.894497 
1570.000000	0.895655 
1568.000000	0.894957 
1566.000000	0.891445 
1564.000000	0.889428 
1562.000000	0.885631 
1560.000000	0.892420 
1558.000000	0.900420 
1556.000000	0.890982 
1554.000000	0.886337 
1552.000000	0.884279 
1550.000000	0.882773 
1548.000000	0.880993 
1546.000000	0.880038 
1544.000000	0.880972 
1542.000000	0.883157 
1540.000000	0.888951 
1538.000000	0.884079 
1536.000000	0.875368 
1534.000000	0.875289 
1532.000000	0.874250 
1530.000000	0.870069 
1528.000000	0.868388 
1526.000000	0.869261 
1524.000000	0.868521 
1522.000000	0.870850 
1520.000000	0.870772 
1518.000000	0.865359 
1516.000000	0.863837 
1514.000000	0.860431 
1512.000000	0.858327 
1510.000000	0.857358 
1508.000000	0.860035 
1506.000000	0.864015 
1504.000000	0.857131 
1502.000000	0.852041 
1500.000000	0.852046 
1498.000000	0.854670 
1496.000000	0.856167 
1494.000000	0.851294 
1492.000000	0.848441 
1490.000000	0.851455 
1488.000000	0.850478 
1486.000000	0.846162 
1484.000000	0.843116 
1482.000000	0.842354 
1480.000000	0.840881 
1478.000000	0.839825 
1476.000000	0.840411 
1474.000000	0.841417 
1472.000000	0.843903 
1470.000000	0.839344 
1468.000000	0.835077 
1466.000000	0.835206 
1464.000000	0.835345 
1462.000000	0.831157 
1460.000000	0.829169 
1458.000000	0.833919 
1456.000000	0.836772 
1454.000000	0.830123 
1452.000000	0.826234 
1450.000000	0.825512 
1448.000000	0.825640 
1446.000000	0.822472 
1444.000000	0.818332 
1442.000000	0.816729 
1440.000000	0.814907 
1438.000000	0.815107 
1436.000000	0.816508 
1434.000000	0.811848 
1432.000000	0.808384 
1430.000000	0.807769 
1428.000000	0.806013 
1426.000000	0.804059 
1424.000000	0.802472 
1422.000000	0.798381 
1420.000000	0.798982 
1418.000000	0.800499 
1416.000000	0.795711 
1414.000000	0.792145 
1412.000000	0.790827 
1410.000000	0.789588 
1408.000000	0.787342 
1406.000000	0.785571 
1404.000000	0.784471 
1402.000000	0.781805 
1400.000000	0.780905 
1398.000000	0.780534 
1396.000000	0.778680 
1394.000000	0.777277 
1392.000000	0.774597 
1390.000000	0.772085 
1388.000000	0.770945 
1386.000000	0.769166 
1384.000000	0.766802 
1382.000000	0.764666 
1380.000000	0.762289 
1378.000000	0.760326 
1376.000000	0.759276 
1374.000000	0.758569 
1372.000000	0.755262 
1370.000000	0.752389 
1368.000000	0.751129 
1366.000000	0.749009 
1364.000000	0.747784 
1362.000000	0.746786 
1360.000000	0.743683 
1358.000000	0.740989 
1356.000000	0.738502 
1354.000000	0.736437 
1352.000000	0.735633 
1350.000000	0.734343 
1348.000000	0.731614 
1346.000000	0.729437 
1344.000000	0.727895 
1342.000000	0.726575 
1340.000000	0.725171 
1338.000000	0.722829 
1336.000000	0.720481 
1334.000000	0.719045 
1332.000000	0.717422 
1330.000000	0.715085 
1328.000000	0.712911 
1326.000000	0.711142 
1324.000000	0.709768 
1322.000000	0.708154 
1320.000000	0.706360 
1318.000000	0.704455 
1316.000000	0.702763 
1314.000000	0.701053 
1312.000000	0.699160 
1310.000000	0.697555 
1308.000000	0.695866 
1306.000000	0.693508 
1304.000000	0.691861 
1302.000000	0.690066 
1300.000000	0.687535 
1298.000000	0.685365 
1296.000000	0.684369 
1294.000000	0.683099 
1292.000000	0.681143 
1290.000000	0.679425 
1288.000000	0.677063 
1286.000000	0.675102 
1284.000000	0.673203 
1282.000000	0.670776 
1280.000000	0.668378 
1278.000000	0.666300 
1276.000000	0.664913 
1274.000000	0.663383 
1272.000000	0.661091 
1270.000000	0.658946 
1268.000000	0.657371 
1266.000000	0.656092 
1264.000000	0.654242 
1262.000000	0.652034 
1260.000000	0.650340 
1258.000000	0.648742 
1256.000000	0.646901 
1254.000000	0.645172 
1252.000000	0.643529 
1250.000000	0.642567 
1248.000000	0.641646 
1246.000000	0.640252 
1244.000000	0.638558 
1242.000000	0.637569 
1240.000000	0.637112 
1238.000000	0.636288 
1236.000000	0.634827 
1234.000000	0.634039 
1232.000000	0.633883 
1230.000000	0.633837 
1228.000000	0.634034 
1226.000000	0.635025 
1224.000000	0.635955 
1222.000000	0.636672 
1220.000000	0.638379 
1218.000000	0.640372 
1216.000000	0.642302 
1214.000000	0.644752 
1212.000000	0.648010 
1210.000000	0.652087 
1208.000000	0.656912 
1206.000000	0.661970 
1204.000000	0.667496 
1202.000000	0.673938 
1200.000000	0.680992 
1198.000000	0.688487 
1196.000000	0.695820 
1194.000000	0.702763 
1192.000000	0.710273 
1190.000000	0.718161 
1188.000000	0.725173 
1186.000000	0.732697 
1184.000000	0.741048 
1182.000000	0.749504 
1180.000000	0.758292 
1178.000000	0.766497 
1176.000000	0.773790 
1174.000000	0.781599 
1172.000000	0.788756 
1170.000000	0.795022 
1168.000000	0.802346 
1166.000000	0.809921 
1164.000000	0.815573 
1162.000000	0.821302 
1160.000000	0.828053 
1158.000000	0.833963 
1156.000000	0.839109 
1154.000000	0.844416 
1152.000000	0.849849 
1150.000000	0.855190 
1148.000000	0.859310 
1146.000000	0.863407 
1144.000000	0.867513 
1142.000000	0.871671 
1140.000000	0.876043 
1138.000000	0.880325 
1136.000000	0.884190 
1134.000000	0.887462 
1132.000000	0.890583 
1130.000000	0.894239 
1128.000000	0.896549 
1126.000000	0.898656 
1124.000000	0.901992 
1122.000000	0.904288 
1120.000000	0.905778 
1118.000000	0.908162 
1116.000000	0.911873 
1114.000000	0.915980 
1112.000000	0.919488 
1110.000000	0.922702 
1108.000000	0.925026 
1106.000000	0.927215 
1104.000000	0.929369 
1102.000000	0.930255 
1100.000000	0.932514 
1098.000000	0.935539 
1096.000000	0.939087 
1094.000000	0.942252 
1092.000000	0.945443 
1090.000000	0.949621 
1088.000000	0.953097 
1086.000000	0.955741 
1084.000000	0.958652 
1082.000000	0.963294 
1080.000000	0.968009 
1078.000000	0.972014 
1076.000000	0.976136 
1074.000000	0.979296 
1072.000000	0.982976 
1070.000000	0.986848 
1068.000000	0.988664 
1066.000000	0.989788 
1064.000000	0.991662 
1062.000000	0.993464 
1060.000000	0.993312 
1058.000000	0.992873 
1056.000000	0.991638 
1054.000000	0.987281 
1052.000000	0.983187 
1050.000000	0.980096 
1048.000000	0.976419 
1046.000000	0.971660 
1044.000000	0.965644 
1042.000000	0.959643 
1040.000000	0.953415 
1038.000000	0.946617 
1036.000000	0.937609 
1034.000000	0.927184 
1032.000000	0.917288 
1030.000000	0.907141 
1028.000000	0.895610 
1026.000000	0.883036 
1024.000000	0.869483 
1022.000000	0.854547 
1020.000000	0.839805 
1018.000000	0.825566 
1016.000000	0.808431 
1014.000000	0.789954 
1012.000000	0.772803 
1010.000000	0.755876 
1008.000000	0.738350 
1006.000000	0.720136 
1004.000000	0.701908 
1002.000000	0.684527 
1000.000000	0.667428 
998.000000	 0.651890 
996.000000	 0.638704 
994.000000	 0.626806 
992.000000	 0.617404 
990.000000	 0.612632 
988.000000	 0.612588 
986.000000	 0.616898 
984.000000	 0.623456 
982.000000	 0.630881 
980.000000	 0.637362 
978.000000	 0.639118 
976.000000	 0.634825 
974.000000	 0.625536 
972.000000	 0.611716 
970.000000	 0.595387 
968.000000	 0.579492 
966.000000	 0.565773 
964.000000	 0.555203 
962.000000	 0.547372 
960.000000	 0.540742 
958.000000	 0.535954 
956.000000	 0.533635 
954.000000	 0.533909 
952.000000	 0.537063 
950.000000	 0.542846 
948.000000	 0.550697 
946.000000	 0.559451 
944.000000	 0.567944 
942.000000	 0.574928 
940.000000	 0.579173 
938.000000	 0.580326 
936.000000	 0.579346 
934.000000	 0.576715 
932.000000	 0.573477 
930.000000	 0.569648 
928.000000	 0.564795 
926.000000	 0.559922 
924.000000	 0.556755 
922.000000	 0.556310 
920.000000	 0.559127 
918.000000	 0.563540 
916.000000	 0.567043 
914.000000	 0.568747 
912.000000	 0.569158 
910.000000	 0.570275 
908.000000	 0.572486 
906.000000	 0.571428 
904.000000	 0.565776 
902.000000	 0.559856 
900.000000	 0.554231 
898.000000	 0.548731 
896.000000	 0.545177 
894.000000	 0.545128 
892.000000	 0.548735 
890.000000	 0.555624 
888.000000	 0.565364 
886.000000	 0.577303 
884.000000	 0.590555 
882.000000	 0.603339 
880.000000	 0.614265 
878.000000	 0.623631 
876.000000	 0.630419 
874.000000	 0.635307 
872.000000	 0.639285 
870.000000	 0.642329 
868.000000	 0.643814 
866.000000	 0.645683 
864.000000	 0.646219 
862.000000	 0.644934 
860.000000	 0.643698 
858.000000	 0.642445 
856.000000	 0.640755 
854.000000	 0.638212 
852.000000	 0.635645 
850.000000	 0.634426 
848.000000	 0.633986 
846.000000	 0.633580 
844.000000	 0.633332 
842.000000	 0.633080 
840.000000	 0.631804 
838.000000	 0.629542 
836.000000	 0.626172 
834.000000	 0.619502 
832.000000	 0.608690 
830.000000	 0.594879 
828.000000	 0.577995 
826.000000	 0.558576 
824.000000	 0.538819 
822.000000	 0.520564 
820.000000	 0.503348 
818.000000	 0.487820 
816.000000	 0.475257 
814.000000	 0.464633 
812.000000	 0.455181 
810.000000	 0.446641 
808.000000	 0.438970 
806.000000	 0.431684 
804.000000	 0.424688 
802.000000	 0.418106 
800.000000	 0.411434 
798.000000	 0.404143 
796.000000	 0.396342 
794.000000	 0.388479 
792.000000	 0.380911 
790.000000	 0.373334 
788.000000	 0.365576 
786.000000	 0.357885 
784.000000	 0.350528 
782.000000	 0.344272 
780.000000	 0.338633 
778.000000	 0.332954 
776.000000	 0.327340 
774.000000	 0.321732 
772.000000	 0.317026 
770.000000	 0.313000 
768.000000	 0.309077 
766.000000	 0.305587 
764.000000	 0.302276 
762.000000	 0.299530 
760.000000	 0.298003 
758.000000	 0.296003 
756.000000	 0.294672 
754.000000	 0.294527 
752.000000	 0.294434 
750.000000	 0.294497 
748.000000	 0.295236 
746.000000	 0.296783 
744.000000	 0.298582 
742.000000	 0.299859 
740.000000	 0.301409 
738.000000	 0.303537 
736.000000	 0.305775 
734.000000	 0.308207 
732.000000	 0.311158 
730.000000	 0.313564 
728.000000	 0.316305 
726.000000	 0.320243 
724.000000	 0.323801 
722.000000	 0.327487 
720.000000	 0.331657 
718.000000	 0.335965 
716.000000	 0.339937 
714.000000	 0.343787 
712.000000	 0.347668 
710.000000	 0.350819 
708.000000	 0.353052 
706.000000	 0.353980 
704.000000	 0.353681 
702.000000	 0.352460 
700.000000	 0.350382 
698.000000	 0.348772 
696.000000	 0.348274 
694.000000	 0.348673 
692.000000	 0.349786 
690.000000	 0.351748 
688.000000	 0.354454 
686.000000	 0.358259 
684.000000	 0.363381 
682.000000	 0.369142 
680.000000	 0.375278 
678.000000	 0.382392 
676.000000	 0.390227 
674.000000	 0.397827 
672.000000	 0.403623 
670.000000	 0.407049 
668.000000	 0.409987 
666.000000	 0.407480 
664.000000	 0.401120 
662.000000	 0.393796 
660.000000	 0.386991 
658.000000	 0.381973 
656.000000	 0.378685 
654.000000	 0.376078 
652.000000	 0.374752 
650.000000	 0.375764 
648.000000	 0.378857 
646.000000	 0.384061 
644.000000	 0.390695 
642.000000	 0.398225 
640.000000	 0.406086 
638.000000	 0.414018 
636.000000	 0.423501 
634.000000	 0.434132 
632.000000	 0.443478 
630.000000	 0.449792 
628.000000	 0.450089 
626.000000	 0.441406 
624.000000	 0.422537 
622.000000	 0.396126 
620.000000	 0.366396 
618.000000	 0.335102 
616.000000	 0.304842 
614.000000	 0.278106 
612.000000	 0.255153 
610.000000	 0.234860 
608.000000	 0.217186 
606.000000	 0.201354 
604.000000	 0.187975 
602.000000	 0.177705 
600.000000	 0.169225 
598.000000	 0.160650 
596.000000	 0.152880 
594.000000	 0.145912 
592.000000	 0.140114 
590.000000	 0.134829 
588.000000	 0.129915 
586.000000	 0.125151 
584.000000	 0.120550 
582.000000	 0.116723 
580.000000	 0.112843 
578.000000	 0.107777 
576.000000	 0.102620 
574.000000	 0.097504 
572.000000	 0.092445 
570.000000	 0.087636 
568.000000	 0.082974 
566.000000	 0.078564 
564.000000	 0.074961 
562.000000	 0.072186 
560.000000	 0.069234 
558.000000	 0.066463 
556.000000	 0.063620 
554.000000	 0.060963 
552.000000	 0.059050 
550.000000	 0.058008 
548.000000	 0.057501 
546.000000	 0.056322 
544.000000	 0.053869 
542.000000	 0.051709 
540.000000	 0.050096 
538.000000	 0.049328 
536.000000	 0.048713 
534.000000	 0.047837 
532.000000	 0.046877 
530.000000	 0.046253 
528.000000	 0.045942 
526.000000	 0.046389 
524.000000	 0.046089 
522.000000	 0.045491 
520.000000	 0.046403 
518.000000	 0.048411 
516.000000	 0.049741 
514.000000	 0.050888 
512.000000	 0.052610 
510.000000	 0.054161 
508.000000	 0.054872 
506.000000	 0.055010 
504.000000	 0.054924 
502.000000	 0.054998 
500.000000	 0.055089 
498.000000	 0.054724 
496.000000	 0.055648 
494.000000	 0.057144 
492.000000	 0.059039 
490.000000	 0.060591 
488.000000	 0.061952 
486.000000	 0.064282 
484.000000	 0.067429 
482.000000	 0.069676 
480.000000	 0.072349 
478.000000	 0.074724 
476.000000	 0.076428 
474.000000	 0.078220 
472.000000	 0.080787 
470.000000	 0.082821 
468.000000	 0.084316 
466.000000	 0.086053 
464.000000	 0.087672 
462.000000	 0.088507 
460.000000	 0.088631 
458.000000	 0.089377 
456.000000	 0.090495 
454.000000	 0.091266 
452.000000	 0.091016 
450.000000	 0.090353 

