4400.000000	1.311925 
4398.000000	1.310232 
4396.000000	1.305978 
4394.000000	1.309370 
4392.000000	1.309517 
4390.000000	1.304110 
4388.000000	1.304158 
4386.000000	1.308771 
4384.000000	1.310731 
4382.000000	1.309357 
4380.000000	1.310452 
4378.000000	1.310255 
4376.000000	1.307632 
4374.000000	1.306414 
4372.000000	1.307201 
4370.000000	1.310056 
4368.000000	1.314687 
4366.000000	1.313855 
4364.000000	1.311418 
4362.000000	1.307859 
4360.000000	1.304730 
4358.000000	1.306829 
4356.000000	1.307361 
4354.000000	1.303052 
4352.000000	1.301010 
4350.000000	1.305214 
4348.000000	1.308433 
4346.000000	1.308901 
4344.000000	1.309972 
4342.000000	1.309876 
4340.000000	1.308176 
4338.000000	1.304149 
4336.000000	1.301924 
4334.000000	1.308048 
4332.000000	1.309397 
4330.000000	1.307247 
4328.000000	1.309906 
4326.000000	1.309163 
4324.000000	1.303937 
4322.000000	1.303443 
4320.000000	1.303995 
4318.000000	1.302443 
4316.000000	1.304700 
4314.000000	1.307527 
4312.000000	1.308726 
4310.000000	1.307865 
4308.000000	1.305863 
4306.000000	1.303010 
4304.000000	1.303560 
4302.000000	1.305719 
4300.000000	1.305976 
4298.000000	1.305273 
4296.000000	1.304268 
4294.000000	1.304427 
4292.000000	1.306253 
4290.000000	1.304945 
4288.000000	1.303102 
4286.000000	1.304830 
4284.000000	1.305359 
4282.000000	1.304285 
4280.000000	1.304535 
4278.000000	1.303387 
4276.000000	1.301343 
4274.000000	1.301134 
4272.000000	1.305480 
4270.000000	1.307543 
4268.000000	1.303433 
4266.000000	1.300182 
4264.000000	1.300877 
4262.000000	1.303241 
4260.000000	1.303558 
4258.000000	1.299278 
4256.000000	1.298855 
4254.000000	1.305639 
4252.000000	1.307350 
4250.000000	1.305442 
4248.000000	1.305007 
4246.000000	1.304682 
4244.000000	1.306230 
4242.000000	1.308377 
4240.000000	1.307394 
4238.000000	1.305497 
4236.000000	1.307203 
4234.000000	1.310092 
4232.000000	1.306334 
4230.000000	1.301677 
4228.000000	1.299757 
4226.000000	1.302542 
4224.000000	1.305308 
4222.000000	1.303864 
4220.000000	1.303537 
4218.000000	1.305748 
4216.000000	1.304379 
4214.000000	1.301215 
4212.000000	1.301805 
4210.000000	1.302405 
4208.000000	1.301652 
4206.000000	1.298660 
4204.000000	1.297701 
4202.000000	1.299051 
4200.000000	1.299680 
4198.000000	1.299408 
4196.000000	1.300250 
4194.000000	1.300240 
4192.000000	1.300112 
4190.000000	1.299237 
4188.000000	1.296243 
4186.000000	1.295522 
4184.000000	1.299980 
4182.000000	1.302665 
4180.000000	1.301762 
4178.000000	1.300395 
4176.000000	1.300618 
4174.000000	1.301103 
4172.000000	1.299466 
4170.000000	1.298983 
4168.000000	1.299945 
4166.000000	1.300149 
4164.000000	1.300807 
4162.000000	1.302330 
4160.000000	1.302609 
4158.000000	1.298633 
4156.000000	1.296322 
4154.000000	1.296249 
4152.000000	1.296071 
4150.000000	1.297420 
4148.000000	1.297629 
4146.000000	1.298711 
4144.000000	1.299563 
4142.000000	1.296499 
4140.000000	1.294485 
4138.000000	1.298579 
4136.000000	1.299561 
4134.000000	1.296837 
4132.000000	1.294767 
4130.000000	1.297420 
4128.000000	1.299505 
4126.000000	1.298995 
4124.000000	1.296505 
4122.000000	1.295805 
4120.000000	1.296200 
4118.000000	1.295848 
4116.000000	1.296177 
4114.000000	1.295800 
4112.000000	1.295598 
4110.000000	1.296626 
4108.000000	1.295874 
4106.000000	1.294856 
4104.000000	1.294489 
4102.000000	1.295891 
4100.000000	1.297857 
4098.000000	1.295361 
4096.000000	1.293988 
4094.000000	1.293605 
4092.000000	1.291025 
4090.000000	1.293802 
4088.000000	1.299080 
4086.000000	1.298014 
4084.000000	1.296710 
4082.000000	1.295884 
4080.000000	1.293774 
4078.000000	1.291904 
4076.000000	1.290874 
4074.000000	1.291007 
4072.000000	1.293383 
4070.000000	1.296357 
4068.000000	1.296734 
4066.000000	1.293369 
4064.000000	1.293188 
4062.000000	1.293204 
4060.000000	1.290427 
4058.000000	1.287252 
4056.000000	1.287326 
4054.000000	1.290959 
4052.000000	1.293084 
4050.000000	1.291005 
4048.000000	1.288602 
4046.000000	1.290332 
4044.000000	1.293757 
4042.000000	1.293955 
4040.000000	1.294465 
4038.000000	1.295880 
4036.000000	1.296693 
4034.000000	1.295725 
4032.000000	1.291728 
4030.000000	1.287709 
4028.000000	1.289641 
4026.000000	1.292682 
4024.000000	1.291590 
4022.000000	1.291852 
4020.000000	1.292822 
4018.000000	1.291783 
4016.000000	1.291301 
4014.000000	1.291248 
4012.000000	1.289984 
4010.000000	1.289286 
4008.000000	1.288799 
4006.000000	1.291136 
4004.000000	1.293566 
4002.000000	1.290754 
4000.000000	1.289472 
3998.000000	1.292243 
3996.000000	1.293788 
3994.000000	1.292818 
3992.000000	1.291471 
3990.000000	1.290180 
3988.000000	1.287145 
3986.000000	1.286400 
3984.000000	1.287430 
3982.000000	1.288672 
3980.000000	1.289468 
3978.000000	1.288642 
3976.000000	1.289141 
3974.000000	1.287765 
3972.000000	1.286682 
3970.000000	1.288071 
3968.000000	1.287924 
3966.000000	1.288994 
3964.000000	1.291284 
3962.000000	1.290934 
3960.000000	1.294458 
3958.000000	1.295434 
3956.000000	1.293283 
3954.000000	1.293721 
3952.000000	1.291568 
3950.000000	1.289025 
3948.000000	1.288477 
3946.000000	1.286819 
3944.000000	1.287159 
3942.000000	1.288525 
3940.000000	1.290120 
3938.000000	1.293601 
3936.000000	1.290716 
3934.000000	1.285604 
3932.000000	1.287181 
3930.000000	1.288988 
3928.000000	1.288837 
3926.000000	1.289522 
3924.000000	1.286542 
3922.000000	1.284090 
3920.000000	1.287157 
3918.000000	1.289976 
3916.000000	1.290085 
3914.000000	1.287340 
3912.000000	1.286190 
3910.000000	1.285914 
3908.000000	1.282901 
3906.000000	1.279447 
3904.000000	1.279433 
3902.000000	1.280670 
3900.000000	1.285696 
3898.000000	1.288177 
3896.000000	1.283051 
3894.000000	1.283129 
3892.000000	1.291088 
3890.000000	1.287826 
3888.000000	1.279851 
3886.000000	1.284395 
3884.000000	1.285316 
3882.000000	1.283915 
3880.000000	1.287870 
3878.000000	1.284211 
3876.000000	1.282293 
3874.000000	1.281234 
3872.000000	1.273514 
3870.000000	1.285005 
3868.000000	1.280273 
3866.000000	1.274711 
3864.000000	1.276376 
3862.000000	1.278976 
3860.000000	1.278178 
3858.000000	1.268899 
3856.000000	1.264510 
3854.000000	1.280799 
3852.000000	1.288992 
3850.000000	1.285302 
3848.000000	1.282623 
3846.000000	1.280826 
3844.000000	1.281705 
3842.000000	1.278090 
3840.000000	1.275444 
3838.000000	1.278323 
3836.000000	1.279374 
3834.000000	1.281170 
3832.000000	1.282976 
3830.000000	1.277707 
3828.000000	1.280484 
3826.000000	1.282527 
3824.000000	1.274356 
3822.000000	1.281752 
3820.000000	1.281893 
3818.000000	1.274947 
3816.000000	1.285526 
3814.000000	1.284552 
3812.000000	1.280017 
3810.000000	1.274746 
3808.000000	1.282527 
3806.000000	1.282841 
3804.000000	1.269569 
3802.000000	1.284997 
3800.000000	1.289879 
3798.000000	1.284897 
3796.000000	1.286931 
3794.000000	1.282714 
3792.000000	1.283449 
3790.000000	1.284839 
3788.000000	1.282301 
3786.000000	1.283710 
3784.000000	1.286252 
3782.000000	1.284747 
3780.000000	1.285724 
3778.000000	1.284747 
3776.000000	1.282793 
3774.000000	1.280935 
3772.000000	1.280026 
3770.000000	1.282511 
3768.000000	1.277950 
3766.000000	1.279573 
3764.000000	1.281188 
3762.000000	1.279606 
3760.000000	1.279648 
3758.000000	1.277917 
3756.000000	1.273137 
3754.000000	1.266305 
3752.000000	1.265745 
3750.000000	1.272778 
3748.000000	1.272072 
3746.000000	1.274280 
3744.000000	1.289478 
3742.000000	1.279075 
3740.000000	1.274335 
3738.000000	1.273634 
3736.000000	1.276142 
3734.000000	1.280591 
3732.000000	1.288009 
3730.000000	1.282555 
3728.000000	1.275325 
3726.000000	1.276157 
3724.000000	1.278681 
3722.000000	1.281639 
3720.000000	1.282335 
3718.000000	1.283149 
3716.000000	1.280733 
3714.000000	1.279831 
3712.000000	1.283513 
3710.000000	1.283636 
3708.000000	1.283865 
3706.000000	1.283907 
3704.000000	1.284512 
3702.000000	1.288849 
3700.000000	1.290320 
3698.000000	1.291408 
3696.000000	1.289055 
3694.000000	1.285320 
3692.000000	1.285662 
3690.000000	1.287358 
3688.000000	1.293759 
3686.000000	1.292852 
3684.000000	1.291590 
3682.000000	1.290748 
3680.000000	1.284765 
3678.000000	1.279849 
3676.000000	1.292986 
3674.000000	1.291143 
3672.000000	1.286708 
3670.000000	1.295134 
3668.000000	1.292586 
3666.000000	1.292379 
3664.000000	1.294673 
3662.000000	1.295394 
3660.000000	1.292359 
3658.000000	1.292619 
3656.000000	1.295897 
3654.000000	1.286188 
3652.000000	1.281524 
3650.000000	1.286040 
3648.000000	1.292002 
3646.000000	1.293513 
3644.000000	1.293293 
3642.000000	1.295588 
3640.000000	1.295719 
3638.000000	1.293957 
3636.000000	1.291734 
3634.000000	1.288545 
3632.000000	1.282400 
3630.000000	1.289424 
3628.000000	1.298802 
3626.000000	1.293495 
3624.000000	1.291381 
3622.000000	1.290186 
3620.000000	1.291689 
3618.000000	1.292452 
3616.000000	1.291221 
3614.000000	1.291329 
3612.000000	1.289293 
3610.000000	1.287812 
3608.000000	1.290120 
3606.000000	1.292779 
3604.000000	1.293428 
3602.000000	1.293116 
3600.000000	1.291361 
3598.000000	1.288902 
3596.000000	1.289885 
3594.000000	1.294389 
3592.000000	1.291730 
3590.000000	1.284684 
3588.000000	1.288320 
3586.000000	1.289603 
3584.000000	1.289186 
3582.000000	1.293682 
3580.000000	1.293670 
3578.000000	1.291446 
3576.000000	1.291716 
3574.000000	1.292783 
3572.000000	1.291226 
3570.000000	1.287025 
3568.000000	1.287380 
3566.000000	1.289978 
3564.000000	1.291400 
3562.000000	1.292775 
3560.000000	1.293009 
3558.000000	1.291420 
3556.000000	1.289280 
3554.000000	1.289125 
3552.000000	1.290402 
3550.000000	1.288550 
3548.000000	1.286608 
3546.000000	1.286568 
3544.000000	1.288908 
3542.000000	1.288857 
3540.000000	1.288725 
3538.000000	1.289375 
3536.000000	1.290180 
3534.000000	1.288568 
3532.000000	1.288650 
3530.000000	1.289055 
3528.000000	1.290473 
3526.000000	1.289113 
3524.000000	1.287452 
3522.000000	1.289718 
3520.000000	1.293202 
3518.000000	1.292004 
3516.000000	1.288135 
3514.000000	1.288232 
3512.000000	1.291910 
3510.000000	1.295751 
3508.000000	1.293733 
3506.000000	1.288336 
3504.000000	1.287816 
3502.000000	1.289734 
3500.000000	1.289424 
3498.000000	1.290221 
3496.000000	1.290364 
3494.000000	1.288560 
3492.000000	1.287681 
3490.000000	1.288193 
3488.000000	1.288413 
3486.000000	1.286855 
3484.000000	1.284323 
3482.000000	1.285434 
3480.000000	1.286923 
3478.000000	1.287432 
3476.000000	1.289349 
3474.000000	1.289752 
3472.000000	1.287424 
3470.000000	1.286172 
3468.000000	1.286654 
3466.000000	1.288260 
3464.000000	1.287438 
3462.000000	1.287191 
3460.000000	1.288938 
3458.000000	1.288143 
3456.000000	1.286528 
3454.000000	1.286522 
3452.000000	1.287571 
3450.000000	1.286242 
3448.000000	1.284241 
3446.000000	1.282166 
3444.000000	1.282827 
3442.000000	1.288095 
3440.000000	1.290455 
3438.000000	1.288228 
3436.000000	1.285592 
3434.000000	1.285600 
3432.000000	1.285426 
3430.000000	1.285796 
3428.000000	1.286514 
3426.000000	1.283737 
3424.000000	1.281429 
3422.000000	1.282016 
3420.000000	1.282388 
3418.000000	1.282016 
3416.000000	1.281675 
3414.000000	1.283208 
3412.000000	1.284028 
3410.000000	1.284205 
3408.000000	1.287019 
3406.000000	1.286194 
3404.000000	1.282261 
3402.000000	1.280188 
3400.000000	1.283049 
3398.000000	1.284371 
3396.000000	1.282194 
3394.000000	1.282746 
3392.000000	1.283747 
3390.000000	1.280852 
3388.000000	1.279622 
3386.000000	1.281515 
3384.000000	1.281247 
3382.000000	1.279983 
3380.000000	1.280911 
3378.000000	1.282803 
3376.000000	1.283644 
3374.000000	1.283272 
3372.000000	1.283145 
3370.000000	1.283395 
3368.000000	1.281685 
3366.000000	1.278266 
3364.000000	1.276357 
3362.000000	1.276390 
3360.000000	1.276161 
3358.000000	1.277199 
3356.000000	1.277713 
3354.000000	1.278127 
3352.000000	1.280222 
3350.000000	1.279622 
3348.000000	1.277936 
3346.000000	1.276216 
3344.000000	1.275878 
3342.000000	1.277371 
3340.000000	1.279620 
3338.000000	1.280959 
3336.000000	1.277611 
3334.000000	1.273459 
3332.000000	1.274004 
3330.000000	1.274247 
3328.000000	1.273714 
3326.000000	1.273996 
3324.000000	1.276552 
3322.000000	1.277854 
3320.000000	1.275673 
3318.000000	1.273524 
3316.000000	1.272402 
3314.000000	1.269904 
3312.000000	1.269188 
3310.000000	1.271882 
3308.000000	1.274012 
3306.000000	1.272663 
3304.000000	1.272270 
3302.000000	1.272776 
3300.000000	1.271851 
3298.000000	1.270103 
3296.000000	1.268872 
3294.000000	1.270720 
3292.000000	1.270923 
3290.000000	1.268294 
3288.000000	1.268319 
3286.000000	1.269910 
3284.000000	1.270803 
3282.000000	1.270749 
3280.000000	1.268259 
3278.000000	1.265514 
3276.000000	1.266584 
3274.000000	1.269136 
3272.000000	1.268732 
3270.000000	1.267120 
3268.000000	1.266187 
3266.000000	1.266621 
3264.000000	1.267448 
3262.000000	1.268340 
3260.000000	1.266768 
3258.000000	1.263706 
3256.000000	1.264908 
3254.000000	1.265394 
3252.000000	1.264443 
3250.000000	1.267891 
3248.000000	1.270398 
3246.000000	1.267714 
3244.000000	1.265434 
3242.000000	1.264920 
3240.000000	1.264965 
3238.000000	1.266143 
3236.000000	1.265410 
3234.000000	1.265984 
3232.000000	1.265780 
3230.000000	1.264278 
3228.000000	1.262552 
3226.000000	1.260771 
3224.000000	1.261335 
3222.000000	1.262444 
3220.000000	1.261954 
3218.000000	1.261950 
3216.000000	1.262160 
3214.000000	1.263058 
3212.000000	1.262463 
3210.000000	1.259468 
3208.000000	1.259918 
3206.000000	1.260973 
3204.000000	1.259482 
3202.000000	1.257729 
3200.000000	1.259293 
3198.000000	1.261201 
3196.000000	1.259781 
3194.000000	1.257473 
3192.000000	1.256758 
3190.000000	1.256309 
3188.000000	1.257525 
3186.000000	1.259465 
3184.000000	1.259886 
3182.000000	1.259346 
3180.000000	1.257709 
3178.000000	1.255716 
3176.000000	1.253828 
3174.000000	1.254343 
3172.000000	1.256395 
3170.000000	1.258039 
3168.000000	1.257611 
3166.000000	1.256995 
3164.000000	1.256367 
3162.000000	1.255887 
3160.000000	1.255988 
3158.000000	1.254812 
3156.000000	1.252169 
3154.000000	1.250985 
3152.000000	1.253201 
3150.000000	1.255373 
3148.000000	1.253776 
3146.000000	1.252717 
3144.000000	1.254909 
3142.000000	1.256618 
3140.000000	1.255352 
3138.000000	1.251116 
3136.000000	1.248787 
3134.000000	1.249700 
3132.000000	1.249649 
3130.000000	1.251357 
3128.000000	1.252621 
3126.000000	1.250230 
3124.000000	1.249774 
3122.000000	1.251921 
3120.000000	1.252356 
3118.000000	1.252080 
3116.000000	1.251755 
3114.000000	1.249207 
3112.000000	1.249016 
3110.000000	1.249665 
3108.000000	1.250483 
3106.000000	1.250247 
3104.000000	1.249275 
3102.000000	1.248763 
3100.000000	1.248471 
3098.000000	1.247480 
3096.000000	1.246705 
3094.000000	1.247804 
3092.000000	1.249147 
3090.000000	1.247622 
3088.000000	1.246148 
3086.000000	1.246730 
3084.000000	1.247311 
3082.000000	1.247017 
3080.000000	1.246973 
3078.000000	1.244708 
3076.000000	1.242560 
3074.000000	1.243929 
3072.000000	1.245528 
3070.000000	1.246069 
3068.000000	1.246290 
3066.000000	1.243051 
3064.000000	1.240606 
3062.000000	1.242665 
3060.000000	1.243994 
3058.000000	1.244020 
3056.000000	1.245143 
3054.000000	1.245285 
3052.000000	1.243622 
3050.000000	1.242537 
3048.000000	1.243299 
3046.000000	1.243858 
3044.000000	1.243299 
3042.000000	1.242624 
3040.000000	1.241542 
3038.000000	1.241122 
3036.000000	1.240253 
3034.000000	1.238955 
3032.000000	1.238546 
3030.000000	1.239027 
3028.000000	1.240599 
3026.000000	1.241671 
3024.000000	1.241026 
3022.000000	1.240354 
3020.000000	1.239787 
3018.000000	1.240216 
3016.000000	1.239755 
3014.000000	1.239374 
3012.000000	1.241452 
3010.000000	1.241180 
3008.000000	1.239286 
3006.000000	1.239978 
3004.000000	1.239381 
3002.000000	1.237833 
3000.000000	1.239137 
2998.000000	1.239338 
2996.000000	1.238554 
2994.000000	1.239277 
2992.000000	1.239453 
2990.000000	1.238991 
2988.000000	1.239554 
2986.000000	1.239696 
2984.000000	1.240525 
2982.000000	1.241436 
2980.000000	1.240722 
2978.000000	1.238312 
2976.000000	1.237980 
2974.000000	1.238869 
2972.000000	1.238453 
2970.000000	1.237402 
2968.000000	1.237610 
2966.000000	1.239284 
2964.000000	1.241025 
2962.000000	1.242808 
2960.000000	1.243252 
2958.000000	1.241768 
2956.000000	1.239699 
2954.000000	1.238961 
2952.000000	1.238948 
2950.000000	1.238889 
2948.000000	1.240978 
2946.000000	1.241075 
2944.000000	1.239444 
2942.000000	1.237592 
2940.000000	1.235430 
2938.000000	1.237114 
2936.000000	1.240122 
2934.000000	1.240142 
2932.000000	1.240205 
2930.000000	1.241691 
2928.000000	1.241185 
2926.000000	1.241389 
2924.000000	1.242374 
2922.000000	1.241003 
2920.000000	1.239315 
2918.000000	1.239793 
2916.000000	1.241113 
2914.000000	1.239724 
2912.000000	1.237688 
2910.000000	1.238543 
2908.000000	1.236737 
2906.000000	1.233739 
2904.000000	1.231461 
2902.000000	1.229642 
2900.000000	1.231929 
2898.000000	1.235203 
2896.000000	1.234799 
2894.000000	1.233099 
2892.000000	1.231364 
2890.000000	1.230765 
2888.000000	1.230728 
2886.000000	1.229642 
2884.000000	1.229166 
2882.000000	1.230803 
2880.000000	1.229191 
2878.000000	1.226103 
2876.000000	1.226807 
2874.000000	1.228542 
2872.000000	1.229281 
2870.000000	1.228036 
2868.000000	1.224655 
2866.000000	1.223204 
2864.000000	1.225131 
2862.000000	1.228036 
2860.000000	1.229428 
2858.000000	1.229296 
2856.000000	1.229697 
2854.000000	1.228703 
2852.000000	1.227193 
2850.000000	1.227961 
2848.000000	1.228223 
2846.000000	1.227113 
2844.000000	1.226666 
2842.000000	1.224977 
2840.000000	1.222013 
2838.000000	1.221699 
2836.000000	1.220099 
2834.000000	1.217543 
2832.000000	1.218122 
2830.000000	1.219121 
2828.000000	1.219874 
2826.000000	1.220387 
2824.000000	1.218850 
2822.000000	1.218682 
2820.000000	1.220924 
2818.000000	1.220139 
2816.000000	1.216567 
2814.000000	1.214394 
2812.000000	1.214757 
2810.000000	1.215916 
2808.000000	1.217331 
2806.000000	1.219613 
2804.000000	1.219172 
2802.000000	1.216995 
2800.000000	1.216593 
2798.000000	1.217089 
2796.000000	1.217222 
2794.000000	1.218710 
2792.000000	1.219854 
2790.000000	1.218316 
2788.000000	1.216403 
2786.000000	1.214810 
2784.000000	1.214586 
2782.000000	1.215765 
2780.000000	1.216487 
2778.000000	1.215867 
2776.000000	1.214526 
2774.000000	1.213330 
2772.000000	1.212681 
2770.000000	1.211685 
2768.000000	1.211191 
2766.000000	1.211185 
2764.000000	1.211075 
2762.000000	1.210623 
2760.000000	1.211035 
2758.000000	1.211754 
2756.000000	1.211768 
2754.000000	1.211572 
2752.000000	1.211596 
2750.000000	1.211112 
2748.000000	1.209845 
2746.000000	1.208210 
2744.000000	1.207448 
2742.000000	1.208439 
2740.000000	1.209269 
2738.000000	1.209048 
2736.000000	1.208755 
2734.000000	1.208457 
2732.000000	1.207354 
2730.000000	1.206586 
2728.000000	1.206284 
2726.000000	1.207097 
2724.000000	1.208807 
2722.000000	1.208340 
2720.000000	1.206936 
2718.000000	1.206534 
2716.000000	1.205481 
2714.000000	1.205720 
2712.000000	1.206204 
2710.000000	1.204331 
2708.000000	1.202765 
2706.000000	1.204385 
2704.000000	1.204531 
2702.000000	1.204068 
2700.000000	1.205898 
2698.000000	1.207004 
2696.000000	1.205684 
2694.000000	1.202786 
2692.000000	1.200896 
2690.000000	1.201102 
2688.000000	1.201013 
2686.000000	1.200421 
2684.000000	1.199445 
2682.000000	1.199531 
2680.000000	1.201127 
2678.000000	1.200758 
2676.000000	1.200224 
2674.000000	1.198249 
2672.000000	1.198084 
2670.000000	1.199814 
2668.000000	1.197591 
2666.000000	1.197720 
2664.000000	1.199750 
2662.000000	1.198786 
2660.000000	1.197551 
2658.000000	1.198311 
2656.000000	1.197774 
2654.000000	1.198573 
2652.000000	1.200116 
2650.000000	1.199246 
2648.000000	1.198468 
2646.000000	1.197073 
2644.000000	1.196373 
2642.000000	1.195454 
2640.000000	1.193451 
2638.000000	1.193249 
2636.000000	1.193980 
2634.000000	1.193068 
2632.000000	1.192865 
2630.000000	1.192823 
2628.000000	1.193312 
2626.000000	1.193866 
2624.000000	1.193102 
2622.000000	1.192957 
2620.000000	1.192044 
2618.000000	1.190886 
2616.000000	1.190297 
2614.000000	1.190899 
2612.000000	1.191881 
2610.000000	1.192605 
2608.000000	1.192141 
2606.000000	1.191088 
2604.000000	1.190053 
2602.000000	1.189081 
2600.000000	1.189404 
2598.000000	1.190752 
2596.000000	1.191407 
2594.000000	1.190579 
2592.000000	1.189609 
2590.000000	1.189185 
2588.000000	1.188919 
2586.000000	1.187404 
2584.000000	1.186540 
2582.000000	1.187511 
2580.000000	1.188459 
2578.000000	1.189050 
2576.000000	1.188090 
2574.000000	1.186637 
2572.000000	1.186373 
2570.000000	1.186048 
2568.000000	1.186218 
2566.000000	1.186947 
2564.000000	1.187144 
2562.000000	1.186867 
2560.000000	1.185715 
2558.000000	1.185394 
2556.000000	1.184838 
2554.000000	1.183907 
2552.000000	1.184398 
2550.000000	1.185658 
2548.000000	1.185413 
2546.000000	1.184924 
2544.000000	1.183857 
2542.000000	1.183285 
2540.000000	1.183364 
2538.000000	1.182791 
2536.000000	1.181967 
2534.000000	1.180886 
2532.000000	1.180371 
2530.000000	1.179940 
2528.000000	1.180414 
2526.000000	1.182829 
2524.000000	1.184018 
2522.000000	1.182241 
2520.000000	1.181252 
2518.000000	1.181476 
2516.000000	1.180894 
2514.000000	1.180310 
2512.000000	1.180872 
2510.000000	1.180914 
2508.000000	1.180530 
2506.000000	1.180363 
2504.000000	1.180211 
2502.000000	1.179287 
2500.000000	1.178687 
2498.000000	1.177761 
2496.000000	1.175950 
2494.000000	1.174885 
2492.000000	1.175696 
2490.000000	1.176881 
2488.000000	1.176932 
2486.000000	1.174840 
2484.000000	1.173994 
2482.000000	1.174474 
2480.000000	1.174713 
2478.000000	1.174932 
2476.000000	1.174583 
2474.000000	1.173727 
2472.000000	1.173684 
2470.000000	1.173393 
2468.000000	1.172056 
2466.000000	1.172242 
2464.000000	1.173248 
2462.000000	1.172697 
2460.000000	1.172141 
2458.000000	1.172259 
2456.000000	1.172198 
2454.000000	1.173305 
2452.000000	1.173037 
2450.000000	1.171879 
2448.000000	1.171724 
2446.000000	1.171696 
2444.000000	1.170703 
2442.000000	1.169863 
2440.000000	1.168614 
2438.000000	1.168123 
2436.000000	1.169787 
2434.000000	1.170096 
2432.000000	1.169727 
2430.000000	1.170237 
2428.000000	1.169744 
2426.000000	1.169294 
2424.000000	1.169316 
2422.000000	1.168880 
2420.000000	1.169389 
2418.000000	1.170200 
2416.000000	1.169700 
2414.000000	1.168064 
2412.000000	1.166579 
2410.000000	1.164238 
2408.000000	1.163161 
2406.000000	1.164596 
2404.000000	1.165454 
2402.000000	1.164172 
2400.000000	1.164247 
2398.000000	1.164912 
2396.000000	1.162441 
2394.000000	1.161257 
2392.000000	1.162411 
2390.000000	1.162695 
2388.000000	1.162429 
2386.000000	1.162223 
2384.000000	1.162415 
2382.000000	1.163688 
2380.000000	1.166090 
2378.000000	1.167465 
2376.000000	1.167943 
2374.000000	1.169319 
2372.000000	1.171248 
2370.000000	1.172379 
2368.000000	1.172695 
2366.000000	1.174980 
2364.000000	1.176031 
2362.000000	1.174854 
2360.000000	1.175680 
2358.000000	1.177614 
2356.000000	1.180707 
2354.000000	1.180374 
2352.000000	1.175649 
2350.000000	1.168523 
2348.000000	1.165740 
2346.000000	1.169433 
2344.000000	1.171335 
2342.000000	1.172683 
2340.000000	1.171815 
2338.000000	1.169242 
2336.000000	1.165868 
2334.000000	1.167200 
2332.000000	1.171918 
2330.000000	1.173931 
2328.000000	1.171995 
2326.000000	1.169905 
2324.000000	1.169160 
2322.000000	1.168215 
2320.000000	1.167688 
2318.000000	1.167802 
2316.000000	1.165762 
2314.000000	1.164435 
2312.000000	1.164512 
2310.000000	1.163479 
2308.000000	1.162361 
2306.000000	1.161781 
2304.000000	1.161579 
2302.000000	1.159971 
2300.000000	1.157468 
2298.000000	1.156573 
2296.000000	1.156817 
2294.000000	1.157602 
2292.000000	1.158871 
2290.000000	1.159742 
2288.000000	1.160209 
2286.000000	1.159877 
2284.000000	1.160595 
2282.000000	1.162972 
2280.000000	1.162901 
2278.000000	1.163581 
2276.000000	1.166764 
2274.000000	1.167634 
2272.000000	1.167032 
2270.000000	1.170145 
2268.000000	1.174308 
2266.000000	1.174727 
2264.000000	1.174387 
2262.000000	1.175762 
2260.000000	1.178595 
2258.000000	1.180249 
2256.000000	1.182375 
2254.000000	1.185107 
2252.000000	1.184390 
2250.000000	1.183997 
2248.000000	1.186012 
2246.000000	1.187798 
2244.000000	1.188881 
2242.000000	1.188838 
2240.000000	1.187745 
2238.000000	1.185932 
2236.000000	1.183313 
2234.000000	1.181736 
2232.000000	1.179651 
2230.000000	1.178133 
2228.000000	1.178569 
2226.000000	1.179214 
2224.000000	1.178263 
2222.000000	1.178381 
2220.000000	1.179550 
2218.000000	1.179914 
2216.000000	1.178091 
2214.000000	1.177557 
2212.000000	1.178633 
2210.000000	1.180119 
2208.000000	1.182332 
2206.000000	1.183298 
2204.000000	1.183482 
2202.000000	1.184035 
2200.000000	1.186001 
2198.000000	1.187530 
2196.000000	1.185728 
2194.000000	1.185252 
2192.000000	1.185115 
2190.000000	1.184061 
2188.000000	1.183326 
2186.000000	1.182402 
2184.000000	1.182756 
2182.000000	1.182090 
2180.000000	1.180376 
2178.000000	1.179957 
2176.000000	1.179170 
2174.000000	1.179236 
2172.000000	1.178943 
2170.000000	1.178116 
2168.000000	1.178572 
2166.000000	1.179341 
2164.000000	1.180894 
2162.000000	1.181970 
2160.000000	1.182200 
2158.000000	1.183511 
2156.000000	1.184554 
2154.000000	1.187093 
2152.000000	1.192223 
2150.000000	1.197758 
2148.000000	1.203333 
2146.000000	1.208574 
2144.000000	1.211523 
2142.000000	1.213340 
2140.000000	1.215826 
2138.000000	1.217215 
2136.000000	1.216511 
2134.000000	1.213990 
2132.000000	1.212750 
2130.000000	1.214131 
2128.000000	1.216821 
2126.000000	1.222113 
2124.000000	1.227842 
2122.000000	1.232393 
2120.000000	1.239225 
2118.000000	1.247842 
2116.000000	1.253464 
2114.000000	1.256091 
2112.000000	1.256229 
2110.000000	1.253217 
2108.000000	1.249224 
2106.000000	1.245285 
2104.000000	1.240212 
2102.000000	1.233329 
2100.000000	1.226012 
2098.000000	1.222516 
2096.000000	1.224143 
2094.000000	1.228153 
2092.000000	1.232455 
2090.000000	1.234747 
2088.000000	1.233765 
2086.000000	1.230305 
2084.000000	1.225081 
2082.000000	1.219371 
2080.000000	1.215280 
2078.000000	1.210308 
2076.000000	1.202471 
2074.000000	1.192350 
2072.000000	1.181106 
2070.000000	1.170258 
2068.000000	1.158940 
2066.000000	1.146652 
2064.000000	1.136507 
2062.000000	1.127707 
2060.000000	1.120112 
2058.000000	1.114891 
2056.000000	1.111600 
2054.000000	1.107465 
2052.000000	1.104525 
2050.000000	1.103769 
2048.000000	1.102512 
2046.000000	1.100044 
2044.000000	1.098640 
2042.000000	1.099132 
2040.000000	1.098988 
2038.000000	1.097344 
2036.000000	1.095902 
2034.000000	1.095669 
2032.000000	1.094955 
2030.000000	1.092537 
2028.000000	1.091981 
2026.000000	1.092543 
2024.000000	1.092124 
2022.000000	1.091465 
2020.000000	1.090471 
2018.000000	1.089073 
2016.000000	1.088273 
2014.000000	1.087750 
2012.000000	1.087341 
2010.000000	1.086453 
2008.000000	1.086267 
2006.000000	1.086342 
2004.000000	1.085248 
2002.000000	1.083901 
2000.000000	1.083814 
1998.000000	1.084505 
1996.000000	1.084157 
1994.000000	1.082115 
1992.000000	1.082027 
1990.000000	1.082328 
1988.000000	1.080726 
1986.000000	1.079588 
1984.000000	1.079382 
1982.000000	1.079006 
1980.000000	1.078338 
1978.000000	1.077000 
1976.000000	1.076381 
1974.000000	1.076297 
1972.000000	1.075190 
1970.000000	1.074789 
1968.000000	1.075199 
1966.000000	1.074240 
1964.000000	1.073697 
1962.000000	1.073803 
1960.000000	1.072571 
1958.000000	1.071562 
1956.000000	1.072064 
1954.000000	1.071923 
1952.000000	1.070439 
1950.000000	1.069865 
1948.000000	1.069972 
1946.000000	1.069861 
1944.000000	1.068373 
1942.000000	1.067424 
1940.000000	1.067011 
1938.000000	1.065813 
1936.000000	1.065931 
1934.000000	1.066405 
1932.000000	1.065495 
1930.000000	1.064313 
1928.000000	1.064043 
1926.000000	1.064124 
1924.000000	1.063603 
1922.000000	1.062167 
1920.000000	1.060202 
1918.000000	1.060731 
1916.000000	1.060132 
1914.000000	1.058560 
1912.000000	1.057741 
1910.000000	1.056526 
1908.000000	1.055150 
1906.000000	1.054735 
1904.000000	1.055889 
1902.000000	1.057127 
1900.000000	1.057133 
1898.000000	1.056091 
1896.000000	1.054585 
1894.000000	1.053854 
1892.000000	1.052285 
1890.000000	1.051476 
1888.000000	1.051147 
1886.000000	1.049160 
1884.000000	1.049164 
1882.000000	1.048617 
1880.000000	1.046625 
1878.000000	1.045916 
1876.000000	1.046368 
1874.000000	1.046611 
1872.000000	1.043912 
1870.000000	1.042173 
1868.000000	1.044158 
1866.000000	1.044610 
1864.000000	1.043604 
1862.000000	1.041957 
1860.000000	1.041659 
1858.000000	1.041770 
1856.000000	1.041084 
1854.000000	1.040137 
1852.000000	1.039778 
1850.000000	1.040383 
1848.000000	1.038399 
1846.000000	1.033409 
1844.000000	1.035035 
1842.000000	1.037051 
1840.000000	1.035611 
1838.000000	1.034925 
1836.000000	1.034382 
1834.000000	1.031445 
1832.000000	1.027332 
1830.000000	1.028022 
1828.000000	1.029796 
1826.000000	1.029219 
1824.000000	1.029167 
1822.000000	1.028158 
1820.000000	1.027795 
1818.000000	1.027758 
1816.000000	1.026669 
1814.000000	1.024713 
1812.000000	1.023552 
1810.000000	1.024258 
1808.000000	1.024520 
1806.000000	1.023336 
1804.000000	1.021746 
1802.000000	1.020627 
1800.000000	1.021037 
1798.000000	1.020382 
1796.000000	1.017556 
1794.000000	1.014824 
1792.000000	1.016113 
1790.000000	1.016714 
1788.000000	1.015205 
1786.000000	1.013365 
1784.000000	1.012581 
1782.000000	1.012515 
1780.000000	1.013395 
1778.000000	1.011922 
1776.000000	1.007989 
1774.000000	1.004680 
1772.000000	1.005264 
1770.000000	1.005609 
1768.000000	1.007045 
1766.000000	1.007669 
1764.000000	1.005054 
1762.000000	1.004545 
1760.000000	1.003610 
1758.000000	1.002080 
1756.000000	1.002392 
1754.000000	0.998697 
1752.000000	0.996156 
1750.000000	0.996867 
1748.000000	0.997099 
1746.000000	0.996103 
1744.000000	0.994708 
1742.000000	0.992963 
1740.000000	0.993632 
1738.000000	0.993557 
1736.000000	0.987774 
1734.000000	0.992000 
1732.000000	0.995875 
1730.000000	0.995499 
1728.000000	0.995683 
1726.000000	0.993362 
1724.000000	0.991636 
1722.000000	0.989064 
1720.000000	0.983818 
1718.000000	0.982139 
1716.000000	0.985639 
1714.000000	0.986777 
1712.000000	0.985035 
1710.000000	0.981973 
1708.000000	0.977978 
1706.000000	0.977455 
1704.000000	0.975939 
1702.000000	0.970255 
1700.000000	0.971486 
1698.000000	0.969426 
1696.000000	0.972115 
1694.000000	0.975032 
1692.000000	0.971949 
1690.000000	0.969561 
1688.000000	0.963817 
1686.000000	0.955786 
1684.000000	0.962218 
1682.000000	0.967984 
1680.000000	0.965370 
1678.000000	0.961711 
1676.000000	0.960062 
1674.000000	0.961311 
1672.000000	0.956678 
1670.000000	0.956743 
1668.000000	0.960468 
1666.000000	0.957916 
1664.000000	0.954143 
1662.000000	0.955278 
1660.000000	0.955990 
1658.000000	0.953085 
1656.000000	0.944898 
1654.000000	0.940050 
1652.000000	0.949955 
1650.000000	0.946488 
1648.000000	0.940505 
1646.000000	0.943864 
1644.000000	0.946111 
1642.000000	0.944502 
1640.000000	0.942149 
1638.000000	0.936248 
1636.000000	0.937183 
1634.000000	0.942471 
1632.000000	0.941474 
1630.000000	0.939583 
1628.000000	0.938277 
1626.000000	0.934743 
1624.000000	0.933099 
1622.000000	0.936495 
1620.000000	0.934116 
1618.000000	0.929693 
1616.000000	0.932883 
1614.000000	0.933493 
1612.000000	0.931306 
1610.000000	0.930240 
1608.000000	0.929536 
1606.000000	0.928293 
1604.000000	0.926374 
1602.000000	0.925455 
1600.000000	0.924352 
1598.000000	0.922473 
1596.000000	0.921386 
1594.000000	0.920961 
1592.000000	0.919665 
1590.000000	0.917518 
1588.000000	0.915391 
1586.000000	0.913883 
1584.000000	0.913772 
1582.000000	0.913268 
1580.000000	0.909522 
1578.000000	0.904117 
1576.000000	0.906322 
1574.000000	0.908156 
1572.000000	0.903350 
1570.000000	0.901370 
1568.000000	0.902500 
1566.000000	0.900742 
1564.000000	0.898552 
1562.000000	0.891034 
1560.000000	0.884131 
1558.000000	0.892148 
1556.000000	0.894445 
1554.000000	0.894420 
1552.000000	0.893839 
1550.000000	0.892853 
1548.000000	0.890418 
1546.000000	0.886713 
1544.000000	0.882939 
1542.000000	0.876656 
1540.000000	0.877548 
1538.000000	0.884169 
1536.000000	0.881810 
1534.000000	0.879740 
1532.000000	0.881166 
1530.000000	0.879177 
1528.000000	0.876279 
1526.000000	0.874435 
1524.000000	0.869654 
1522.000000	0.866603 
1520.000000	0.868850 
1518.000000	0.867765 
1516.000000	0.869249 
1514.000000	0.868613 
1512.000000	0.865395 
1510.000000	0.859874 
1508.000000	0.855385 
1506.000000	0.861810 
1504.000000	0.864403 
1502.000000	0.861402 
1500.000000	0.858959 
1498.000000	0.858443 
1496.000000	0.861497 
1494.000000	0.861929 
1492.000000	0.857681 
1490.000000	0.855009 
1488.000000	0.855631 
1486.000000	0.856297 
1484.000000	0.855690 
1482.000000	0.854988 
1480.000000	0.853704 
1478.000000	0.850580 
1476.000000	0.848019 
1474.000000	0.844699 
1472.000000	0.846943 
1470.000000	0.849907 
1468.000000	0.847071 
1466.000000	0.844358 
1464.000000	0.845695 
1462.000000	0.844264 
1460.000000	0.839166 
1458.000000	0.835127 
1456.000000	0.839484 
1454.000000	0.841225 
1452.000000	0.839545 
1450.000000	0.837241 
1448.000000	0.835613 
1446.000000	0.834872 
1444.000000	0.833012 
1442.000000	0.830731 
1440.000000	0.827649 
1438.000000	0.824406 
1436.000000	0.825531 
1434.000000	0.825460 
1432.000000	0.821902 
1430.000000	0.819193 
1428.000000	0.818292 
1426.000000	0.815262 
1424.000000	0.812707 
1422.000000	0.810107 
1420.000000	0.807702 
1418.000000	0.808251 
1416.000000	0.807844 
1414.000000	0.805819 
1412.000000	0.803382 
1410.000000	0.801534 
1408.000000	0.799720 
1406.000000	0.797994 
1404.000000	0.795975 
1402.000000	0.793088 
1400.000000	0.790718 
1398.000000	0.789489 
1396.000000	0.787423 
1394.000000	0.786855 
1392.000000	0.786855 
1390.000000	0.784163 
1388.000000	0.781593 
1386.000000	0.781159 
1384.000000	0.780185 
1382.000000	0.777769 
1380.000000	0.775172 
1378.000000	0.773068 
1376.000000	0.770040 
1374.000000	0.768118 
1372.000000	0.766928 
1370.000000	0.765149 
1368.000000	0.763311 
1366.000000	0.760932 
1364.000000	0.758553 
1362.000000	0.757778 
1360.000000	0.756633 
1358.000000	0.754863 
1356.000000	0.752446 
1354.000000	0.750237 
1352.000000	0.748155 
1350.000000	0.746277 
1348.000000	0.744520 
1346.000000	0.742936 
1344.000000	0.740821 
1342.000000	0.737677 
1340.000000	0.734806 
1338.000000	0.733723 
1336.000000	0.732280 
1334.000000	0.730992 
1332.000000	0.729814 
1330.000000	0.727519 
1328.000000	0.725486 
1326.000000	0.723703 
1324.000000	0.721677 
1322.000000	0.719613 
1320.000000	0.717786 
1318.000000	0.716305 
1316.000000	0.714820 
1314.000000	0.712788 
1312.000000	0.711193 
1310.000000	0.709536 
1308.000000	0.707352 
1306.000000	0.705058 
1304.000000	0.703200 
1302.000000	0.701390 
1300.000000	0.699629 
1298.000000	0.697450 
1296.000000	0.695464 
1294.000000	0.693770 
1292.000000	0.691810 
1290.000000	0.689597 
1288.000000	0.687694 
1286.000000	0.685625 
1284.000000	0.683559 
1282.000000	0.681930 
1280.000000	0.680195 
1278.000000	0.677993 
1276.000000	0.675341 
1274.000000	0.672755 
1272.000000	0.670749 
1270.000000	0.668863 
1268.000000	0.666752 
1266.000000	0.664756 
1264.000000	0.663290 
1262.000000	0.661739 
1260.000000	0.660090 
1258.000000	0.658200 
1256.000000	0.655870 
1254.000000	0.653706 
1252.000000	0.651475 
1250.000000	0.649088 
1248.000000	0.647197 
1246.000000	0.645460 
1244.000000	0.643450 
1242.000000	0.642278 
1240.000000	0.640766 
1238.000000	0.639047 
1236.000000	0.637499 
1234.000000	0.635942 
1232.000000	0.634609 
1230.000000	0.633621 
1228.000000	0.632702 
1226.000000	0.631933 
1224.000000	0.630970 
1222.000000	0.630101 
1220.000000	0.629826 
1218.000000	0.629798 
1216.000000	0.629778 
1214.000000	0.630213 
1212.000000	0.631251 
1210.000000	0.632597 
1208.000000	0.633934 
1206.000000	0.635895 
1204.000000	0.638968 
1202.000000	0.641980 
1200.000000	0.644945 
1198.000000	0.648178 
1196.000000	0.652093 
1194.000000	0.656691 
1192.000000	0.661701 
1190.000000	0.666517 
1188.000000	0.672009 
1186.000000	0.677665 
1184.000000	0.682452 
1182.000000	0.687940 
1180.000000	0.694471 
1178.000000	0.701433 
1176.000000	0.707431 
1174.000000	0.712484 
1172.000000	0.718073 
1170.000000	0.724015 
1168.000000	0.730206 
1166.000000	0.736025 
1164.000000	0.741312 
1162.000000	0.747122 
1160.000000	0.753245 
1158.000000	0.759329 
1156.000000	0.764577 
1154.000000	0.768876 
1152.000000	0.772838 
1150.000000	0.777090 
1148.000000	0.782144 
1146.000000	0.786697 
1144.000000	0.789880 
1142.000000	0.793769 
1140.000000	0.797830 
1138.000000	0.801041 
1136.000000	0.804433 
1134.000000	0.808409 
1132.000000	0.810696 
1130.000000	0.812501 
1128.000000	0.815475 
1126.000000	0.817769 
1124.000000	0.819047 
1122.000000	0.821205 
1120.000000	0.823088 
1118.000000	0.824630 
1116.000000	0.826599 
1114.000000	0.829204 
1112.000000	0.833655 
1110.000000	0.838039 
1108.000000	0.841329 
1106.000000	0.843962 
1104.000000	0.846887 
1102.000000	0.850126 
1100.000000	0.853329 
1098.000000	0.856920 
1096.000000	0.860400 
1094.000000	0.863710 
1092.000000	0.866429 
1090.000000	0.868041 
1088.000000	0.870570 
1086.000000	0.873136 
1084.000000	0.874704 
1082.000000	0.876819 
1080.000000	0.879913 
1078.000000	0.883939 
1076.000000	0.886928 
1074.000000	0.888233 
1072.000000	0.889896 
1070.000000	0.892531 
1068.000000	0.895777 
1066.000000	0.898228 
1064.000000	0.898670 
1062.000000	0.898377 
1060.000000	0.898273 
1058.000000	0.897516 
1056.000000	0.895931 
1054.000000	0.894264 
1052.000000	0.892993 
1050.000000	0.891583 
1048.000000	0.888075 
1046.000000	0.883281 
1044.000000	0.877902 
1042.000000	0.872351 
1040.000000	0.867461 
1038.000000	0.862508 
1036.000000	0.855444 
1034.000000	0.847642 
1032.000000	0.839988 
1030.000000	0.831244 
1028.000000	0.821816 
1026.000000	0.812080 
1024.000000	0.801327 
1022.000000	0.789481 
1020.000000	0.777495 
1018.000000	0.764295 
1016.000000	0.750252 
1014.000000	0.736660 
1012.000000	0.722615 
1010.000000	0.708006 
1008.000000	0.693243 
1006.000000	0.678475 
1004.000000	0.664001 
1002.000000	0.649408 
1000.000000	0.635185 
998.000000	 0.621915 
996.000000	 0.609399 
994.000000	 0.598680 
992.000000	 0.590234 
990.000000	 0.584715 
988.000000	 0.583344 
986.000000	 0.586104 
984.000000	 0.591757 
982.000000	 0.598836 
980.000000	 0.605092 
978.000000	 0.607737 
976.000000	 0.606145 
974.000000	 0.599664 
972.000000	 0.588344 
970.000000	 0.574195 
968.000000	 0.559969 
966.000000	 0.547426 
964.000000	 0.537359 
962.000000	 0.529497 
960.000000	 0.523528 
958.000000	 0.519199 
956.000000	 0.516244 
954.000000	 0.515236 
952.000000	 0.516355 
950.000000	 0.519238 
948.000000	 0.524170 
946.000000	 0.530648 
944.000000	 0.537868 
942.000000	 0.544444 
940.000000	 0.549337 
938.000000	 0.552161 
936.000000	 0.552538 
934.000000	 0.551079 
932.000000	 0.548760 
930.000000	 0.545524 
928.000000	 0.541795 
926.000000	 0.539289 
924.000000	 0.538105 
922.000000	 0.539630 
920.000000	 0.545629 
918.000000	 0.554289 
916.000000	 0.561627 
914.000000	 0.565868 
912.000000	 0.567947 
910.000000	 0.570741 
908.000000	 0.574524 
906.000000	 0.573976 
904.000000	 0.567558 
902.000000	 0.559999 
900.000000	 0.552421 
898.000000	 0.543671 
896.000000	 0.534834 
894.000000	 0.527606 
892.000000	 0.522985 
890.000000	 0.521516 
888.000000	 0.523337 
886.000000	 0.527213 
884.000000	 0.533128 
882.000000	 0.540305 
880.000000	 0.547531 
878.000000	 0.554319 
876.000000	 0.559909 
874.000000	 0.564472 
872.000000	 0.569124 
870.000000	 0.573086 
868.000000	 0.575722 
866.000000	 0.578062 
864.000000	 0.579084 
862.000000	 0.579135 
860.000000	 0.578350 
858.000000	 0.576074 
856.000000	 0.573953 
854.000000	 0.572194 
852.000000	 0.570803 
850.000000	 0.569957 
848.000000	 0.569014 
846.000000	 0.568144 
844.000000	 0.568182 
842.000000	 0.567917 
840.000000	 0.566922 
838.000000	 0.564877 
836.000000	 0.561373 
834.000000	 0.557486 
832.000000	 0.550758 
830.000000	 0.540293 
828.000000	 0.528175 
826.000000	 0.515591 
824.000000	 0.503061 
822.000000	 0.490008 
820.000000	 0.477530 
818.000000	 0.466848 
816.000000	 0.457798 
814.000000	 0.449990 
812.000000	 0.442938 
810.000000	 0.435948 
808.000000	 0.429902 
806.000000	 0.424218 
804.000000	 0.417659 
802.000000	 0.411041 
800.000000	 0.404908 
798.000000	 0.398722 
796.000000	 0.391545 
794.000000	 0.383790 
792.000000	 0.376335 
790.000000	 0.368539 
788.000000	 0.360591 
786.000000	 0.353455 
784.000000	 0.346248 
782.000000	 0.338842 
780.000000	 0.332099 
778.000000	 0.325990 
776.000000	 0.319982 
774.000000	 0.314044 
772.000000	 0.308717 
770.000000	 0.303421 
768.000000	 0.298280 
766.000000	 0.293859 
764.000000	 0.290231 
762.000000	 0.286793 
760.000000	 0.284233 
758.000000	 0.282686 
756.000000	 0.281181 
754.000000	 0.279618 
752.000000	 0.278614 
750.000000	 0.278373 
748.000000	 0.278651 
746.000000	 0.278898 
744.000000	 0.279978 
742.000000	 0.281769 
740.000000	 0.284685 
738.000000	 0.288540 
736.000000	 0.291577 
734.000000	 0.293972 
732.000000	 0.296564 
730.000000	 0.300232 
728.000000	 0.305114 
726.000000	 0.310274 
724.000000	 0.315258 
722.000000	 0.320120 
720.000000	 0.324820 
718.000000	 0.329242 
716.000000	 0.334129 
714.000000	 0.339119 
712.000000	 0.343084 
710.000000	 0.346823 
708.000000	 0.350263 
706.000000	 0.352783 
704.000000	 0.354562 
702.000000	 0.356304 
700.000000	 0.356709 
698.000000	 0.357254 
696.000000	 0.358858 
694.000000	 0.361071 
692.000000	 0.364959 
690.000000	 0.371079 
688.000000	 0.378213 
686.000000	 0.385836 
684.000000	 0.393106 
682.000000	 0.399601 
680.000000	 0.406749 
678.000000	 0.415525 
676.000000	 0.424994 
674.000000	 0.433426 
672.000000	 0.440683 
670.000000	 0.448588 
668.000000	 0.454270 
666.000000	 0.446538 
664.000000	 0.437870 
662.000000	 0.429603 
660.000000	 0.422382 
658.000000	 0.417688 
656.000000	 0.413411 
654.000000	 0.410014 
652.000000	 0.408774 
650.000000	 0.410163 
648.000000	 0.413473 
646.000000	 0.418027 
644.000000	 0.424499 
642.000000	 0.432443 
640.000000	 0.440409 
638.000000	 0.449002 
636.000000	 0.459329 
634.000000	 0.470800 
632.000000	 0.480432 
630.000000	 0.485873 
628.000000	 0.485898 
626.000000	 0.478915 
624.000000	 0.463564 
622.000000	 0.438963 
620.000000	 0.407694 
618.000000	 0.373127 
616.000000	 0.339211 
614.000000	 0.308454 
612.000000	 0.281223 
610.000000	 0.259295 
608.000000	 0.241275 
606.000000	 0.223999 
604.000000	 0.208689 
602.000000	 0.195774 
600.000000	 0.184710 
598.000000	 0.174910 
596.000000	 0.165311 
594.000000	 0.156731 
592.000000	 0.149784 
590.000000	 0.143366 
588.000000	 0.137466 
586.000000	 0.131665 
584.000000	 0.126820 
582.000000	 0.121969 
580.000000	 0.117715 
578.000000	 0.112815 
576.000000	 0.106948 
574.000000	 0.101813 
572.000000	 0.096243 
570.000000	 0.090041 
568.000000	 0.085136 
566.000000	 0.082171 
564.000000	 0.079175 
562.000000	 0.075347 
560.000000	 0.071631 
558.000000	 0.067678 
556.000000	 0.063814 
554.000000	 0.061253 
552.000000	 0.059614 
550.000000	 0.058330 
548.000000	 0.056984 
546.000000	 0.054796 
544.000000	 0.052110 
542.000000	 0.050183 
540.000000	 0.048599 
538.000000	 0.047260 
536.000000	 0.046497 
534.000000	 0.045274 
532.000000	 0.043537 
530.000000	 0.042488 
528.000000	 0.041701 
526.000000	 0.041352 
524.000000	 0.041162 
522.000000	 0.041102 
520.000000	 0.041133 
518.000000	 0.041472 
516.000000	 0.043018 
514.000000	 0.045529 
512.000000	 0.047352 
510.000000	 0.048097 
508.000000	 0.048555 
506.000000	 0.048672 
504.000000	 0.047840 
502.000000	 0.047125 
500.000000	 0.046726 
498.000000	 0.046269 
496.000000	 0.046630 
494.000000	 0.047160 
492.000000	 0.047533 
490.000000	 0.047853 
488.000000	 0.048421 
486.000000	 0.048332 
484.000000	 0.048312 
482.000000	 0.049378 
480.000000	 0.051176 
478.000000	 0.052349 
476.000000	 0.052500 
474.000000	 0.052194 
472.000000	 0.053092 
470.000000	 0.054466 
468.000000	 0.054855 
466.000000	 0.055166 
464.000000	 0.055426 
462.000000	 0.055075 
460.000000	 0.053895 
458.000000	 0.052938 
456.000000	 0.054274 
454.000000	 0.054793 
452.000000	 0.055225 
450.000000	 0.055919 

