4400.000000	1.324254 
4398.000000	1.319838 
4396.000000	1.318792 
4394.000000	1.321145 
4392.000000	1.318113 
4390.000000	1.315605 
4388.000000	1.320352 
4386.000000	1.320619 
4384.000000	1.316585 
4382.000000	1.318103 
4380.000000	1.318109 
4378.000000	1.314527 
4376.000000	1.312488 
4374.000000	1.312014 
4372.000000	1.314649 
4370.000000	1.316409 
4368.000000	1.316488 
4366.000000	1.318432 
4364.000000	1.318385 
4362.000000	1.315322 
4360.000000	1.313450 
4358.000000	1.315582 
4356.000000	1.318262 
4354.000000	1.316068 
4352.000000	1.312125 
4350.000000	1.312522 
4348.000000	1.315122 
4346.000000	1.317821 
4344.000000	1.318294 
4342.000000	1.315245 
4340.000000	1.313819 
4338.000000	1.318066 
4336.000000	1.319788 
4334.000000	1.318135 
4332.000000	1.314670 
4330.000000	1.316034 
4328.000000	1.318835 
4326.000000	1.314762 
4324.000000	1.312424 
4322.000000	1.314286 
4320.000000	1.316287 
4318.000000	1.315871 
4316.000000	1.317128 
4314.000000	1.318066 
4312.000000	1.315308 
4310.000000	1.313780 
4308.000000	1.315622 
4306.000000	1.315400 
4304.000000	1.313738 
4302.000000	1.310795 
4300.000000	1.314470 
4298.000000	1.321234 
4296.000000	1.324546 
4294.000000	1.318928 
4292.000000	1.310337 
4290.000000	1.310215 
4288.000000	1.315062 
4286.000000	1.319569 
4284.000000	1.318189 
4282.000000	1.314978 
4280.000000	1.314640 
4278.000000	1.315826 
4276.000000	1.315261 
4274.000000	1.314352 
4272.000000	1.315179 
4270.000000	1.318734 
4268.000000	1.318521 
4266.000000	1.314564 
4264.000000	1.311100 
4262.000000	1.307991 
4260.000000	1.308779 
4258.000000	1.311000 
4256.000000	1.309748 
4254.000000	1.313154 
4252.000000	1.318583 
4250.000000	1.317627 
4248.000000	1.313011 
4246.000000	1.313384 
4244.000000	1.314002 
4242.000000	1.310536 
4240.000000	1.308986 
4238.000000	1.311390 
4236.000000	1.314250 
4234.000000	1.314096 
4232.000000	1.314395 
4230.000000	1.316323 
4228.000000	1.315684 
4226.000000	1.315432 
4224.000000	1.316087 
4222.000000	1.314077 
4220.000000	1.313267 
4218.000000	1.314064 
4216.000000	1.311725 
4214.000000	1.309929 
4212.000000	1.311549 
4210.000000	1.310065 
4208.000000	1.307680 
4206.000000	1.309363 
4204.000000	1.309652 
4202.000000	1.309045 
4200.000000	1.313742 
4198.000000	1.318154 
4196.000000	1.317896 
4194.000000	1.315579 
4192.000000	1.312928 
4190.000000	1.310907 
4188.000000	1.310371 
4186.000000	1.309207 
4184.000000	1.305769 
4182.000000	1.306355 
4180.000000	1.307289 
4178.000000	1.305539 
4176.000000	1.306479 
4174.000000	1.308499 
4172.000000	1.311577 
4170.000000	1.314160 
4168.000000	1.312764 
4166.000000	1.309159 
4164.000000	1.308244 
4162.000000	1.307314 
4160.000000	1.307812 
4158.000000	1.311420 
4156.000000	1.312811 
4154.000000	1.309083 
4152.000000	1.304039 
4150.000000	1.304254 
4148.000000	1.306005 
4146.000000	1.306171 
4144.000000	1.307737 
4142.000000	1.308589 
4140.000000	1.305934 
4138.000000	1.303064 
4136.000000	1.303833 
4134.000000	1.304525 
4132.000000	1.303193 
4130.000000	1.304790 
4128.000000	1.306198 
4126.000000	1.306198 
4124.000000	1.304268 
4122.000000	1.302117 
4120.000000	1.305066 
4118.000000	1.304479 
4116.000000	1.299121 
4114.000000	1.296607 
4112.000000	1.300027 
4110.000000	1.306064 
4108.000000	1.308252 
4106.000000	1.307808 
4104.000000	1.306106 
4102.000000	1.304544 
4100.000000	1.303612 
4098.000000	1.302443 
4096.000000	1.304423 
4094.000000	1.307283 
4092.000000	1.308956 
4090.000000	1.306907 
4088.000000	1.305593 
4086.000000	1.306817 
4084.000000	1.303472 
4082.000000	1.301318 
4080.000000	1.303416 
4078.000000	1.305779 
4076.000000	1.306485 
4074.000000	1.302526 
4072.000000	1.300474 
4070.000000	1.303154 
4068.000000	1.303445 
4066.000000	1.300403 
4064.000000	1.301012 
4062.000000	1.302960 
4060.000000	1.303858 
4058.000000	1.303639 
4056.000000	1.302688 
4054.000000	1.302434 
4052.000000	1.304145 
4050.000000	1.305331 
4048.000000	1.304164 
4046.000000	1.303283 
4044.000000	1.303039 
4042.000000	1.302628 
4040.000000	1.301544 
4038.000000	1.299934 
4036.000000	1.300422 
4034.000000	1.303156 
4032.000000	1.302038 
4030.000000	1.299367 
4028.000000	1.298287 
4026.000000	1.301312 
4024.000000	1.307808 
4022.000000	1.307861 
4020.000000	1.301774 
4018.000000	1.299338 
4016.000000	1.298384 
4014.000000	1.297750 
4012.000000	1.299393 
4010.000000	1.302056 
4008.000000	1.302746 
4006.000000	1.301333 
4004.000000	1.300490 
4002.000000	1.302865 
4000.000000	1.303566 
3998.000000	1.298647 
3996.000000	1.296810 
3994.000000	1.298662 
3992.000000	1.300254 
3990.000000	1.300691 
3988.000000	1.300097 
3986.000000	1.303021 
3984.000000	1.302815 
3982.000000	1.300422 
3980.000000	1.301264 
3978.000000	1.301169 
3976.000000	1.299334 
3974.000000	1.298090 
3972.000000	1.299204 
3970.000000	1.299251 
3968.000000	1.299546 
3966.000000	1.297905 
3964.000000	1.294791 
3962.000000	1.293959 
3960.000000	1.298310 
3958.000000	1.299575 
3956.000000	1.299794 
3954.000000	1.300784 
3952.000000	1.299012 
3950.000000	1.301476 
3948.000000	1.304398 
3946.000000	1.301469 
3944.000000	1.298664 
3942.000000	1.298046 
3940.000000	1.297787 
3938.000000	1.297802 
3936.000000	1.295543 
3934.000000	1.293729 
3932.000000	1.293391 
3930.000000	1.292032 
3928.000000	1.292548 
3926.000000	1.296435 
3924.000000	1.296507 
3922.000000	1.294748 
3920.000000	1.296462 
3918.000000	1.299600 
3916.000000	1.299280 
3914.000000	1.296966 
3912.000000	1.298450 
3910.000000	1.299635 
3908.000000	1.296652 
3906.000000	1.293163 
3904.000000	1.293472 
3902.000000	1.294026 
3900.000000	1.293906 
3898.000000	1.294952 
3896.000000	1.291106 
3894.000000	1.288284 
3892.000000	1.296216 
3890.000000	1.296759 
3888.000000	1.289601 
3886.000000	1.292891 
3884.000000	1.291639 
3882.000000	1.293157 
3880.000000	1.296570 
3878.000000	1.289274 
3876.000000	1.289345 
3874.000000	1.289033 
3872.000000	1.282513 
3870.000000	1.291706 
3868.000000	1.287021 
3866.000000	1.286276 
3864.000000	1.289916 
3862.000000	1.290364 
3860.000000	1.286154 
3858.000000	1.276453 
3856.000000	1.271606 
3854.000000	1.289232 
3852.000000	1.295159 
3850.000000	1.287794 
3848.000000	1.285916 
3846.000000	1.282047 
3844.000000	1.280092 
3842.000000	1.281002 
3840.000000	1.283942 
3838.000000	1.289379 
3836.000000	1.287484 
3834.000000	1.282706 
3832.000000	1.285668 
3830.000000	1.286092 
3828.000000	1.288507 
3826.000000	1.289105 
3824.000000	1.278290 
3822.000000	1.283871 
3820.000000	1.284058 
3818.000000	1.278557 
3816.000000	1.289006 
3814.000000	1.287378 
3812.000000	1.284859 
3810.000000	1.282577 
3808.000000	1.286438 
3806.000000	1.286700 
3804.000000	1.279342 
3802.000000	1.290170 
3800.000000	1.288047 
3798.000000	1.281907 
3796.000000	1.288648 
3794.000000	1.289692 
3792.000000	1.288326 
3790.000000	1.287238 
3788.000000	1.285498 
3786.000000	1.288185 
3784.000000	1.289986 
3782.000000	1.285097 
3780.000000	1.284893 
3778.000000	1.286012 
3776.000000	1.286520 
3774.000000	1.285798 
3772.000000	1.283012 
3770.000000	1.287780 
3768.000000	1.287302 
3766.000000	1.286030 
3764.000000	1.281645 
3762.000000	1.278086 
3760.000000	1.283032 
3758.000000	1.286586 
3756.000000	1.282012 
3754.000000	1.273044 
3752.000000	1.275651 
3750.000000	1.284925 
3748.000000	1.277926 
3746.000000	1.272404 
3744.000000	1.285928 
3742.000000	1.280494 
3740.000000	1.278484 
3738.000000	1.282164 
3736.000000	1.285936 
3734.000000	1.282791 
3732.000000	1.284410 
3730.000000	1.284694 
3728.000000	1.286198 
3726.000000	1.289833 
3724.000000	1.288515 
3722.000000	1.286680 
3720.000000	1.285986 
3718.000000	1.285242 
3716.000000	1.279965 
3714.000000	1.279873 
3712.000000	1.288344 
3710.000000	1.292196 
3708.000000	1.293548 
3706.000000	1.290685 
3704.000000	1.291033 
3702.000000	1.296736 
3700.000000	1.296181 
3698.000000	1.294397 
3696.000000	1.291612 
3694.000000	1.285320 
3692.000000	1.284975 
3690.000000	1.291622 
3688.000000	1.297627 
3686.000000	1.293790 
3684.000000	1.292744 
3682.000000	1.292330 
3680.000000	1.290795 
3678.000000	1.288918 
3676.000000	1.298489 
3674.000000	1.294871 
3672.000000	1.290793 
3670.000000	1.303705 
3668.000000	1.304615 
3666.000000	1.298892 
3664.000000	1.295911 
3662.000000	1.295539 
3660.000000	1.293287 
3658.000000	1.294373 
3656.000000	1.301053 
3654.000000	1.293497 
3652.000000	1.288616 
3650.000000	1.291732 
3648.000000	1.295385 
3646.000000	1.297584 
3644.000000	1.298682 
3642.000000	1.300532 
3640.000000	1.298897 
3638.000000	1.298736 
3636.000000	1.299420 
3634.000000	1.297360 
3632.000000	1.290546 
3630.000000	1.295175 
3628.000000	1.300207 
3626.000000	1.296282 
3624.000000	1.296712 
3622.000000	1.295976 
3620.000000	1.299239 
3618.000000	1.302247 
3616.000000	1.298190 
3614.000000	1.299443 
3612.000000	1.300403 
3610.000000	1.298656 
3608.000000	1.299183 
3606.000000	1.299783 
3604.000000	1.297621 
3602.000000	1.294822 
3600.000000	1.295277 
3598.000000	1.295461 
3596.000000	1.297637 
3594.000000	1.303071 
3592.000000	1.302222 
3590.000000	1.299717 
3588.000000	1.301756 
3586.000000	1.301828 
3584.000000	1.298567 
3582.000000	1.299494 
3580.000000	1.299544 
3578.000000	1.297321 
3576.000000	1.297255 
3574.000000	1.296527 
3572.000000	1.291774 
3570.000000	1.288954 
3568.000000	1.294514 
3566.000000	1.298606 
3564.000000	1.296915 
3562.000000	1.298468 
3560.000000	1.300424 
3558.000000	1.298400 
3556.000000	1.296605 
3554.000000	1.297303 
3552.000000	1.297274 
3550.000000	1.293421 
3548.000000	1.295770 
3546.000000	1.299697 
3544.000000	1.298662 
3542.000000	1.298205 
3540.000000	1.297580 
3538.000000	1.295637 
3536.000000	1.297475 
3534.000000	1.299610 
3532.000000	1.299216 
3530.000000	1.294891 
3528.000000	1.294250 
3526.000000	1.295410 
3524.000000	1.295081 
3522.000000	1.294053 
3520.000000	1.292913 
3518.000000	1.292544 
3516.000000	1.293745 
3514.000000	1.295956 
3512.000000	1.295841 
3510.000000	1.293295 
3508.000000	1.292353 
3506.000000	1.293926 
3504.000000	1.295764 
3502.000000	1.295555 
3500.000000	1.295602 
3498.000000	1.295314 
3496.000000	1.292198 
3494.000000	1.290878 
3492.000000	1.291738 
3490.000000	1.293820 
3488.000000	1.295040 
3486.000000	1.293878 
3484.000000	1.292889 
3482.000000	1.292777 
3480.000000	1.293157 
3478.000000	1.295837 
3476.000000	1.294106 
3474.000000	1.291570 
3472.000000	1.292580 
3470.000000	1.296140 
3468.000000	1.297514 
3466.000000	1.295308 
3464.000000	1.293643 
3462.000000	1.293177 
3460.000000	1.291317 
3458.000000	1.290334 
3456.000000	1.291677 
3454.000000	1.293403 
3452.000000	1.291661 
3450.000000	1.288787 
3448.000000	1.289871 
3446.000000	1.291639 
3444.000000	1.290756 
3442.000000	1.291525 
3440.000000	1.291622 
3438.000000	1.289422 
3436.000000	1.289795 
3434.000000	1.290328 
3432.000000	1.289202 
3430.000000	1.288972 
3428.000000	1.289268 
3426.000000	1.288974 
3424.000000	1.290641 
3422.000000	1.291781 
3420.000000	1.291499 
3418.000000	1.289170 
3416.000000	1.287488 
3414.000000	1.289043 
3412.000000	1.288169 
3410.000000	1.287651 
3408.000000	1.288886 
3406.000000	1.286366 
3404.000000	1.285278 
3402.000000	1.287436 
3400.000000	1.288572 
3398.000000	1.287681 
3396.000000	1.286072 
3394.000000	1.286464 
3392.000000	1.287121 
3390.000000	1.284801 
3388.000000	1.280804 
3386.000000	1.280532 
3384.000000	1.281178 
3382.000000	1.280927 
3380.000000	1.283210 
3378.000000	1.285556 
3376.000000	1.284424 
3374.000000	1.282426 
3372.000000	1.281554 
3370.000000	1.281358 
3368.000000	1.280872 
3366.000000	1.281574 
3364.000000	1.282785 
3362.000000	1.282845 
3360.000000	1.281491 
3358.000000	1.282603 
3356.000000	1.282210 
3354.000000	1.279096 
3352.000000	1.277513 
3350.000000	1.277350 
3348.000000	1.278970 
3346.000000	1.280980 
3344.000000	1.280506 
3342.000000	1.279940 
3340.000000	1.281263 
3338.000000	1.282978 
3336.000000	1.282365 
3334.000000	1.280723 
3332.000000	1.278898 
3330.000000	1.276919 
3328.000000	1.275624 
3326.000000	1.275778 
3324.000000	1.276322 
3322.000000	1.276136 
3320.000000	1.276924 
3318.000000	1.276842 
3316.000000	1.276239 
3314.000000	1.274348 
3312.000000	1.273102 
3310.000000	1.274444 
3308.000000	1.276155 
3306.000000	1.274664 
3304.000000	1.273053 
3302.000000	1.274539 
3300.000000	1.274559 
3298.000000	1.272409 
3296.000000	1.271370 
3294.000000	1.272314 
3292.000000	1.275594 
3290.000000	1.278400 
3288.000000	1.277185 
3286.000000	1.274054 
3284.000000	1.272032 
3282.000000	1.270556 
3280.000000	1.269964 
3278.000000	1.271168 
3276.000000	1.271062 
3274.000000	1.268878 
3272.000000	1.267000 
3270.000000	1.268943 
3268.000000	1.269311 
3266.000000	1.270321 
3264.000000	1.271859 
3262.000000	1.270001 
3260.000000	1.269440 
3258.000000	1.271464 
3256.000000	1.271182 
3254.000000	1.269619 
3252.000000	1.267916 
3250.000000	1.267068 
3248.000000	1.267666 
3246.000000	1.267176 
3244.000000	1.266001 
3242.000000	1.265421 
3240.000000	1.265278 
3238.000000	1.266772 
3236.000000	1.268432 
3234.000000	1.269675 
3232.000000	1.268799 
3230.000000	1.265965 
3228.000000	1.263981 
3226.000000	1.264240 
3224.000000	1.265055 
3222.000000	1.265705 
3220.000000	1.265371 
3218.000000	1.263871 
3216.000000	1.262963 
3214.000000	1.262037 
3212.000000	1.261814 
3210.000000	1.260695 
3208.000000	1.262313 
3206.000000	1.263521 
3204.000000	1.262722 
3202.000000	1.261657 
3200.000000	1.260605 
3198.000000	1.260803 
3196.000000	1.259325 
3194.000000	1.258076 
3192.000000	1.259841 
3190.000000	1.262457 
3188.000000	1.260854 
3186.000000	1.258437 
3184.000000	1.259736 
3182.000000	1.260588 
3180.000000	1.258733 
3178.000000	1.259722 
3176.000000	1.261522 
3174.000000	1.262704 
3172.000000	1.260210 
3170.000000	1.255197 
3168.000000	1.256833 
3166.000000	1.259636 
3164.000000	1.255889 
3162.000000	1.254994 
3160.000000	1.258857 
3158.000000	1.258869 
3156.000000	1.257278 
3154.000000	1.256982 
3152.000000	1.259619 
3150.000000	1.260667 
3148.000000	1.258058 
3146.000000	1.256898 
3144.000000	1.256455 
3142.000000	1.256648 
3140.000000	1.258784 
3138.000000	1.257578 
3136.000000	1.253230 
3134.000000	1.252886 
3132.000000	1.254432 
3130.000000	1.253247 
3128.000000	1.252947 
3126.000000	1.254365 
3124.000000	1.254090 
3122.000000	1.253136 
3120.000000	1.251466 
3118.000000	1.251130 
3116.000000	1.252704 
3114.000000	1.250767 
3112.000000	1.248811 
3110.000000	1.250429 
3108.000000	1.251810 
3106.000000	1.249483 
3104.000000	1.248016 
3102.000000	1.250942 
3100.000000	1.252682 
3098.000000	1.251267 
3096.000000	1.249077 
3094.000000	1.248623 
3092.000000	1.250407 
3090.000000	1.250903 
3088.000000	1.250476 
3086.000000	1.250536 
3084.000000	1.249480 
3082.000000	1.249187 
3080.000000	1.250678 
3078.000000	1.250568 
3076.000000	1.249485 
3074.000000	1.248057 
3072.000000	1.245586 
3070.000000	1.245051 
3068.000000	1.246290 
3066.000000	1.248055 
3064.000000	1.248479 
3062.000000	1.247910 
3060.000000	1.247494 
3058.000000	1.246031 
3056.000000	1.244998 
3054.000000	1.244732 
3052.000000	1.243506 
3050.000000	1.243638 
3048.000000	1.245478 
3046.000000	1.246739 
3044.000000	1.245683 
3042.000000	1.241582 
3040.000000	1.239268 
3038.000000	1.239338 
3036.000000	1.240947 
3034.000000	1.244001 
3032.000000	1.245056 
3030.000000	1.241342 
3028.000000	1.238521 
3026.000000	1.240073 
3024.000000	1.240621 
3022.000000	1.240734 
3020.000000	1.241043 
3018.000000	1.241093 
3016.000000	1.241483 
3014.000000	1.240805 
3012.000000	1.241714 
3010.000000	1.243178 
3008.000000	1.242188 
3006.000000	1.240723 
3004.000000	1.241183 
3002.000000	1.240169 
3000.000000	1.239137 
2998.000000	1.240823 
2996.000000	1.241665 
2994.000000	1.241191 
2992.000000	1.242716 
2990.000000	1.243285 
2988.000000	1.242531 
2986.000000	1.240239 
2984.000000	1.240153 
2982.000000	1.242473 
2980.000000	1.243404 
2978.000000	1.242546 
2976.000000	1.242280 
2974.000000	1.243281 
2972.000000	1.243314 
2970.000000	1.240812 
2968.000000	1.237697 
2966.000000	1.237815 
2964.000000	1.240846 
2962.000000	1.241111 
2960.000000	1.238643 
2958.000000	1.237851 
2956.000000	1.239343 
2954.000000	1.240715 
2952.000000	1.239690 
2950.000000	1.238208 
2948.000000	1.236398 
2946.000000	1.236329 
2944.000000	1.238484 
2942.000000	1.238134 
2940.000000	1.238459 
2938.000000	1.239501 
2936.000000	1.238948 
2934.000000	1.238839 
2932.000000	1.239924 
2930.000000	1.242481 
2928.000000	1.244741 
2926.000000	1.245176 
2924.000000	1.243579 
2922.000000	1.241097 
2920.000000	1.240586 
2918.000000	1.240931 
2916.000000	1.241785 
2914.000000	1.240934 
2912.000000	1.237808 
2910.000000	1.236493 
2908.000000	1.236737 
2906.000000	1.237268 
2904.000000	1.236172 
2902.000000	1.232720 
2900.000000	1.231031 
2898.000000	1.232177 
2896.000000	1.233230 
2894.000000	1.231652 
2892.000000	1.231161 
2890.000000	1.231138 
2888.000000	1.229553 
2886.000000	1.229843 
2884.000000	1.230511 
2882.000000	1.229772 
2880.000000	1.228306 
2878.000000	1.228243 
2876.000000	1.230883 
2874.000000	1.232826 
2872.000000	1.232798 
2870.000000	1.230860 
2868.000000	1.228677 
2866.000000	1.228491 
2864.000000	1.229892 
2862.000000	1.228486 
2860.000000	1.226402 
2858.000000	1.227744 
2856.000000	1.229815 
2854.000000	1.229295 
2852.000000	1.228334 
2850.000000	1.228136 
2848.000000	1.225826 
2846.000000	1.224732 
2844.000000	1.226152 
2842.000000	1.224947 
2840.000000	1.221956 
2838.000000	1.219454 
2836.000000	1.219207 
2834.000000	1.219603 
2832.000000	1.218761 
2830.000000	1.218039 
2828.000000	1.220041 
2826.000000	1.220832 
2824.000000	1.219570 
2822.000000	1.218239 
2820.000000	1.216910 
2818.000000	1.217482 
2816.000000	1.218140 
2814.000000	1.217941 
2812.000000	1.218528 
2810.000000	1.219447 
2808.000000	1.216066 
2806.000000	1.213672 
2804.000000	1.215811 
2802.000000	1.216501 
2800.000000	1.214180 
2798.000000	1.213416 
2796.000000	1.214971 
2794.000000	1.216202 
2792.000000	1.215937 
2790.000000	1.215124 
2788.000000	1.214540 
2786.000000	1.214810 
2784.000000	1.213249 
2782.000000	1.211761 
2780.000000	1.213540 
2778.000000	1.213821 
2776.000000	1.210996 
2774.000000	1.209380 
2772.000000	1.210517 
2770.000000	1.211712 
2768.000000	1.213005 
2766.000000	1.215284 
2764.000000	1.214628 
2762.000000	1.212730 
2760.000000	1.210846 
2758.000000	1.209623 
2756.000000	1.209420 
2754.000000	1.209387 
2752.000000	1.208390 
2750.000000	1.208663 
2748.000000	1.210303 
2746.000000	1.209417 
2744.000000	1.209005 
2742.000000	1.209083 
2740.000000	1.206454 
2738.000000	1.205461 
2736.000000	1.207172 
2734.000000	1.208673 
2732.000000	1.206684 
2730.000000	1.204929 
2728.000000	1.205856 
2726.000000	1.206267 
2724.000000	1.205346 
2722.000000	1.205177 
2720.000000	1.205998 
2718.000000	1.205330 
2716.000000	1.203872 
2714.000000	1.202006 
2712.000000	1.202270 
2710.000000	1.204465 
2708.000000	1.205016 
2706.000000	1.203389 
2704.000000	1.202839 
2702.000000	1.202195 
2700.000000	1.201498 
2698.000000	1.200242 
2696.000000	1.198328 
2694.000000	1.199023 
2692.000000	1.199698 
2690.000000	1.200060 
2688.000000	1.200719 
2686.000000	1.200208 
2684.000000	1.200673 
2682.000000	1.200331 
2680.000000	1.198799 
2678.000000	1.197443 
2676.000000	1.196964 
2674.000000	1.198944 
2672.000000	1.199745 
2670.000000	1.197296 
2668.000000	1.197057 
2666.000000	1.196996 
2664.000000	1.196127 
2662.000000	1.198356 
2660.000000	1.198627 
2658.000000	1.195440 
2656.000000	1.195174 
2654.000000	1.196956 
2652.000000	1.197226 
2650.000000	1.193548 
2648.000000	1.190276 
2646.000000	1.192142 
2644.000000	1.193876 
2642.000000	1.192400 
2640.000000	1.191767 
2638.000000	1.193062 
2636.000000	1.193790 
2634.000000	1.193015 
2632.000000	1.191421 
2630.000000	1.191217 
2628.000000	1.191891 
2626.000000	1.191156 
2624.000000	1.191146 
2622.000000	1.190463 
2620.000000	1.190945 
2618.000000	1.191984 
2616.000000	1.190592 
2614.000000	1.188574 
2612.000000	1.187098 
2610.000000	1.186191 
2608.000000	1.187858 
2606.000000	1.190176 
2604.000000	1.191286 
2602.000000	1.191038 
2600.000000	1.189486 
2598.000000	1.189010 
2596.000000	1.188055 
2594.000000	1.185104 
2592.000000	1.184463 
2590.000000	1.186486 
2588.000000	1.186357 
2586.000000	1.184771 
2584.000000	1.184285 
2582.000000	1.185279 
2580.000000	1.186088 
2578.000000	1.185909 
2576.000000	1.186121 
2574.000000	1.186743 
2572.000000	1.186454 
2570.000000	1.186128 
2568.000000	1.185082 
2566.000000	1.184091 
2564.000000	1.183790 
2562.000000	1.184200 
2560.000000	1.185187 
2558.000000	1.184683 
2556.000000	1.183077 
2554.000000	1.180660 
2552.000000	1.181200 
2550.000000	1.182479 
2548.000000	1.182394 
2546.000000	1.183009 
2544.000000	1.183253 
2542.000000	1.181690 
2540.000000	1.180417 
2538.000000	1.179511 
2536.000000	1.178773 
2534.000000	1.178683 
2532.000000	1.179904 
2530.000000	1.179552 
2528.000000	1.176533 
2526.000000	1.174585 
2524.000000	1.175319 
2522.000000	1.176677 
2520.000000	1.176548 
2518.000000	1.175516 
2516.000000	1.175762 
2514.000000	1.176234 
2512.000000	1.174795 
2510.000000	1.173872 
2508.000000	1.173671 
2506.000000	1.173153 
2504.000000	1.173792 
2502.000000	1.174893 
2500.000000	1.176265 
2498.000000	1.174993 
2496.000000	1.172814 
2494.000000	1.172339 
2492.000000	1.172917 
2490.000000	1.173051 
2488.000000	1.173356 
2486.000000	1.175045 
2484.000000	1.175372 
2482.000000	1.172920 
2480.000000	1.172016 
2478.000000	1.172333 
2476.000000	1.172877 
2474.000000	1.172988 
2472.000000	1.172233 
2470.000000	1.172196 
2468.000000	1.172897 
2466.000000	1.172801 
2464.000000	1.170933 
2462.000000	1.169320 
2460.000000	1.169527 
2458.000000	1.168782 
2456.000000	1.168390 
2454.000000	1.169995 
2452.000000	1.169856 
2450.000000	1.168677 
2448.000000	1.168445 
2446.000000	1.168011 
2444.000000	1.167301 
2442.000000	1.167503 
2440.000000	1.168259 
2438.000000	1.168657 
2436.000000	1.167092 
2434.000000	1.166134 
2432.000000	1.166398 
2430.000000	1.165482 
2428.000000	1.165674 
2426.000000	1.166518 
2424.000000	1.164915 
2422.000000	1.163599 
2420.000000	1.164250 
2418.000000	1.164568 
2416.000000	1.165034 
2414.000000	1.164932 
2412.000000	1.163278 
2410.000000	1.162137 
2408.000000	1.163515 
2406.000000	1.164952 
2404.000000	1.163803 
2402.000000	1.161612 
2400.000000	1.160450 
2398.000000	1.160754 
2396.000000	1.161985 
2394.000000	1.161712 
2392.000000	1.160841 
2390.000000	1.160209 
2388.000000	1.159958 
2386.000000	1.160136 
2384.000000	1.161068 
2382.000000	1.161674 
2380.000000	1.162838 
2378.000000	1.165365 
2376.000000	1.167120 
2374.000000	1.169400 
2372.000000	1.169958 
2370.000000	1.168555 
2368.000000	1.168841 
2366.000000	1.170764 
2364.000000	1.176214 
2362.000000	1.178308 
2360.000000	1.175556 
2358.000000	1.174367 
2356.000000	1.175980 
2354.000000	1.176109 
2352.000000	1.174294 
2350.000000	1.166617 
2348.000000	1.161519 
2346.000000	1.164330 
2344.000000	1.167745 
2342.000000	1.171748 
2340.000000	1.171370 
2338.000000	1.166474 
2336.000000	1.166345 
2334.000000	1.167436 
2332.000000	1.166481 
2330.000000	1.166422 
2328.000000	1.167121 
2326.000000	1.167791 
2324.000000	1.168338 
2322.000000	1.168332 
2320.000000	1.167913 
2318.000000	1.165430 
2316.000000	1.163471 
2314.000000	1.163364 
2312.000000	1.162567 
2310.000000	1.161275 
2308.000000	1.160228 
2306.000000	1.158944 
2304.000000	1.158004 
2302.000000	1.157413 
2300.000000	1.157655 
2298.000000	1.157075 
2296.000000	1.156974 
2294.000000	1.157133 
2292.000000	1.157474 
2290.000000	1.158123 
2288.000000	1.158419 
2286.000000	1.159750 
2284.000000	1.161054 
2282.000000	1.162308 
2280.000000	1.163568 
2278.000000	1.164122 
2276.000000	1.166141 
2274.000000	1.169510 
2272.000000	1.171678 
2270.000000	1.173190 
2268.000000	1.174413 
2266.000000	1.176208 
2264.000000	1.177376 
2262.000000	1.177563 
2260.000000	1.178224 
2258.000000	1.178626 
2256.000000	1.179815 
2254.000000	1.181917 
2252.000000	1.184900 
2250.000000	1.186931 
2248.000000	1.186847 
2246.000000	1.186611 
2244.000000	1.186882 
2242.000000	1.186354 
2240.000000	1.186209 
2238.000000	1.185556 
2236.000000	1.184170 
2234.000000	1.183444 
2232.000000	1.181884 
2230.000000	1.179511 
2228.000000	1.177318 
2226.000000	1.176483 
2224.000000	1.176934 
2222.000000	1.176550 
2220.000000	1.176102 
2218.000000	1.177783 
2216.000000	1.178728 
2214.000000	1.178068 
2212.000000	1.178392 
2210.000000	1.179852 
2208.000000	1.181500 
2206.000000	1.183838 
2204.000000	1.184778 
2202.000000	1.183305 
2200.000000	1.182214 
2198.000000	1.182323 
2196.000000	1.183612 
2194.000000	1.184898 
2192.000000	1.185469 
2190.000000	1.186482 
2188.000000	1.186292 
2186.000000	1.184221 
2184.000000	1.182214 
2182.000000	1.180630 
2180.000000	1.180080 
2178.000000	1.179042 
2176.000000	1.177522 
2174.000000	1.175418 
2172.000000	1.173820 
2170.000000	1.173691 
2168.000000	1.175451 
2166.000000	1.177125 
2164.000000	1.177870 
2162.000000	1.178723 
2160.000000	1.178761 
2158.000000	1.180251 
2156.000000	1.184800 
2154.000000	1.186984 
2152.000000	1.189367 
2150.000000	1.195903 
2148.000000	1.200743 
2146.000000	1.201806 
2144.000000	1.203171 
2142.000000	1.206851 
2140.000000	1.210574 
2138.000000	1.212264 
2136.000000	1.210523 
2134.000000	1.207234 
2132.000000	1.206851 
2130.000000	1.209285 
2128.000000	1.212177 
2126.000000	1.216560 
2124.000000	1.219879 
2122.000000	1.223514 
2120.000000	1.231394 
2118.000000	1.241066 
2116.000000	1.245787 
2114.000000	1.246239 
2112.000000	1.243490 
2110.000000	1.241779 
2108.000000	1.238389 
2106.000000	1.233014 
2104.000000	1.229470 
2102.000000	1.226111 
2100.000000	1.220910 
2098.000000	1.216175 
2096.000000	1.214194 
2094.000000	1.215335 
2092.000000	1.220003 
2090.000000	1.225091 
2088.000000	1.226214 
2086.000000	1.222447 
2084.000000	1.215908 
2082.000000	1.211660 
2080.000000	1.207957 
2078.000000	1.201955 
2076.000000	1.194086 
2074.000000	1.184216 
2072.000000	1.173307 
2070.000000	1.161348 
2068.000000	1.150735 
2066.000000	1.141266 
2064.000000	1.130591 
2062.000000	1.121353 
2060.000000	1.115117 
2058.000000	1.110229 
2056.000000	1.105908 
2054.000000	1.102906 
2052.000000	1.101401 
2050.000000	1.099102 
2048.000000	1.096210 
2046.000000	1.095112 
2044.000000	1.094191 
2042.000000	1.093480 
2040.000000	1.093520 
2038.000000	1.092618 
2036.000000	1.091279 
2034.000000	1.090193 
2032.000000	1.089460 
2030.000000	1.089554 
2028.000000	1.089941 
2026.000000	1.090203 
2024.000000	1.089255 
2022.000000	1.087066 
2020.000000	1.085933 
2018.000000	1.086878 
2016.000000	1.087115 
2014.000000	1.085471 
2012.000000	1.083819 
2010.000000	1.083040 
2008.000000	1.082263 
2006.000000	1.082547 
2004.000000	1.082708 
2002.000000	1.081242 
2000.000000	1.080477 
1998.000000	1.079774 
1996.000000	1.078368 
1994.000000	1.077652 
1992.000000	1.077650 
1990.000000	1.077198 
1988.000000	1.076662 
1986.000000	1.075132 
1984.000000	1.074724 
1982.000000	1.075685 
1980.000000	1.075039 
1978.000000	1.073832 
1976.000000	1.073506 
1974.000000	1.073837 
1972.000000	1.073467 
1970.000000	1.072444 
1968.000000	1.071352 
1966.000000	1.069803 
1964.000000	1.068177 
1962.000000	1.067868 
1960.000000	1.068788 
1958.000000	1.068819 
1956.000000	1.067971 
1954.000000	1.067516 
1952.000000	1.066261 
1950.000000	1.065245 
1948.000000	1.064314 
1946.000000	1.063773 
1944.000000	1.064660 
1942.000000	1.065153 
1940.000000	1.063751 
1938.000000	1.062947 
1936.000000	1.062397 
1934.000000	1.061518 
1932.000000	1.060972 
1930.000000	1.060008 
1928.000000	1.059742 
1926.000000	1.058874 
1924.000000	1.056801 
1922.000000	1.055992 
1920.000000	1.055032 
1918.000000	1.055369 
1916.000000	1.055596 
1914.000000	1.055318 
1912.000000	1.055511 
1910.000000	1.055443 
1908.000000	1.054591 
1906.000000	1.053568 
1904.000000	1.052036 
1902.000000	1.051032 
1900.000000	1.050415 
1898.000000	1.049617 
1896.000000	1.048745 
1894.000000	1.048752 
1892.000000	1.046996 
1890.000000	1.045309 
1888.000000	1.045054 
1886.000000	1.045475 
1884.000000	1.046069 
1882.000000	1.045694 
1880.000000	1.045806 
1878.000000	1.045558 
1876.000000	1.044302 
1874.000000	1.042545 
1872.000000	1.039852 
1870.000000	1.038334 
1868.000000	1.038674 
1866.000000	1.038683 
1864.000000	1.038654 
1862.000000	1.037586 
1860.000000	1.036821 
1858.000000	1.036106 
1856.000000	1.036279 
1854.000000	1.036022 
1852.000000	1.034489 
1850.000000	1.033048 
1848.000000	1.031590 
1846.000000	1.028692 
1844.000000	1.030184 
1842.000000	1.031942 
1840.000000	1.030320 
1838.000000	1.028729 
1836.000000	1.028672 
1834.000000	1.027753 
1832.000000	1.024742 
1830.000000	1.023869 
1828.000000	1.023774 
1826.000000	1.022652 
1824.000000	1.022727 
1822.000000	1.022752 
1820.000000	1.022737 
1818.000000	1.021728 
1816.000000	1.020640 
1814.000000	1.019304 
1812.000000	1.018150 
1810.000000	1.018330 
1808.000000	1.018149 
1806.000000	1.017778 
1804.000000	1.017315 
1802.000000	1.015636 
1800.000000	1.014459 
1798.000000	1.013786 
1796.000000	1.011288 
1794.000000	1.009061 
1792.000000	1.011435 
1790.000000	1.012268 
1788.000000	1.010372 
1786.000000	1.009454 
1784.000000	1.009669 
1782.000000	1.008573 
1780.000000	1.007934 
1778.000000	1.007118 
1776.000000	1.003235 
1774.000000	0.998452 
1772.000000	1.000059 
1770.000000	1.003103 
1768.000000	1.003968 
1766.000000	1.002164 
1764.000000	0.998779 
1762.000000	0.998651 
1760.000000	0.997529 
1758.000000	0.994241 
1756.000000	0.994571 
1754.000000	0.992227 
1752.000000	0.990405 
1750.000000	0.991524 
1748.000000	0.992665 
1746.000000	0.992058 
1744.000000	0.992340 
1742.000000	0.991737 
1740.000000	0.990708 
1738.000000	0.988291 
1736.000000	0.981590 
1734.000000	0.985145 
1732.000000	0.989261 
1730.000000	0.988887 
1728.000000	0.989727 
1726.000000	0.989130 
1724.000000	0.988315 
1722.000000	0.984950 
1720.000000	0.979976 
1718.000000	0.979689 
1716.000000	0.981439 
1714.000000	0.982260 
1712.000000	0.981965 
1710.000000	0.979051 
1708.000000	0.975131 
1706.000000	0.973720 
1704.000000	0.970668 
1702.000000	0.964147 
1700.000000	0.967049 
1698.000000	0.965567 
1696.000000	0.967716 
1694.000000	0.970835 
1692.000000	0.967251 
1690.000000	0.965208 
1688.000000	0.961044 
1686.000000	0.953647 
1684.000000	0.957843 
1682.000000	0.961544 
1680.000000	0.960159 
1678.000000	0.956956 
1676.000000	0.954262 
1674.000000	0.956421 
1672.000000	0.953099 
1670.000000	0.952483 
1668.000000	0.956312 
1666.000000	0.954016 
1664.000000	0.949870 
1662.000000	0.950956 
1660.000000	0.951525 
1658.000000	0.948010 
1656.000000	0.938617 
1654.000000	0.932938 
1652.000000	0.942398 
1650.000000	0.939508 
1648.000000	0.935225 
1646.000000	0.939496 
1644.000000	0.942129 
1642.000000	0.941383 
1640.000000	0.938657 
1638.000000	0.931865 
1636.000000	0.931352 
1634.000000	0.936992 
1632.000000	0.936581 
1630.000000	0.934220 
1628.000000	0.932834 
1626.000000	0.930137 
1624.000000	0.928635 
1622.000000	0.930358 
1620.000000	0.927416 
1618.000000	0.923584 
1616.000000	0.926878 
1614.000000	0.927495 
1612.000000	0.925989 
1610.000000	0.925254 
1608.000000	0.923838 
1606.000000	0.922426 
1604.000000	0.921157 
1602.000000	0.919405 
1600.000000	0.917412 
1598.000000	0.915768 
1596.000000	0.914466 
1594.000000	0.914047 
1592.000000	0.912616 
1590.000000	0.910682 
1588.000000	0.910527 
1586.000000	0.910200 
1584.000000	0.908605 
1582.000000	0.906328 
1580.000000	0.903468 
1578.000000	0.898791 
1576.000000	0.900529 
1574.000000	0.902105 
1572.000000	0.897559 
1570.000000	0.895326 
1568.000000	0.896563 
1566.000000	0.895023 
1564.000000	0.892423 
1562.000000	0.884969 
1560.000000	0.878354 
1558.000000	0.887596 
1556.000000	0.889797 
1554.000000	0.888595 
1552.000000	0.886346 
1550.000000	0.885395 
1548.000000	0.884175 
1546.000000	0.879627 
1544.000000	0.874398 
1542.000000	0.868346 
1540.000000	0.871319 
1538.000000	0.878506 
1536.000000	0.874738 
1534.000000	0.872303 
1532.000000	0.874965 
1530.000000	0.874194 
1528.000000	0.870748 
1526.000000	0.867919 
1524.000000	0.863363 
1522.000000	0.861024 
1520.000000	0.864162 
1518.000000	0.861996 
1516.000000	0.862883 
1514.000000	0.863241 
1512.000000	0.861245 
1510.000000	0.856254 
1508.000000	0.850376 
1506.000000	0.856933 
1504.000000	0.860399 
1502.000000	0.857225 
1500.000000	0.854374 
1498.000000	0.852316 
1496.000000	0.854639 
1494.000000	0.855235 
1492.000000	0.851227 
1490.000000	0.849632 
1488.000000	0.851406 
1486.000000	0.851283 
1484.000000	0.848878 
1482.000000	0.847039 
1480.000000	0.846170 
1478.000000	0.844127 
1476.000000	0.841985 
1474.000000	0.839620 
1472.000000	0.841862 
1470.000000	0.843446 
1468.000000	0.840294 
1466.000000	0.837955 
1464.000000	0.839708 
1462.000000	0.838286 
1460.000000	0.831894 
1458.000000	0.828446 
1456.000000	0.832774 
1454.000000	0.833468 
1452.000000	0.832538 
1450.000000	0.831262 
1448.000000	0.829661 
1446.000000	0.828433 
1444.000000	0.827073 
1442.000000	0.825597 
1440.000000	0.821329 
1438.000000	0.817314 
1436.000000	0.818763 
1434.000000	0.817441 
1432.000000	0.813875 
1430.000000	0.812063 
1428.000000	0.810748 
1426.000000	0.808612 
1424.000000	0.807161 
1422.000000	0.803593 
1420.000000	0.800222 
1418.000000	0.801013 
1416.000000	0.800687 
1414.000000	0.799290 
1412.000000	0.797650 
1410.000000	0.795852 
1408.000000	0.794087 
1406.000000	0.792006 
1404.000000	0.789784 
1402.000000	0.787070 
1400.000000	0.784967 
1398.000000	0.783467 
1396.000000	0.781077 
1394.000000	0.781042 
1392.000000	0.780965 
1390.000000	0.778559 
1388.000000	0.776456 
1386.000000	0.775408 
1384.000000	0.774140 
1382.000000	0.772053 
1380.000000	0.769611 
1378.000000	0.767796 
1376.000000	0.764552 
1374.000000	0.762103 
1372.000000	0.761455 
1370.000000	0.759590 
1368.000000	0.757471 
1366.000000	0.755452 
1364.000000	0.753064 
1362.000000	0.751595 
1360.000000	0.749946 
1358.000000	0.748226 
1356.000000	0.746311 
1354.000000	0.744576 
1352.000000	0.743041 
1350.000000	0.741791 
1348.000000	0.740152 
1346.000000	0.738042 
1344.000000	0.735492 
1342.000000	0.732173 
1340.000000	0.729579 
1338.000000	0.728070 
1336.000000	0.726303 
1334.000000	0.725449 
1332.000000	0.724722 
1330.000000	0.722692 
1328.000000	0.720111 
1326.000000	0.718192 
1324.000000	0.716238 
1322.000000	0.714245 
1320.000000	0.712395 
1318.000000	0.710424 
1316.000000	0.708760 
1314.000000	0.707123 
1312.000000	0.705462 
1310.000000	0.703378 
1308.000000	0.701848 
1306.000000	0.699942 
1304.000000	0.698024 
1302.000000	0.696924 
1300.000000	0.694985 
1298.000000	0.692180 
1296.000000	0.690075 
1294.000000	0.688123 
1292.000000	0.686542 
1290.000000	0.684830 
1288.000000	0.682460 
1286.000000	0.680561 
1284.000000	0.679068 
1282.000000	0.676895 
1280.000000	0.674682 
1278.000000	0.672901 
1276.000000	0.670705 
1274.000000	0.668470 
1272.000000	0.666531 
1270.000000	0.664436 
1268.000000	0.662547 
1266.000000	0.660766 
1264.000000	0.658920 
1262.000000	0.657248 
1260.000000	0.655323 
1258.000000	0.653047 
1256.000000	0.651041 
1254.000000	0.649672 
1252.000000	0.648096 
1250.000000	0.646390 
1248.000000	0.644009 
1246.000000	0.641738 
1244.000000	0.639979 
1242.000000	0.638784 
1240.000000	0.637609 
1238.000000	0.636537 
1236.000000	0.635225 
1234.000000	0.633530 
1232.000000	0.632048 
1230.000000	0.631420 
1228.000000	0.630959 
1226.000000	0.630553 
1224.000000	0.630343 
1222.000000	0.630265 
1220.000000	0.630025 
1218.000000	0.630238 
1216.000000	0.630897 
1214.000000	0.631347 
1212.000000	0.632734 
1210.000000	0.635150 
1208.000000	0.637377 
1206.000000	0.639874 
1204.000000	0.643402 
1202.000000	0.647595 
1200.000000	0.652671 
1198.000000	0.656979 
1196.000000	0.660475 
1194.000000	0.665284 
1192.000000	0.671764 
1190.000000	0.677882 
1188.000000	0.683896 
1186.000000	0.690046 
1184.000000	0.695698 
1182.000000	0.701737 
1180.000000	0.708776 
1178.000000	0.715913 
1176.000000	0.722984 
1174.000000	0.729271 
1172.000000	0.735662 
1170.000000	0.743301 
1168.000000	0.750185 
1166.000000	0.755670 
1164.000000	0.761189 
1162.000000	0.767500 
1160.000000	0.773466 
1158.000000	0.778591 
1156.000000	0.783333 
1154.000000	0.787470 
1152.000000	0.792333 
1150.000000	0.797341 
1148.000000	0.801630 
1146.000000	0.806828 
1144.000000	0.811227 
1142.000000	0.815637 
1140.000000	0.820289 
1138.000000	0.822599 
1136.000000	0.825209 
1134.000000	0.828940 
1132.000000	0.832364 
1130.000000	0.834837 
1128.000000	0.836854 
1126.000000	0.839854 
1124.000000	0.842347 
1122.000000	0.843255 
1120.000000	0.844796 
1118.000000	0.847068 
1116.000000	0.849888 
1114.000000	0.853231 
1112.000000	0.856980 
1110.000000	0.860531 
1108.000000	0.863310 
1106.000000	0.865710 
1104.000000	0.868669 
1102.000000	0.872618 
1100.000000	0.875791 
1098.000000	0.878513 
1096.000000	0.880648 
1094.000000	0.881951 
1092.000000	0.885750 
1090.000000	0.889526 
1088.000000	0.891628 
1086.000000	0.894360 
1084.000000	0.897555 
1082.000000	0.899865 
1080.000000	0.903937 
1078.000000	0.909367 
1076.000000	0.912675 
1074.000000	0.914322 
1072.000000	0.915891 
1070.000000	0.917770 
1068.000000	0.920284 
1066.000000	0.922323 
1064.000000	0.922833 
1062.000000	0.922132 
1060.000000	0.921895 
1058.000000	0.922804 
1056.000000	0.922835 
1054.000000	0.921589 
1052.000000	0.919645 
1050.000000	0.917720 
1048.000000	0.913740 
1046.000000	0.907731 
1044.000000	0.901758 
1042.000000	0.896805 
1040.000000	0.891775 
1038.000000	0.884176 
1036.000000	0.875849 
1034.000000	0.867988 
1032.000000	0.860534 
1030.000000	0.852731 
1028.000000	0.843508 
1026.000000	0.833283 
1024.000000	0.821478 
1022.000000	0.808177 
1020.000000	0.794628 
1018.000000	0.781223 
1016.000000	0.766887 
1014.000000	0.752055 
1012.000000	0.737200 
1010.000000	0.721558 
1008.000000	0.705886 
1006.000000	0.690673 
1004.000000	0.675662 
1002.000000	0.660227 
1000.000000	0.644798 
998.000000	 0.630724 
996.000000	 0.618550 
994.000000	 0.607770 
992.000000	 0.598499 
990.000000	 0.593039 
988.000000	 0.592388 
986.000000	 0.595290 
984.000000	 0.601260 
982.000000	 0.608411 
980.000000	 0.613724 
978.000000	 0.616165 
976.000000	 0.614639 
974.000000	 0.607086 
972.000000	 0.595138 
970.000000	 0.581003 
968.000000	 0.566712 
966.000000	 0.554159 
964.000000	 0.543421 
962.000000	 0.534694 
960.000000	 0.528378 
958.000000	 0.523586 
956.000000	 0.520699 
954.000000	 0.520176 
952.000000	 0.521695 
950.000000	 0.525664 
948.000000	 0.531716 
946.000000	 0.538629 
944.000000	 0.545759 
942.000000	 0.552850 
940.000000	 0.557822 
938.000000	 0.559877 
936.000000	 0.560010 
934.000000	 0.558104 
932.000000	 0.555392 
930.000000	 0.552225 
928.000000	 0.548556 
926.000000	 0.545297 
924.000000	 0.543567 
922.000000	 0.544441 
920.000000	 0.549245 
918.000000	 0.556753 
916.000000	 0.562714 
914.000000	 0.565923 
912.000000	 0.567731 
910.000000	 0.569442 
908.000000	 0.571874 
906.000000	 0.570848 
904.000000	 0.564738 
902.000000	 0.557247 
900.000000	 0.550014 
898.000000	 0.542731 
896.000000	 0.535386 
894.000000	 0.529776 
892.000000	 0.527694 
890.000000	 0.528977 
888.000000	 0.533586 
886.000000	 0.540366 
884.000000	 0.547882 
882.000000	 0.555983 
880.000000	 0.564759 
878.000000	 0.572329 
876.000000	 0.578827 
874.000000	 0.584209 
872.000000	 0.588004 
870.000000	 0.591956 
868.000000	 0.595120 
866.000000	 0.596811 
864.000000	 0.598322 
862.000000	 0.598465 
860.000000	 0.596892 
858.000000	 0.594758 
856.000000	 0.592317 
854.000000	 0.590157 
852.000000	 0.589115 
850.000000	 0.587828 
848.000000	 0.586701 
846.000000	 0.586165 
844.000000	 0.586065 
842.000000	 0.586661 
840.000000	 0.586508 
838.000000	 0.583926 
836.000000	 0.579521 
834.000000	 0.574113 
832.000000	 0.566522 
830.000000	 0.555846 
828.000000	 0.542180 
826.000000	 0.527507 
824.000000	 0.512804 
822.000000	 0.498386 
820.000000	 0.486063 
818.000000	 0.474105 
816.000000	 0.462592 
814.000000	 0.453890 
812.000000	 0.446849 
810.000000	 0.439772 
808.000000	 0.432915 
806.000000	 0.426657 
804.000000	 0.420475 
802.000000	 0.414028 
800.000000	 0.407126 
798.000000	 0.399953 
796.000000	 0.393101 
794.000000	 0.385850 
792.000000	 0.377556 
790.000000	 0.369382 
788.000000	 0.361740 
786.000000	 0.354400 
784.000000	 0.347166 
782.000000	 0.340216 
780.000000	 0.333604 
778.000000	 0.327397 
776.000000	 0.321571 
774.000000	 0.315472 
772.000000	 0.310420 
770.000000	 0.305906 
768.000000	 0.300625 
766.000000	 0.295889 
764.000000	 0.292261 
762.000000	 0.289324 
760.000000	 0.287474 
758.000000	 0.285754 
756.000000	 0.284073 
754.000000	 0.282724 
752.000000	 0.282463 
750.000000	 0.282470 
748.000000	 0.282375 
746.000000	 0.282896 
744.000000	 0.284029 
742.000000	 0.285644 
740.000000	 0.288169 
738.000000	 0.291191 
736.000000	 0.293859 
734.000000	 0.296701 
732.000000	 0.299832 
730.000000	 0.303233 
728.000000	 0.307278 
726.000000	 0.311689 
724.000000	 0.316422 
722.000000	 0.321230 
720.000000	 0.325756 
718.000000	 0.330068 
716.000000	 0.334354 
714.000000	 0.338678 
712.000000	 0.342957 
710.000000	 0.347159 
708.000000	 0.350722 
706.000000	 0.352922 
704.000000	 0.354394 
702.000000	 0.355374 
700.000000	 0.354223 
698.000000	 0.353730 
696.000000	 0.355091 
694.000000	 0.357467 
692.000000	 0.360665 
690.000000	 0.364393 
688.000000	 0.369478 
686.000000	 0.375995 
684.000000	 0.383031 
682.000000	 0.389413 
680.000000	 0.396097 
678.000000	 0.404140 
676.000000	 0.413092 
674.000000	 0.421388 
672.000000	 0.428155 
670.000000	 0.436190 
668.000000	 0.441419 
666.000000	 0.432835 
664.000000	 0.424416 
662.000000	 0.416864 
660.000000	 0.409830 
658.000000	 0.405658 
656.000000	 0.402119 
654.000000	 0.398673 
652.000000	 0.396751 
650.000000	 0.397449 
648.000000	 0.401224 
646.000000	 0.406064 
644.000000	 0.412254 
642.000000	 0.420071 
640.000000	 0.428274 
638.000000	 0.437165 
636.000000	 0.447440 
634.000000	 0.457874 
632.000000	 0.466822 
630.000000	 0.472613 
628.000000	 0.472252 
626.000000	 0.464218 
624.000000	 0.448707 
622.000000	 0.425342 
620.000000	 0.394488 
618.000000	 0.360205 
616.000000	 0.326516 
614.000000	 0.296176 
612.000000	 0.270301 
610.000000	 0.249526 
608.000000	 0.231716 
606.000000	 0.214626 
604.000000	 0.200121 
602.000000	 0.187686 
600.000000	 0.176775 
598.000000	 0.167221 
596.000000	 0.159203 
594.000000	 0.151758 
592.000000	 0.144861 
590.000000	 0.138906 
588.000000	 0.133835 
586.000000	 0.128734 
584.000000	 0.123531 
582.000000	 0.118330 
580.000000	 0.113724 
578.000000	 0.108768 
576.000000	 0.102971 
574.000000	 0.097510 
572.000000	 0.092756 
570.000000	 0.087630 
568.000000	 0.082778 
566.000000	 0.079303 
564.000000	 0.075844 
562.000000	 0.072121 
560.000000	 0.068924 
558.000000	 0.065432 
556.000000	 0.061852 
554.000000	 0.059421 
552.000000	 0.057894 
550.000000	 0.057086 
548.000000	 0.056272 
546.000000	 0.054162 
544.000000	 0.051453 
542.000000	 0.049008 
540.000000	 0.047097 
538.000000	 0.045734 
536.000000	 0.044793 
534.000000	 0.044615 
532.000000	 0.044007 
530.000000	 0.042672 
528.000000	 0.041309 
526.000000	 0.040594 
524.000000	 0.040708 
522.000000	 0.041085 
520.000000	 0.041184 
518.000000	 0.041524 
516.000000	 0.043159 
514.000000	 0.045823 
512.000000	 0.047487 
510.000000	 0.048540 
508.000000	 0.049318 
506.000000	 0.049080 
504.000000	 0.047850 
502.000000	 0.046707 
500.000000	 0.047165 
498.000000	 0.047562 
496.000000	 0.047800 
494.000000	 0.048595 
492.000000	 0.049391 
490.000000	 0.049962 
488.000000	 0.050749 
486.000000	 0.051206 
484.000000	 0.052261 
482.000000	 0.053769 
480.000000	 0.055047 
478.000000	 0.056714 
476.000000	 0.058211 
474.000000	 0.058452 
472.000000	 0.059817 
470.000000	 0.062299 
468.000000	 0.063303 
466.000000	 0.063025 
464.000000	 0.062762 
462.000000	 0.062710 
460.000000	 0.061824 
458.000000	 0.060720 
456.000000	 0.062275 
454.000000	 0.064021 
452.000000	 0.064505 
450.000000	 0.064193 

