4400.000000	1.303601 
4398.000000	1.303895 
4396.000000	1.305978 
4394.000000	1.311076 
4392.000000	1.314970 
4390.000000	1.316441 
4388.000000	1.314540 
4386.000000	1.307083 
4384.000000	1.302428 
4382.000000	1.305532 
4380.000000	1.312252 
4378.000000	1.316081 
4376.000000	1.313876 
4374.000000	1.311503 
4372.000000	1.304730 
4370.000000	1.302998 
4368.000000	1.306905 
4366.000000	1.312373 
4364.000000	1.314683 
4362.000000	1.314096 
4360.000000	1.310253 
4358.000000	1.302297 
4356.000000	1.301540 
4354.000000	1.304939 
4352.000000	1.306456 
4350.000000	1.308252 
4348.000000	1.310985 
4346.000000	1.310850 
4344.000000	1.307730 
4342.000000	1.299092 
4340.000000	1.299389 
4338.000000	1.306364 
4336.000000	1.313235 
4334.000000	1.315466 
4332.000000	1.312973 
4330.000000	1.307295 
4328.000000	1.301693 
4326.000000	1.301457 
4324.000000	1.307840 
4322.000000	1.315579 
4320.000000	1.316834 
4318.000000	1.310773 
4316.000000	1.306156 
4314.000000	1.303412 
4312.000000	1.307752 
4310.000000	1.310397 
4308.000000	1.310325 
4306.000000	1.306183 
4304.000000	1.300743 
4302.000000	1.296349 
4300.000000	1.297461 
4298.000000	1.298946 
4296.000000	1.302933 
4294.000000	1.309800 
4292.000000	1.313977 
4290.000000	1.314043 
4288.000000	1.308440 
4286.000000	1.305068 
4284.000000	1.303603 
4282.000000	1.302347 
4280.000000	1.305007 
4278.000000	1.312346 
4276.000000	1.314585 
4274.000000	1.311993 
4272.000000	1.308275 
4270.000000	1.302781 
4268.000000	1.300720 
4266.000000	1.306888 
4264.000000	1.312343 
4262.000000	1.311411 
4260.000000	1.307266 
4258.000000	1.302295 
4256.000000	1.297886 
4254.000000	1.298118 
4252.000000	1.303002 
4250.000000	1.309104 
4248.000000	1.312252 
4246.000000	1.308752 
4244.000000	1.298001 
4242.000000	1.294820 
4240.000000	1.296198 
4238.000000	1.303181 
4236.000000	1.311040 
4234.000000	1.313765 
4232.000000	1.307543 
4230.000000	1.298114 
4228.000000	1.295267 
4226.000000	1.300896 
4224.000000	1.305308 
4222.000000	1.307735 
4220.000000	1.307310 
4218.000000	1.305840 
4216.000000	1.305984 
4214.000000	1.303035 
4212.000000	1.298998 
4210.000000	1.300048 
4208.000000	1.303197 
4206.000000	1.303318 
4204.000000	1.304158 
4202.000000	1.305066 
4200.000000	1.300219 
4198.000000	1.295434 
4196.000000	1.298950 
4194.000000	1.305474 
4192.000000	1.310900 
4190.000000	1.311643 
4188.000000	1.307319 
4186.000000	1.301706 
4184.000000	1.301766 
4182.000000	1.304325 
4180.000000	1.308330 
4178.000000	1.310380 
4176.000000	1.308330 
4174.000000	1.306288 
4172.000000	1.304448 
4170.000000	1.298365 
4168.000000	1.295856 
4166.000000	1.299486 
4164.000000	1.303553 
4162.000000	1.303526 
4160.000000	1.300492 
4158.000000	1.295234 
4156.000000	1.291519 
4154.000000	1.294905 
4152.000000	1.302144 
4150.000000	1.306645 
4148.000000	1.308092 
4146.000000	1.303787 
4144.000000	1.298693 
4142.000000	1.294687 
4140.000000	1.298542 
4138.000000	1.303021 
4136.000000	1.301648 
4134.000000	1.300079 
4132.000000	1.300801 
4130.000000	1.298796 
4128.000000	1.294444 
4126.000000	1.292332 
4124.000000	1.294373 
4122.000000	1.301252 
4120.000000	1.307115 
4118.000000	1.303137 
4116.000000	1.297241 
4114.000000	1.293599 
4112.000000	1.290081 
4110.000000	1.290471 
4108.000000	1.295197 
4106.000000	1.302358 
4104.000000	1.306452 
4102.000000	1.298007 
4100.000000	1.289385 
4098.000000	1.289176 
4096.000000	1.296343 
4094.000000	1.303501 
4092.000000	1.302214 
4090.000000	1.300370 
4088.000000	1.297687 
4086.000000	1.293696 
4084.000000	1.291248 
4082.000000	1.295592 
4080.000000	1.300573 
4078.000000	1.301868 
4076.000000	1.298190 
4074.000000	1.293361 
4072.000000	1.291033 
4070.000000	1.289256 
4068.000000	1.289466 
4066.000000	1.294112 
4064.000000	1.297333 
4062.000000	1.298516 
4060.000000	1.296697 
4058.000000	1.295741 
4056.000000	1.293001 
4054.000000	1.289651 
4052.000000	1.293576 
4050.000000	1.297757 
4048.000000	1.296521 
4046.000000	1.295351 
4044.000000	1.292032 
4042.000000	1.289785 
4040.000000	1.290253 
4038.000000	1.294028 
4036.000000	1.297974 
4034.000000	1.301442 
4032.000000	1.297596 
4030.000000	1.290299 
4028.000000	1.285684 
4026.000000	1.289180 
4024.000000	1.294120 
4022.000000	1.295575 
4020.000000	1.297173 
4018.000000	1.297890 
4016.000000	1.294234 
4014.000000	1.288781 
4012.000000	1.288288 
4010.000000	1.291760 
4008.000000	1.294281 
4006.000000	1.294918 
4004.000000	1.298308 
4002.000000	1.297422 
4000.000000	1.291568 
3998.000000	1.288055 
3996.000000	1.286807 
3994.000000	1.290107 
3992.000000	1.296105 
3990.000000	1.299703 
3988.000000	1.297763 
3986.000000	1.292891 
3984.000000	1.288908 
3982.000000	1.287595 
3980.000000	1.294781 
3978.000000	1.300348 
3976.000000	1.302509 
3974.000000	1.298703 
3972.000000	1.289999 
3970.000000	1.285926 
3968.000000	1.290989 
3966.000000	1.294995 
3964.000000	1.300534 
3962.000000	1.298722 
3960.000000	1.293489 
3958.000000	1.287747 
3956.000000	1.282503 
3954.000000	1.284875 
3952.000000	1.290677 
3950.000000	1.293285 
3948.000000	1.294267 
3946.000000	1.293672 
3944.000000	1.291781 
3942.000000	1.288727 
3940.000000	1.287145 
3938.000000	1.289480 
3936.000000	1.292960 
3934.000000	1.296058 
3932.000000	1.293851 
3930.000000	1.289758 
3928.000000	1.285476 
3926.000000	1.283606 
3924.000000	1.289702 
3922.000000	1.294130 
3920.000000	1.294232 
3918.000000	1.295336 
3916.000000	1.295112 
3914.000000	1.289335 
3912.000000	1.287308 
3910.000000	1.288312 
3908.000000	1.286590 
3906.000000	1.294726 
3904.000000	1.299183 
3902.000000	1.291047 
3900.000000	1.286995 
3898.000000	1.284460 
3896.000000	1.281873 
3894.000000	1.286586 
3892.000000	1.295954 
3890.000000	1.291116 
3888.000000	1.279809 
3886.000000	1.281075 
3884.000000	1.277697 
3882.000000	1.281774 
3880.000000	1.293607 
3878.000000	1.293009 
3876.000000	1.292812 
3874.000000	1.286204 
3872.000000	1.277028 
3870.000000	1.284219 
3868.000000	1.279754 
3866.000000	1.287250 
3864.000000	1.294883 
3862.000000	1.293226 
3860.000000	1.289087 
3858.000000	1.277864 
3856.000000	1.269710 
3854.000000	1.288578 
3852.000000	1.292923 
3850.000000	1.284887 
3848.000000	1.284983 
3846.000000	1.285378 
3844.000000	1.282036 
3842.000000	1.274853 
3840.000000	1.274886 
3838.000000	1.285534 
3836.000000	1.292517 
3834.000000	1.292560 
3832.000000	1.291564 
3830.000000	1.281940 
3828.000000	1.275880 
3826.000000	1.274793 
3824.000000	1.273220 
3822.000000	1.291872 
3820.000000	1.293013 
3818.000000	1.281384 
3816.000000	1.285792 
3814.000000	1.277701 
3812.000000	1.275335 
3810.000000	1.271553 
3808.000000	1.282742 
3806.000000	1.289821 
3804.000000	1.280390 
3802.000000	1.286823 
3800.000000	1.284144 
3798.000000	1.276668 
3796.000000	1.281271 
3794.000000	1.284476 
3792.000000	1.287954 
3790.000000	1.288720 
3788.000000	1.285200 
3786.000000	1.282541 
3784.000000	1.281236 
3782.000000	1.278227 
3780.000000	1.282565 
3778.000000	1.287549 
3776.000000	1.287151 
3774.000000	1.281524 
3772.000000	1.281164 
3770.000000	1.284098 
3768.000000	1.278266 
3766.000000	1.280003 
3764.000000	1.282791 
3762.000000	1.282387 
3760.000000	1.283932 
3758.000000	1.279967 
3756.000000	1.270630 
3754.000000	1.265728 
3752.000000	1.274052 
3750.000000	1.285081 
3748.000000	1.278797 
3746.000000	1.276216 
3744.000000	1.285109 
3742.000000	1.271457 
3740.000000	1.267388 
3738.000000	1.275337 
3736.000000	1.288894 
3734.000000	1.292010 
3732.000000	1.287422 
3730.000000	1.277944 
3728.000000	1.274800 
3726.000000	1.278504 
3724.000000	1.282266 
3722.000000	1.285538 
3720.000000	1.289230 
3718.000000	1.290425 
3716.000000	1.283622 
3714.000000	1.279873 
3712.000000	1.282188 
3710.000000	1.288202 
3708.000000	1.291096 
3706.000000	1.290186 
3704.000000	1.288390 
3702.000000	1.288169 
3700.000000	1.280488 
3698.000000	1.278929 
3696.000000	1.283648 
3694.000000	1.287460 
3692.000000	1.291939 
3690.000000	1.298363 
3688.000000	1.300987 
3686.000000	1.293127 
3684.000000	1.289662 
3682.000000	1.290033 
3680.000000	1.291588 
3678.000000	1.291092 
3676.000000	1.305488 
3674.000000	1.297792 
3672.000000	1.286664 
3670.000000	1.295774 
3668.000000	1.293149 
3666.000000	1.293340 
3664.000000	1.300753 
3662.000000	1.303893 
3660.000000	1.298145 
3658.000000	1.293533 
3656.000000	1.294204 
3654.000000	1.281917 
3652.000000	1.285614 
3650.000000	1.300515 
3648.000000	1.304385 
3646.000000	1.297625 
3644.000000	1.290607 
3642.000000	1.291066 
3640.000000	1.294726 
3638.000000	1.295692 
3636.000000	1.301248 
3634.000000	1.300443 
3632.000000	1.286228 
3630.000000	1.284869 
3628.000000	1.295913 
3626.000000	1.293729 
3624.000000	1.290518 
3622.000000	1.291058 
3620.000000	1.302175 
3618.000000	1.305463 
3616.000000	1.295721 
3614.000000	1.289676 
3612.000000	1.287033 
3610.000000	1.288385 
3608.000000	1.297266 
3606.000000	1.300480 
3604.000000	1.296081 
3602.000000	1.293230 
3600.000000	1.291625 
3598.000000	1.289319 
3596.000000	1.291850 
3594.000000	1.296814 
3592.000000	1.297787 
3590.000000	1.295749 
3588.000000	1.298664 
3586.000000	1.296110 
3584.000000	1.288819 
3582.000000	1.289684 
3580.000000	1.293049 
3578.000000	1.295854 
3576.000000	1.298137 
3574.000000	1.296234 
3572.000000	1.289514 
3570.000000	1.284568 
3568.000000	1.287747 
3566.000000	1.293505 
3564.000000	1.299717 
3562.000000	1.301851 
3560.000000	1.294879 
3558.000000	1.288867 
3556.000000	1.286951 
3554.000000	1.287270 
3552.000000	1.288320 
3550.000000	1.291730 
3548.000000	1.295428 
3546.000000	1.296521 
3544.000000	1.294854 
3542.000000	1.291301 
3540.000000	1.287551 
3538.000000	1.288262 
3536.000000	1.294120 
3534.000000	1.299026 
3532.000000	1.296761 
3530.000000	1.292860 
3528.000000	1.288413 
3526.000000	1.283636 
3524.000000	1.287490 
3522.000000	1.294273 
3520.000000	1.294399 
3518.000000	1.291430 
3516.000000	1.287354 
3514.000000	1.286242 
3512.000000	1.287657 
3510.000000	1.290059 
3508.000000	1.292353 
3506.000000	1.295320 
3504.000000	1.295318 
3502.000000	1.290279 
3500.000000	1.285318 
3498.000000	1.286682 
3496.000000	1.289254 
3494.000000	1.291772 
3492.000000	1.293350 
3490.000000	1.292667 
3488.000000	1.291173 
3486.000000	1.285968 
3484.000000	1.283258 
3482.000000	1.285898 
3480.000000	1.292077 
3478.000000	1.294069 
3476.000000	1.293747 
3474.000000	1.289327 
3472.000000	1.286612 
3470.000000	1.287161 
3468.000000	1.288819 
3466.000000	1.291894 
3464.000000	1.294510 
3462.000000	1.296058 
3460.000000	1.295253 
3458.000000	1.289413 
3456.000000	1.284430 
3454.000000	1.283348 
3452.000000	1.286380 
3450.000000	1.291525 
3448.000000	1.294197 
3446.000000	1.291029 
3444.000000	1.287567 
3442.000000	1.285180 
3440.000000	1.284391 
3438.000000	1.283968 
3436.000000	1.289091 
3434.000000	1.290750 
3432.000000	1.290501 
3430.000000	1.286422 
3428.000000	1.283501 
3426.000000	1.281673 
3424.000000	1.282843 
3422.000000	1.287729 
3420.000000	1.290548 
3418.000000	1.287535 
3416.000000	1.283284 
3414.000000	1.281873 
3412.000000	1.281871 
3410.000000	1.283622 
3408.000000	1.286674 
3406.000000	1.288437 
3404.000000	1.286692 
3402.000000	1.283608 
3400.000000	1.280793 
3398.000000	1.281016 
3396.000000	1.280761 
3394.000000	1.280115 
3392.000000	1.283302 
3390.000000	1.286378 
3388.000000	1.284849 
3386.000000	1.279957 
3384.000000	1.277605 
3382.000000	1.277864 
3380.000000	1.282059 
3378.000000	1.288807 
3376.000000	1.286194 
3374.000000	1.282426 
3372.000000	1.280307 
3370.000000	1.279266 
3368.000000	1.277060 
3366.000000	1.278939 
3364.000000	1.280654 
3362.000000	1.283014 
3360.000000	1.281625 
3358.000000	1.277132 
3356.000000	1.272605 
3354.000000	1.271995 
3352.000000	1.276713 
3350.000000	1.281467 
3348.000000	1.282049 
3346.000000	1.281416 
3344.000000	1.281176 
3342.000000	1.276973 
3340.000000	1.274368 
3338.000000	1.276345 
3336.000000	1.279815 
3334.000000	1.282668 
3332.000000	1.280996 
3330.000000	1.275796 
3328.000000	1.273121 
3326.000000	1.271207 
3324.000000	1.271327 
3322.000000	1.273636 
3320.000000	1.275837 
3318.000000	1.277073 
3316.000000	1.274693 
3314.000000	1.269839 
3312.000000	1.265694 
3310.000000	1.266934 
3308.000000	1.274506 
3306.000000	1.279360 
3304.000000	1.279707 
3302.000000	1.276243 
3300.000000	1.271592 
3298.000000	1.269519 
3296.000000	1.273520 
3294.000000	1.274865 
3292.000000	1.275462 
3290.000000	1.276917 
3288.000000	1.276300 
3286.000000	1.271458 
3284.000000	1.269224 
3282.000000	1.267952 
3280.000000	1.268229 
3278.000000	1.271234 
3276.000000	1.273465 
3274.000000	1.271234 
3272.000000	1.269084 
3270.000000	1.265400 
3268.000000	1.263400 
3266.000000	1.264276 
3264.000000	1.268307 
3262.000000	1.272082 
3260.000000	1.272452 
3258.000000	1.267567 
3256.000000	1.263487 
3254.000000	1.266535 
3252.000000	1.270523 
3250.000000	1.271962 
3248.000000	1.272892 
3246.000000	1.271058 
3244.000000	1.266663 
3242.000000	1.263761 
3240.000000	1.262590 
3238.000000	1.263888 
3236.000000	1.267831 
3234.000000	1.270024 
3232.000000	1.268547 
3230.000000	1.263747 
3228.000000	1.260107 
3226.000000	1.257606 
3224.000000	1.257100 
3222.000000	1.262505 
3220.000000	1.268941 
3218.000000	1.269681 
3216.000000	1.264638 
3214.000000	1.259852 
3212.000000	1.256672 
3210.000000	1.257149 
3208.000000	1.261205 
3206.000000	1.267509 
3204.000000	1.266080 
3202.000000	1.262239 
3200.000000	1.259203 
3198.000000	1.255971 
3196.000000	1.255512 
3194.000000	1.259896 
3192.000000	1.262184 
3190.000000	1.261358 
3188.000000	1.258701 
3186.000000	1.256537 
3184.000000	1.257321 
3182.000000	1.259589 
3180.000000	1.257859 
3178.000000	1.258876 
3176.000000	1.262770 
3174.000000	1.263068 
3172.000000	1.258675 
3170.000000	1.253947 
3168.000000	1.252873 
3166.000000	1.257624 
3164.000000	1.260263 
3162.000000	1.263309 
3160.000000	1.260239 
3158.000000	1.255138 
3156.000000	1.251254 
3154.000000	1.250190 
3152.000000	1.254092 
3150.000000	1.257250 
3148.000000	1.258356 
3146.000000	1.256571 
3144.000000	1.253191 
3142.000000	1.249818 
3140.000000	1.248655 
3138.000000	1.249149 
3136.000000	1.251282 
3134.000000	1.253804 
3132.000000	1.255620 
3130.000000	1.252537 
3128.000000	1.246633 
3126.000000	1.245202 
3124.000000	1.251278 
3122.000000	1.256715 
3120.000000	1.256201 
3118.000000	1.253537 
3116.000000	1.248948 
3114.000000	1.245171 
3112.000000	1.244698 
3110.000000	1.245832 
3108.000000	1.250013 
3106.000000	1.252250 
3104.000000	1.252339 
3102.000000	1.247474 
3100.000000	1.245256 
3098.000000	1.242479 
3096.000000	1.243011 
3094.000000	1.247688 
3092.000000	1.250348 
3090.000000	1.248790 
3088.000000	1.246467 
3086.000000	1.244519 
3084.000000	1.243355 
3082.000000	1.242392 
3080.000000	1.244461 
3078.000000	1.249331 
3076.000000	1.250689 
3074.000000	1.247531 
3072.000000	1.242115 
3070.000000	1.240424 
3068.000000	1.242736 
3066.000000	1.244916 
3064.000000	1.246480 
3062.000000	1.249467 
3060.000000	1.248462 
3058.000000	1.243758 
3056.000000	1.242267 
3054.000000	1.241200 
3052.000000	1.242580 
3050.000000	1.245703 
3048.000000	1.245945 
3046.000000	1.244963 
3044.000000	1.242575 
3042.000000	1.240774 
3040.000000	1.237778 
3038.000000	1.238677 
3036.000000	1.241931 
3034.000000	1.245375 
3032.000000	1.243479 
3030.000000	1.240387 
3028.000000	1.235965 
3026.000000	1.235778 
3024.000000	1.237087 
3022.000000	1.240036 
3020.000000	1.243916 
3018.000000	1.245568 
3016.000000	1.242510 
3014.000000	1.235895 
3012.000000	1.233576 
3010.000000	1.236750 
3008.000000	1.239629 
3006.000000	1.241584 
3004.000000	1.242159 
3002.000000	1.240226 
3000.000000	1.235731 
2998.000000	1.234349 
2996.000000	1.235010 
2994.000000	1.236634 
2992.000000	1.241167 
2990.000000	1.244899 
2988.000000	1.242417 
2986.000000	1.236907 
2984.000000	1.233281 
2982.000000	1.234756 
2980.000000	1.240232 
2978.000000	1.244228 
2976.000000	1.242338 
2974.000000	1.240635 
2972.000000	1.239584 
2970.000000	1.238012 
2968.000000	1.239363 
2966.000000	1.241023 
2964.000000	1.244505 
2962.000000	1.245231 
2960.000000	1.242774 
2958.000000	1.240934 
2956.000000	1.237125 
2954.000000	1.233774 
2952.000000	1.235434 
2950.000000	1.238444 
2948.000000	1.241456 
2946.000000	1.240266 
2944.000000	1.239175 
2942.000000	1.234562 
2940.000000	1.231824 
2938.000000	1.234347 
2936.000000	1.241360 
2934.000000	1.246438 
2932.000000	1.245555 
2930.000000	1.241627 
2928.000000	1.239732 
2926.000000	1.240597 
2924.000000	1.242975 
2922.000000	1.246179 
2920.000000	1.246215 
2918.000000	1.242349 
2916.000000	1.239771 
2914.000000	1.236982 
2912.000000	1.233170 
2910.000000	1.232419 
2908.000000	1.236116 
2906.000000	1.238541 
2904.000000	1.239388 
2902.000000	1.233506 
2900.000000	1.225622 
2898.000000	1.222632 
2896.000000	1.224951 
2894.000000	1.229435 
2892.000000	1.234282 
2890.000000	1.237012 
2888.000000	1.232973 
2886.000000	1.227985 
2884.000000	1.226148 
2882.000000	1.226010 
2880.000000	1.226113 
2878.000000	1.231110 
2876.000000	1.232008 
2874.000000	1.231256 
2872.000000	1.227777 
2870.000000	1.223620 
2868.000000	1.220813 
2866.000000	1.222272 
2864.000000	1.227892 
2862.000000	1.230228 
2860.000000	1.228888 
2858.000000	1.226701 
2856.000000	1.225488 
2854.000000	1.222638 
2852.000000	1.222920 
2850.000000	1.229156 
2848.000000	1.231043 
2846.000000	1.229535 
2844.000000	1.222139 
2842.000000	1.215583 
2840.000000	1.215743 
2838.000000	1.218924 
2836.000000	1.219821 
2834.000000	1.222262 
2832.000000	1.220043 
2830.000000	1.218039 
2828.000000	1.214292 
2826.000000	1.213540 
2824.000000	1.214547 
2822.000000	1.216830 
2820.000000	1.219315 
2818.000000	1.218256 
2816.000000	1.215578 
2814.000000	1.211909 
2812.000000	1.211020 
2810.000000	1.212225 
2808.000000	1.214092 
2806.000000	1.217376 
2804.000000	1.219063 
2802.000000	1.215156 
2800.000000	1.211508 
2798.000000	1.209261 
2796.000000	1.210369 
2794.000000	1.214148 
2792.000000	1.217946 
2790.000000	1.218591 
2788.000000	1.213992 
2786.000000	1.209375 
2784.000000	1.207839 
2782.000000	1.209516 
2780.000000	1.210962 
2778.000000	1.212760 
2776.000000	1.214199 
2774.000000	1.212434 
2772.000000	1.211977 
2770.000000	1.207538 
2768.000000	1.205609 
2766.000000	1.207980 
2764.000000	1.214084 
2762.000000	1.215857 
2760.000000	1.211062 
2758.000000	1.203660 
2756.000000	1.200709 
2754.000000	1.202286 
2752.000000	1.206649 
2750.000000	1.211058 
2748.000000	1.212924 
2746.000000	1.210063 
2744.000000	1.206459 
2742.000000	1.203761 
2740.000000	1.202327 
2738.000000	1.204928 
2736.000000	1.207573 
2734.000000	1.210288 
2732.000000	1.209907 
2730.000000	1.205837 
2728.000000	1.201913 
2726.000000	1.200597 
2724.000000	1.204145 
2722.000000	1.206755 
2720.000000	1.205115 
2718.000000	1.204554 
2716.000000	1.203978 
2714.000000	1.202006 
2712.000000	1.198084 
2710.000000	1.198269 
2708.000000	1.203353 
2706.000000	1.206616 
2704.000000	1.203455 
2702.000000	1.200251 
2700.000000	1.198575 
2698.000000	1.197220 
2696.000000	1.196397 
2694.000000	1.199449 
2692.000000	1.200497 
2690.000000	1.200300 
2688.000000	1.198933 
2686.000000	1.196036 
2684.000000	1.192879 
2682.000000	1.194935 
2680.000000	1.198240 
2678.000000	1.199311 
2676.000000	1.198805 
2674.000000	1.198276 
2672.000000	1.195393 
2670.000000	1.193730 
2668.000000	1.195351 
2666.000000	1.195076 
2664.000000	1.195888 
2662.000000	1.198328 
2660.000000	1.197928 
2658.000000	1.194480 
2656.000000	1.191524 
2654.000000	1.190314 
2652.000000	1.191957 
2650.000000	1.196091 
2648.000000	1.197092 
2646.000000	1.194601 
2644.000000	1.190621 
2642.000000	1.187329 
2640.000000	1.185939 
2638.000000	1.188986 
2636.000000	1.191677 
2634.000000	1.192908 
2632.000000	1.194018 
2630.000000	1.192046 
2628.000000	1.187575 
2626.000000	1.185523 
2624.000000	1.188160 
2622.000000	1.189691 
2620.000000	1.192419 
2618.000000	1.193032 
2616.000000	1.189602 
2614.000000	1.183433 
2612.000000	1.183737 
2610.000000	1.186777 
2608.000000	1.190852 
2606.000000	1.191814 
2604.000000	1.189945 
2602.000000	1.187347 
2600.000000	1.184372 
2598.000000	1.180923 
2596.000000	1.180324 
2594.000000	1.183119 
2592.000000	1.185233 
2590.000000	1.184813 
2588.000000	1.184364 
2586.000000	1.182630 
2584.000000	1.181225 
2582.000000	1.184113 
2580.000000	1.187339 
2578.000000	1.186785 
2576.000000	1.185486 
2574.000000	1.185206 
2572.000000	1.184072 
2570.000000	1.181125 
2568.000000	1.180823 
2566.000000	1.181569 
2564.000000	1.184634 
2562.000000	1.187452 
2560.000000	1.186481 
2558.000000	1.181401 
2556.000000	1.178325 
2554.000000	1.179591 
2552.000000	1.181541 
2550.000000	1.184553 
2548.000000	1.184623 
2546.000000	1.182014 
2544.000000	1.177600 
2542.000000	1.174853 
2540.000000	1.175035 
2538.000000	1.178631 
2536.000000	1.182281 
2534.000000	1.182163 
2532.000000	1.178662 
2530.000000	1.175113 
2528.000000	1.173179 
2526.000000	1.174585 
2524.000000	1.178230 
2522.000000	1.179441 
2520.000000	1.178253 
2518.000000	1.177569 
2516.000000	1.175071 
2514.000000	1.172789 
2512.000000	1.172885 
2510.000000	1.173413 
2508.000000	1.175635 
2506.000000	1.179022 
2504.000000	1.175042 
2502.000000	1.172704 
2500.000000	1.170769 
2498.000000	1.170953 
2496.000000	1.170583 
2494.000000	1.173458 
2492.000000	1.177105 
2490.000000	1.175831 
2488.000000	1.173230 
2486.000000	1.170396 
2484.000000	1.169357 
2482.000000	1.169577 
2480.000000	1.172524 
2478.000000	1.176057 
2476.000000	1.174788 
2474.000000	1.169869 
2472.000000	1.168035 
2470.000000	1.166365 
2468.000000	1.166173 
2466.000000	1.169048 
2464.000000	1.172840 
2462.000000	1.175482 
2460.000000	1.173952 
2458.000000	1.169744 
2456.000000	1.166475 
2454.000000	1.166784 
2452.000000	1.169856 
2450.000000	1.172210 
2448.000000	1.171979 
2446.000000	1.168694 
2444.000000	1.165912 
2442.000000	1.164150 
2440.000000	1.164042 
2438.000000	1.164282 
2436.000000	1.166612 
2434.000000	1.168848 
2432.000000	1.167819 
2430.000000	1.163188 
2428.000000	1.161694 
2426.000000	1.162050 
2424.000000	1.164283 
2422.000000	1.165673 
2420.000000	1.166991 
2418.000000	1.166980 
2416.000000	1.165159 
2414.000000	1.161697 
2412.000000	1.160957 
2410.000000	1.163477 
2408.000000	1.166541 
2406.000000	1.168782 
2404.000000	1.167625 
2402.000000	1.163207 
2400.000000	1.159996 
2398.000000	1.158263 
2396.000000	1.160142 
2394.000000	1.163589 
2392.000000	1.165365 
2390.000000	1.165041 
2388.000000	1.160873 
2386.000000	1.155430 
2384.000000	1.152155 
2382.000000	1.153109 
2380.000000	1.152705 
2378.000000	1.149875 
2376.000000	1.147325 
2374.000000	1.141529 
2372.000000	1.132206 
2370.000000	1.126208 
2368.000000	1.122614 
2366.000000	1.125289 
2364.000000	1.127844 
2362.000000	1.128592 
2360.000000	1.128070 
2358.000000	1.126102 
2356.000000	1.123057 
2354.000000	1.132275 
2352.000000	1.142102 
2350.000000	1.145694 
2348.000000	1.141716 
2346.000000	1.135777 
2344.000000	1.124948 
2342.000000	1.121051 
2340.000000	1.122760 
2338.000000	1.129589 
2336.000000	1.140733 
2334.000000	1.146383 
2332.000000	1.140491 
2330.000000	1.132168 
2328.000000	1.130784 
2326.000000	1.131862 
2324.000000	1.134987 
2322.000000	1.141538 
2320.000000	1.145643 
2318.000000	1.144645 
2316.000000	1.141965 
2314.000000	1.142372 
2312.000000	1.143467 
2310.000000	1.147536 
2308.000000	1.152141 
2306.000000	1.154976 
2304.000000	1.156048 
2302.000000	1.153418 
2300.000000	1.149847 
2298.000000	1.152258 
2296.000000	1.155744 
2294.000000	1.156873 
2292.000000	1.159623 
2290.000000	1.161549 
2288.000000	1.162907 
2286.000000	1.159775 
2284.000000	1.158719 
2282.000000	1.160273 
2280.000000	1.166188 
2278.000000	1.167761 
2276.000000	1.168737 
2274.000000	1.170973 
2272.000000	1.171730 
2270.000000	1.170145 
2268.000000	1.172096 
2266.000000	1.177083 
2264.000000	1.183264 
2262.000000	1.186257 
2260.000000	1.185428 
2258.000000	1.181986 
2256.000000	1.180266 
2254.000000	1.184274 
2252.000000	1.191509 
2250.000000	1.197006 
2248.000000	1.195895 
2246.000000	1.192116 
2244.000000	1.190264 
2242.000000	1.187433 
2240.000000	1.189153 
2238.000000	1.190799 
2236.000000	1.189670 
2234.000000	1.188096 
2232.000000	1.186546 
2230.000000	1.183481 
2228.000000	1.182051 
2226.000000	1.181315 
2224.000000	1.181476 
2222.000000	1.185782 
2220.000000	1.188574 
2218.000000	1.185269 
2216.000000	1.179180 
2214.000000	1.177769 
2212.000000	1.178898 
2210.000000	1.184062 
2208.000000	1.187548 
2206.000000	1.189402 
2204.000000	1.189920 
2202.000000	1.187997 
2200.000000	1.186653 
2198.000000	1.186331 
2196.000000	1.187197 
2194.000000	1.189564 
2192.000000	1.191852 
2190.000000	1.192886 
2188.000000	1.190569 
2186.000000	1.185090 
2184.000000	1.181511 
2182.000000	1.183201 
2180.000000	1.184168 
2178.000000	1.183776 
2176.000000	1.185245 
2174.000000	1.183351 
2172.000000	1.175983 
2170.000000	1.174172 
2168.000000	1.175451 
2166.000000	1.177663 
2164.000000	1.180352 
2162.000000	1.183223 
2160.000000	1.182391 
2158.000000	1.181661 
2156.000000	1.182181 
2154.000000	1.184817 
2152.000000	1.191000 
2150.000000	1.197926 
2148.000000	1.203531 
2146.000000	1.206989 
2144.000000	1.207071 
2142.000000	1.204813 
2140.000000	1.204782 
2138.000000	1.206647 
2136.000000	1.207718 
2134.000000	1.206687 
2132.000000	1.206076 
2130.000000	1.204604 
2128.000000	1.205718 
2126.000000	1.208335 
2124.000000	1.215554 
2122.000000	1.223485 
2120.000000	1.229670 
2118.000000	1.237180 
2116.000000	1.241178 
2114.000000	1.238634 
2112.000000	1.236523 
2110.000000	1.234998 
2108.000000	1.234756 
2106.000000	1.233136 
2104.000000	1.224702 
2102.000000	1.211709 
2100.000000	1.204702 
2098.000000	1.201826 
2096.000000	1.203111 
2094.000000	1.210878 
2092.000000	1.219301 
2090.000000	1.221499 
2088.000000	1.218879 
2086.000000	1.211001 
2084.000000	1.204841 
2082.000000	1.200648 
2080.000000	1.199945 
2078.000000	1.196807 
2076.000000	1.188360 
2074.000000	1.176722 
2072.000000	1.164760 
2070.000000	1.153138 
2068.000000	1.142375 
2066.000000	1.131801 
2064.000000	1.122704 
2062.000000	1.117228 
2060.000000	1.113105 
2058.000000	1.106633 
2056.000000	1.099856 
2054.000000	1.097464 
2052.000000	1.099217 
2050.000000	1.099910 
2048.000000	1.098489 
2046.000000	1.095956 
2044.000000	1.092272 
2042.000000	1.088925 
2040.000000	1.087887 
2038.000000	1.089261 
2036.000000	1.091193 
2034.000000	1.091006 
2032.000000	1.088330 
2030.000000	1.085949 
2028.000000	1.083389 
2026.000000	1.082690 
2024.000000	1.084455 
2022.000000	1.088044 
2020.000000	1.087920 
2018.000000	1.087737 
2016.000000	1.083930 
2014.000000	1.079845 
2012.000000	1.078575 
2010.000000	1.080789 
2008.000000	1.082074 
2006.000000	1.082420 
2004.000000	1.080184 
2002.000000	1.077428 
2000.000000	1.075624 
1998.000000	1.073495 
1996.000000	1.074253 
1994.000000	1.077587 
1992.000000	1.081076 
1990.000000	1.079306 
1988.000000	1.073808 
1986.000000	1.070741 
1984.000000	1.071087 
1982.000000	1.072140 
1980.000000	1.073098 
1978.000000	1.073519 
1976.000000	1.072065 
1974.000000	1.071120 
1972.000000	1.069603 
1970.000000	1.067374 
1968.000000	1.065537 
1966.000000	1.067781 
1964.000000	1.069368 
1962.000000	1.069837 
1960.000000	1.068555 
1958.000000	1.064137 
1956.000000	1.061650 
1954.000000	1.061438 
1952.000000	1.063480 
1950.000000	1.066288 
1948.000000	1.068226 
1946.000000	1.064802 
1944.000000	1.061024 
1942.000000	1.059314 
1940.000000	1.058962 
1938.000000	1.059506 
1936.000000	1.062210 
1934.000000	1.062656 
1932.000000	1.060828 
1930.000000	1.057975 
1928.000000	1.055382 
1926.000000	1.054568 
1924.000000	1.057244 
1922.000000	1.059260 
1920.000000	1.057823 
1918.000000	1.057120 
1916.000000	1.055576 
1914.000000	1.051977 
1912.000000	1.049193 
1910.000000	1.050576 
1908.000000	1.053208 
1906.000000	1.054347 
1904.000000	1.055173 
1902.000000	1.053102 
1900.000000	1.049729 
1898.000000	1.046527 
1896.000000	1.047665 
1894.000000	1.049527 
1892.000000	1.048861 
1890.000000	1.048613 
1888.000000	1.047063 
1886.000000	1.044594 
1884.000000	1.043177 
1882.000000	1.042439 
1880.000000	1.043661 
1878.000000	1.046076 
1876.000000	1.044759 
1874.000000	1.041324 
1872.000000	1.038017 
1870.000000	1.037262 
1868.000000	1.037774 
1866.000000	1.037815 
1864.000000	1.038222 
1862.000000	1.038973 
1860.000000	1.037738 
1858.000000	1.035136 
1856.000000	1.032350 
1854.000000	1.031677 
1852.000000	1.033835 
1850.000000	1.036006 
1848.000000	1.035271 
1846.000000	1.032086 
1844.000000	1.030624 
1842.000000	1.028190 
1840.000000	1.026648 
1838.000000	1.028633 
1836.000000	1.028729 
1834.000000	1.028599 
1832.000000	1.027030 
1830.000000	1.025606 
1828.000000	1.022318 
1826.000000	1.021327 
1824.000000	1.023398 
1822.000000	1.024704 
1820.000000	1.025599 
1818.000000	1.024771 
1816.000000	1.020808 
1814.000000	1.017373 
1812.000000	1.016420 
1810.000000	1.018310 
1808.000000	1.019851 
1806.000000	1.019786 
1804.000000	1.018194 
1802.000000	1.015457 
1800.000000	1.014319 
1798.000000	1.012513 
1796.000000	1.012021 
1794.000000	1.012804 
1792.000000	1.015544 
1790.000000	1.013633 
1788.000000	1.008931 
1786.000000	1.005695 
1784.000000	1.005903 
1782.000000	1.006158 
1780.000000	1.007550 
1778.000000	1.007911 
1776.000000	1.006737 
1774.000000	1.004134 
1772.000000	1.003111 
1770.000000	1.000610 
1768.000000	1.000038 
1766.000000	1.001143 
1764.000000	1.001364 
1762.000000	1.002484 
1760.000000	0.998914 
1758.000000	0.994687 
1756.000000	0.994859 
1754.000000	0.991689 
1752.000000	0.993506 
1750.000000	0.996669 
1748.000000	0.997687 
1746.000000	0.995324 
1744.000000	0.992995 
1742.000000	0.989193 
1740.000000	0.989024 
1738.000000	0.989367 
1736.000000	0.988802 
1734.000000	0.995537 
1732.000000	0.992989 
1730.000000	0.987700 
1728.000000	0.984510 
1726.000000	0.983302 
1724.000000	0.984552 
1722.000000	0.984513 
1720.000000	0.984013 
1718.000000	0.987872 
1716.000000	0.985639 
1714.000000	0.980113 
1712.000000	0.977823 
1710.000000	0.976611 
1708.000000	0.977368 
1706.000000	0.979892 
1704.000000	0.976295 
1702.000000	0.970575 
1700.000000	0.972774 
1698.000000	0.969031 
1696.000000	0.972699 
1694.000000	0.974766 
1692.000000	0.969566 
1690.000000	0.967322 
1688.000000	0.963215 
1686.000000	0.958263 
1684.000000	0.961876 
1682.000000	0.963461 
1680.000000	0.960681 
1678.000000	0.960176 
1676.000000	0.960669 
1674.000000	0.959626 
1672.000000	0.952599 
1670.000000	0.951991 
1668.000000	0.954641 
1666.000000	0.952295 
1664.000000	0.951907 
1662.000000	0.955240 
1660.000000	0.953061 
1658.000000	0.945997 
1656.000000	0.936510 
1654.000000	0.936507 
1652.000000	0.947813 
1650.000000	0.944630 
1648.000000	0.945454 
1646.000000	0.948036 
1644.000000	0.942919 
1642.000000	0.938421 
1640.000000	0.934744 
1638.000000	0.933104 
1636.000000	0.939768 
1634.000000	0.941872 
1632.000000	0.936716 
1630.000000	0.933845 
1628.000000	0.931830 
1626.000000	0.928719 
1624.000000	0.929509 
1622.000000	0.932771 
1620.000000	0.930017 
1618.000000	0.927411 
1616.000000	0.928731 
1614.000000	0.925422 
1612.000000	0.922974 
1610.000000	0.922289 
1608.000000	0.922119 
1606.000000	0.921807 
1604.000000	0.921472 
1602.000000	0.918147 
1600.000000	0.915264 
1598.000000	0.913578 
1596.000000	0.912491 
1594.000000	0.913539 
1592.000000	0.915089 
1590.000000	0.913418 
1588.000000	0.909041 
1586.000000	0.905231 
1584.000000	0.904018 
1582.000000	0.903055 
1580.000000	0.902104 
1578.000000	0.901524 
1576.000000	0.905515 
1574.000000	0.903373 
1572.000000	0.897247 
1570.000000	0.895453 
1568.000000	0.896546 
1566.000000	0.894942 
1564.000000	0.893992 
1562.000000	0.891186 
1560.000000	0.893831 
1558.000000	0.896802 
1556.000000	0.891374 
1554.000000	0.889133 
1552.000000	0.887552 
1550.000000	0.886932 
1548.000000	0.886116 
1546.000000	0.883225 
1544.000000	0.878878 
1542.000000	0.874228 
1540.000000	0.878338 
1538.000000	0.881820 
1536.000000	0.879199 
1534.000000	0.880757 
1532.000000	0.878473 
1530.000000	0.874051 
1528.000000	0.869513 
1526.000000	0.867532 
1524.000000	0.866423 
1522.000000	0.871147 
1520.000000	0.873590 
1518.000000	0.870094 
1516.000000	0.869284 
1514.000000	0.864007 
1512.000000	0.859249 
1510.000000	0.856774 
1508.000000	0.860263 
1506.000000	0.869618 
1504.000000	0.864804 
1502.000000	0.858277 
1500.000000	0.854063 
1498.000000	0.852693 
1496.000000	0.855452 
1494.000000	0.855422 
1492.000000	0.853587 
1490.000000	0.854369 
1488.000000	0.852735 
1486.000000	0.850162 
1484.000000	0.846207 
1482.000000	0.845109 
1480.000000	0.844863 
1478.000000	0.845519 
1476.000000	0.845202 
1474.000000	0.843414 
1472.000000	0.843549 
1470.000000	0.841247 
1468.000000	0.838180 
1466.000000	0.837860 
1464.000000	0.839613 
1462.000000	0.837252 
1460.000000	0.834701 
1458.000000	0.836420 
1456.000000	0.837093 
1454.000000	0.831884 
1452.000000	0.830745 
1450.000000	0.831404 
1448.000000	0.832650 
1446.000000	0.830830 
1444.000000	0.825814 
1442.000000	0.822187 
1440.000000	0.819536 
1438.000000	0.819418 
1436.000000	0.821040 
1434.000000	0.818642 
1432.000000	0.815126 
1430.000000	0.812542 
1428.000000	0.809626 
1426.000000	0.805932 
1424.000000	0.804930 
1422.000000	0.804080 
1420.000000	0.805938 
1418.000000	0.806070 
1416.000000	0.802304 
1414.000000	0.796905 
1412.000000	0.793798 
1410.000000	0.792017 
1408.000000	0.791136 
1406.000000	0.790950 
1404.000000	0.790612 
1402.000000	0.786510 
1400.000000	0.783229 
1398.000000	0.781286 
1396.000000	0.779829 
1394.000000	0.781908 
1392.000000	0.781453 
1390.000000	0.778922 
1388.000000	0.777154 
1386.000000	0.774259 
1384.000000	0.770702 
1382.000000	0.768791 
1380.000000	0.767471 
1378.000000	0.765978 
1376.000000	0.764962 
1374.000000	0.763396 
1372.000000	0.760111 
1370.000000	0.756532 
1368.000000	0.754149 
1366.000000	0.752955 
1364.000000	0.753520 
1362.000000	0.752428 
1360.000000	0.749048 
1358.000000	0.745591 
1356.000000	0.742453 
1354.000000	0.741068 
1352.000000	0.739992 
1350.000000	0.739280 
1348.000000	0.738033 
1346.000000	0.736547 
1344.000000	0.732825 
1342.000000	0.729657 
1340.000000	0.727681 
1338.000000	0.725848 
1336.000000	0.724200 
1334.000000	0.724050 
1332.000000	0.722882 
1330.000000	0.720269 
1328.000000	0.717144 
1326.000000	0.714532 
1324.000000	0.712834 
1322.000000	0.712089 
1320.000000	0.711333 
1318.000000	0.709915 
1316.000000	0.708223 
1314.000000	0.704889 
1312.000000	0.701483 
1310.000000	0.699741 
1308.000000	0.699586 
1306.000000	0.699436 
1304.000000	0.697767 
1302.000000	0.695092 
1300.000000	0.691837 
1298.000000	0.689097 
1296.000000	0.686565 
1294.000000	0.685231 
1292.000000	0.684857 
1290.000000	0.683793 
1288.000000	0.680958 
1286.000000	0.677845 
1284.000000	0.674732 
1282.000000	0.672726 
1280.000000	0.672112 
1278.000000	0.671237 
1276.000000	0.669527 
1274.000000	0.666497 
1272.000000	0.663563 
1270.000000	0.661044 
1268.000000	0.659242 
1266.000000	0.658559 
1264.000000	0.658309 
1262.000000	0.656707 
1260.000000	0.653922 
1258.000000	0.651128 
1256.000000	0.649004 
1254.000000	0.646644 
1252.000000	0.646010 
1250.000000	0.645551 
1248.000000	0.644131 
1246.000000	0.642427 
1244.000000	0.640545 
1242.000000	0.637594 
1240.000000	0.635673 
1238.000000	0.635438 
1236.000000	0.635491 
1234.000000	0.635676 
1232.000000	0.635744 
1230.000000	0.634516 
1228.000000	0.633002 
1226.000000	0.631852 
1224.000000	0.632216 
1222.000000	0.634150 
1220.000000	0.637084 
1218.000000	0.638342 
1216.000000	0.638318 
1214.000000	0.638509 
1212.000000	0.640840 
1210.000000	0.644847 
1208.000000	0.649570 
1206.000000	0.654305 
1204.000000	0.659296 
1202.000000	0.663629 
1200.000000	0.668459 
1198.000000	0.673601 
1196.000000	0.679215 
1194.000000	0.687276 
1192.000000	0.695677 
1190.000000	0.703285 
1188.000000	0.709013 
1186.000000	0.714871 
1184.000000	0.720798 
1182.000000	0.728373 
1180.000000	0.738294 
1178.000000	0.746908 
1176.000000	0.753877 
1174.000000	0.761420 
1172.000000	0.767478 
1170.000000	0.772204 
1168.000000	0.778486 
1166.000000	0.785794 
1164.000000	0.793997 
1162.000000	0.802062 
1160.000000	0.808497 
1158.000000	0.813144 
1156.000000	0.816937 
1154.000000	0.820720 
1152.000000	0.824249 
1150.000000	0.831731 
1148.000000	0.838833 
1146.000000	0.844701 
1144.000000	0.847188 
1142.000000	0.849983 
1140.000000	0.851579 
1138.000000	0.855235 
1136.000000	0.860653 
1134.000000	0.866848 
1132.000000	0.870114 
1130.000000	0.871205 
1128.000000	0.871899 
1126.000000	0.873580 
1124.000000	0.876682 
1122.000000	0.879437 
1120.000000	0.882363 
1118.000000	0.884644 
1116.000000	0.886633 
1114.000000	0.886583 
1112.000000	0.887403 
1110.000000	0.891240 
1108.000000	0.897200 
1106.000000	0.904823 
1104.000000	0.910213 
1102.000000	0.911763 
1100.000000	0.911539 
1098.000000	0.912518 
1096.000000	0.914405 
1094.000000	0.918713 
1092.000000	0.924547 
1090.000000	0.931613 
1088.000000	0.934202 
1086.000000	0.934370 
1084.000000	0.934708 
1082.000000	0.934957 
1080.000000	0.941538 
1078.000000	0.948660 
1076.000000	0.954395 
1074.000000	0.956528 
1072.000000	0.957301 
1070.000000	0.956153 
1068.000000	0.957830 
1066.000000	0.961206 
1064.000000	0.963534 
1062.000000	0.965741 
1060.000000	0.968874 
1058.000000	0.966868 
1056.000000	0.961025 
1054.000000	0.955361 
1052.000000	0.952471 
1050.000000	0.954399 
1048.000000	0.957417 
1046.000000	0.953365 
1044.000000	0.943443 
1042.000000	0.935355 
1040.000000	0.927190 
1038.000000	0.918367 
1036.000000	0.912873 
1034.000000	0.906717 
1032.000000	0.898995 
1030.000000	0.887236 
1028.000000	0.874712 
1026.000000	0.861358 
1024.000000	0.849551 
1022.000000	0.838282 
1020.000000	0.826207 
1018.000000	0.812194 
1016.000000	0.794789 
1014.000000	0.776075 
1012.000000	0.758252 
1010.000000	0.740832 
1008.000000	0.725509 
1006.000000	0.712189 
1004.000000	0.696635 
1002.000000	0.679057 
1000.000000	0.660473 
998.000000	 0.643658 
996.000000	 0.630192 
994.000000	 0.620186 
992.000000	 0.611963 
990.000000	 0.608374 
988.000000	 0.607954 
986.000000	 0.610435 
984.000000	 0.616589 
982.000000	 0.623534 
980.000000	 0.628394 
978.000000	 0.631791 
976.000000	 0.630287 
974.000000	 0.622225 
972.000000	 0.608880 
970.000000	 0.591808 
968.000000	 0.574849 
966.000000	 0.562308 
964.000000	 0.553060 
962.000000	 0.545378 
960.000000	 0.539462 
958.000000	 0.534153 
956.000000	 0.529337 
954.000000	 0.528369 
952.000000	 0.530791 
950.000000	 0.536672 
948.000000	 0.545321 
946.000000	 0.554469 
944.000000	 0.561512 
942.000000	 0.566371 
940.000000	 0.569229 
938.000000	 0.571396 
936.000000	 0.572470 
934.000000	 0.572113 
932.000000	 0.568793 
930.000000	 0.563925 
928.000000	 0.558431 
926.000000	 0.552943 
924.000000	 0.550518 
922.000000	 0.550842 
920.000000	 0.556261 
918.000000	 0.563423 
916.000000	 0.568335 
914.000000	 0.569040 
912.000000	 0.567288 
910.000000	 0.567133 
908.000000	 0.570461 
906.000000	 0.571717 
904.000000	 0.567224 
902.000000	 0.560189 
900.000000	 0.552774 
898.000000	 0.544986 
896.000000	 0.539614 
894.000000	 0.538775 
892.000000	 0.541512 
890.000000	 0.547601 
888.000000	 0.556181 
886.000000	 0.564697 
884.000000	 0.574325 
882.000000	 0.583732 
880.000000	 0.593344 
878.000000	 0.603025 
876.000000	 0.613695 
874.000000	 0.618065 
872.000000	 0.621458 
870.000000	 0.623663 
868.000000	 0.624660 
866.000000	 0.625765 
864.000000	 0.628730 
862.000000	 0.630271 
860.000000	 0.629742 
858.000000	 0.627853 
856.000000	 0.622800 
854.000000	 0.618590 
852.000000	 0.617783 
850.000000	 0.617449 
848.000000	 0.617335 
846.000000	 0.619971 
844.000000	 0.620089 
842.000000	 0.617376 
840.000000	 0.613960 
838.000000	 0.610051 
836.000000	 0.605973 
834.000000	 0.601377 
832.000000	 0.595261 
830.000000	 0.582618 
828.000000	 0.565278 
826.000000	 0.546127 
824.000000	 0.528702 
822.000000	 0.512845 
820.000000	 0.498729 
818.000000	 0.486058 
816.000000	 0.474086 
814.000000	 0.463275 
812.000000	 0.454099 
810.000000	 0.445742 
808.000000	 0.437146 
806.000000	 0.432239 
804.000000	 0.426821 
802.000000	 0.421262 
800.000000	 0.413607 
798.000000	 0.404933 
796.000000	 0.395811 
794.000000	 0.388569 
792.000000	 0.382924 
790.000000	 0.376023 
788.000000	 0.368013 
786.000000	 0.359618 
784.000000	 0.351030 
782.000000	 0.344533 
780.000000	 0.338605 
778.000000	 0.332824 
776.000000	 0.327814 
774.000000	 0.322826 
772.000000	 0.317455 
770.000000	 0.311730 
768.000000	 0.306502 
766.000000	 0.301863 
764.000000	 0.299192 
762.000000	 0.298247 
760.000000	 0.296847 
758.000000	 0.295383 
756.000000	 0.292817 
754.000000	 0.290480 
752.000000	 0.289590 
750.000000	 0.290363 
748.000000	 0.292159 
746.000000	 0.293524 
744.000000	 0.294610 
742.000000	 0.295091 
740.000000	 0.296527 
738.000000	 0.298589 
736.000000	 0.301211 
734.000000	 0.304653 
732.000000	 0.308476 
730.000000	 0.312129 
728.000000	 0.314911 
726.000000	 0.317054 
724.000000	 0.320408 
722.000000	 0.323790 
720.000000	 0.328637 
718.000000	 0.334583 
716.000000	 0.339849 
714.000000	 0.343811 
712.000000	 0.346367 
710.000000	 0.348552 
708.000000	 0.350346 
706.000000	 0.352617 
704.000000	 0.355169 
702.000000	 0.355571 
700.000000	 0.352929 
698.000000	 0.350025 
696.000000	 0.348667 
694.000000	 0.348260 
692.000000	 0.350116 
690.000000	 0.354424 
688.000000	 0.359239 
686.000000	 0.363224 
684.000000	 0.366678 
682.000000	 0.369898 
680.000000	 0.376764 
678.000000	 0.386139 
676.000000	 0.396262 
674.000000	 0.405176 
672.000000	 0.411081 
670.000000	 0.407706 
668.000000	 0.403818 
666.000000	 0.409605 
664.000000	 0.407305 
662.000000	 0.400311 
660.000000	 0.394813 
658.000000	 0.390401 
656.000000	 0.385195 
654.000000	 0.380515 
652.000000	 0.376836 
650.000000	 0.378720 
648.000000	 0.384520 
646.000000	 0.392641 
644.000000	 0.399559 
642.000000	 0.405624 
640.000000	 0.411819 
638.000000	 0.420071 
636.000000	 0.430489 
634.000000	 0.442163 
632.000000	 0.453091 
630.000000	 0.459091 
628.000000	 0.459467 
626.000000	 0.450494 
624.000000	 0.431115 
622.000000	 0.408537 
620.000000	 0.381856 
618.000000	 0.350216 
616.000000	 0.319718 
614.000000	 0.291342 
612.000000	 0.263693 
610.000000	 0.242363 
608.000000	 0.225683 
606.000000	 0.210493 
604.000000	 0.197165 
602.000000	 0.187711 
600.000000	 0.176718 
598.000000	 0.166100 
596.000000	 0.157058 
594.000000	 0.149485 
592.000000	 0.143954 
590.000000	 0.139173 
588.000000	 0.134352 
586.000000	 0.129153 
584.000000	 0.123706 
582.000000	 0.116993 
580.000000	 0.111516 
578.000000	 0.107574 
576.000000	 0.103648 
574.000000	 0.099964 
572.000000	 0.095860 
570.000000	 0.088474 
568.000000	 0.081645 
566.000000	 0.078231 
564.000000	 0.075696 
562.000000	 0.073748 
560.000000	 0.071493 
558.000000	 0.068054 
556.000000	 0.063788 
554.000000	 0.060527 
552.000000	 0.058589 
550.000000	 0.057415 
548.000000	 0.057132 
546.000000	 0.056540 
544.000000	 0.055339 
542.000000	 0.052782 
540.000000	 0.050012 
538.000000	 0.047552 
536.000000	 0.047101 
534.000000	 0.047553 
532.000000	 0.048219 
530.000000	 0.046875 
528.000000	 0.045113 
526.000000	 0.044191 
524.000000	 0.043512 
522.000000	 0.043356 
520.000000	 0.044600 
518.000000	 0.046832 
516.000000	 0.049469 
514.000000	 0.051895 
512.000000	 0.051818 
510.000000	 0.050426 
508.000000	 0.050820 
506.000000	 0.052008 
504.000000	 0.053193 
502.000000	 0.054287 
500.000000	 0.053989 
498.000000	 0.052824 
496.000000	 0.052568 
494.000000	 0.052853 
492.000000	 0.054485 
490.000000	 0.057510 
488.000000	 0.061056 
486.000000	 0.062451 
484.000000	 0.063403 
482.000000	 0.062788 
480.000000	 0.062929 
478.000000	 0.065123 
476.000000	 0.068492 
474.000000	 0.071928 
472.000000	 0.074217 
470.000000	 0.075710 
468.000000	 0.074953 
466.000000	 0.074773 
464.000000	 0.075512 
462.000000	 0.076107 
460.000000	 0.077832 
458.000000	 0.081609 
456.000000	 0.082000 
454.000000	 0.080025 
452.000000	 0.078159 
450.000000	 0.078361 

