4400.000000	1.316540 
4398.000000	1.317879 
4396.000000	1.317894 
4394.000000	1.319453 
4392.000000	1.319589 
4390.000000	1.318225 
4388.000000	1.320142 
4386.000000	1.320039 
4384.000000	1.317001 
4382.000000	1.318521 
4380.000000	1.320673 
4378.000000	1.318316 
4376.000000	1.318383 
4374.000000	1.318984 
4372.000000	1.321024 
4370.000000	1.324581 
4368.000000	1.323030 
4366.000000	1.319831 
4364.000000	1.316325 
4362.000000	1.319695 
4360.000000	1.322344 
4358.000000	1.324144 
4356.000000	1.321197 
4354.000000	1.320374 
4352.000000	1.322856 
4350.000000	1.320158 
4348.000000	1.321449 
4346.000000	1.325991 
4344.000000	1.322695 
4342.000000	1.316965 
4340.000000	1.318365 
4338.000000	1.319639 
4336.000000	1.313985 
4334.000000	1.315768 
4332.000000	1.321936 
4330.000000	1.324077 
4328.000000	1.321818 
4326.000000	1.317412 
4324.000000	1.315305 
4322.000000	1.313691 
4320.000000	1.311575 
4318.000000	1.314183 
4316.000000	1.320781 
4314.000000	1.318016 
4312.000000	1.314664 
4310.000000	1.320625 
4308.000000	1.326160 
4306.000000	1.325319 
4304.000000	1.326373 
4302.000000	1.324533 
4300.000000	1.321184 
4298.000000	1.321734 
4296.000000	1.316716 
4294.000000	1.313392 
4292.000000	1.316076 
4290.000000	1.320264 
4288.000000	1.320844 
4286.000000	1.319814 
4284.000000	1.314923 
4282.000000	1.310678 
4280.000000	1.317849 
4278.000000	1.320805 
4276.000000	1.319250 
4274.000000	1.321263 
4272.000000	1.322338 
4270.000000	1.320978 
4268.000000	1.318521 
4266.000000	1.317266 
4264.000000	1.317296 
4262.000000	1.320807 
4260.000000	1.320290 
4258.000000	1.318480 
4256.000000	1.321751 
4254.000000	1.318186 
4252.000000	1.312930 
4250.000000	1.314418 
4248.000000	1.314440 
4246.000000	1.314955 
4244.000000	1.319116 
4242.000000	1.315462 
4240.000000	1.312044 
4238.000000	1.314130 
4236.000000	1.316385 
4234.000000	1.317085 
4232.000000	1.316574 
4230.000000	1.315896 
4228.000000	1.317010 
4226.000000	1.316945 
4224.000000	1.313403 
4222.000000	1.314077 
4220.000000	1.318641 
4218.000000	1.320822 
4216.000000	1.318818 
4214.000000	1.313516 
4212.000000	1.311594 
4210.000000	1.311503 
4208.000000	1.313422 
4206.000000	1.312605 
4204.000000	1.314192 
4202.000000	1.314970 
4200.000000	1.313001 
4198.000000	1.316006 
4196.000000	1.314773 
4194.000000	1.313448 
4192.000000	1.313712 
4190.000000	1.314083 
4188.000000	1.311931 
4186.000000	1.309388 
4184.000000	1.311040 
4182.000000	1.311125 
4180.000000	1.313898 
4178.000000	1.317909 
4176.000000	1.316139 
4174.000000	1.312496 
4172.000000	1.312441 
4170.000000	1.313337 
4168.000000	1.312354 
4166.000000	1.311694 
4164.000000	1.310903 
4162.000000	1.311091 
4160.000000	1.308486 
4158.000000	1.303958 
4156.000000	1.304400 
4154.000000	1.311418 
4152.000000	1.317367 
4150.000000	1.316117 
4148.000000	1.313422 
4146.000000	1.314485 
4144.000000	1.317610 
4142.000000	1.313998 
4140.000000	1.310101 
4138.000000	1.308349 
4136.000000	1.309786 
4134.000000	1.311598 
4132.000000	1.312278 
4130.000000	1.315100 
4128.000000	1.312864 
4126.000000	1.312324 
4124.000000	1.311199 
4122.000000	1.308214 
4120.000000	1.307157 
4118.000000	1.306655 
4116.000000	1.306546 
4114.000000	1.309114 
4112.000000	1.314301 
4110.000000	1.311963 
4108.000000	1.307817 
4106.000000	1.309247 
4104.000000	1.308362 
4102.000000	1.304715 
4100.000000	1.304943 
4098.000000	1.305662 
4096.000000	1.305152 
4094.000000	1.307972 
4092.000000	1.308263 
4090.000000	1.307123 
4088.000000	1.309256 
4086.000000	1.308193 
4084.000000	1.306464 
4082.000000	1.307163 
4080.000000	1.305120 
4078.000000	1.302503 
4076.000000	1.306741 
4074.000000	1.307033 
4072.000000	1.305635 
4070.000000	1.307272 
4068.000000	1.308591 
4066.000000	1.308446 
4064.000000	1.308164 
4062.000000	1.308819 
4060.000000	1.306144 
4058.000000	1.305285 
4056.000000	1.304667 
4054.000000	1.303399 
4052.000000	1.303766 
4050.000000	1.300670 
4048.000000	1.298930 
4046.000000	1.302146 
4044.000000	1.300941 
4042.000000	1.299288 
4040.000000	1.302883 
4038.000000	1.303270 
4036.000000	1.300755 
4034.000000	1.301233 
4032.000000	1.303543 
4030.000000	1.304410 
4028.000000	1.302613 
4026.000000	1.301980 
4024.000000	1.302308 
4022.000000	1.303616 
4020.000000	1.303989 
4018.000000	1.305426 
4016.000000	1.306802 
4014.000000	1.305729 
4012.000000	1.305262 
4010.000000	1.307674 
4008.000000	1.307777 
4006.000000	1.305202 
4004.000000	1.306980 
4002.000000	1.305400 
4000.000000	1.302239 
3998.000000	1.303147 
3996.000000	1.303166 
3994.000000	1.303291 
3992.000000	1.303193 
3990.000000	1.302634 
3988.000000	1.300387 
3986.000000	1.298623 
3984.000000	1.299358 
3982.000000	1.300135 
3980.000000	1.301223 
3978.000000	1.301581 
3976.000000	1.302592 
3974.000000	1.301378 
3972.000000	1.299532 
3970.000000	1.296765 
3968.000000	1.299016 
3966.000000	1.299245 
3964.000000	1.295723 
3962.000000	1.299951 
3960.000000	1.301130 
3958.000000	1.298312 
3956.000000	1.298857 
3954.000000	1.296306 
3952.000000	1.292785 
3950.000000	1.295766 
3948.000000	1.297356 
3946.000000	1.297122 
3944.000000	1.300463 
3942.000000	1.301196 
3940.000000	1.298882 
3938.000000	1.299090 
3936.000000	1.298991 
3934.000000	1.297853 
3932.000000	1.299398 
3930.000000	1.298847 
3928.000000	1.297395 
3926.000000	1.301480 
3924.000000	1.299658 
3922.000000	1.294461 
3920.000000	1.293267 
3918.000000	1.296611 
3916.000000	1.297997 
3914.000000	1.296290 
3912.000000	1.298172 
3910.000000	1.297927 
3908.000000	1.295993 
3906.000000	1.290677 
3904.000000	1.289335 
3902.000000	1.292227 
3900.000000	1.295641 
3898.000000	1.294110 
3896.000000	1.289865 
3894.000000	1.288574 
3892.000000	1.292688 
3890.000000	1.291199 
3888.000000	1.287208 
3886.000000	1.295134 
3884.000000	1.292158 
3882.000000	1.290097 
3880.000000	1.294120 
3878.000000	1.291058 
3876.000000	1.290429 
3874.000000	1.289162 
3872.000000	1.284690 
3870.000000	1.290582 
3868.000000	1.283133 
3866.000000	1.282972 
3864.000000	1.290710 
3862.000000	1.290867 
3860.000000	1.286997 
3858.000000	1.279782 
3856.000000	1.274165 
3854.000000	1.288043 
3852.000000	1.293175 
3850.000000	1.289922 
3848.000000	1.292383 
3846.000000	1.289254 
3844.000000	1.284614 
3842.000000	1.280131 
3840.000000	1.280872 
3838.000000	1.288013 
3836.000000	1.291598 
3834.000000	1.293304 
3832.000000	1.297073 
3830.000000	1.294560 
3828.000000	1.294554 
3826.000000	1.294310 
3824.000000	1.286304 
3822.000000	1.289474 
3820.000000	1.285009 
3818.000000	1.280708 
3816.000000	1.290578 
3814.000000	1.289702 
3812.000000	1.289224 
3810.000000	1.286881 
3808.000000	1.290208 
3806.000000	1.290550 
3804.000000	1.283763 
3802.000000	1.290453 
3800.000000	1.293658 
3798.000000	1.288696 
3796.000000	1.286732 
3794.000000	1.286698 
3792.000000	1.290823 
3790.000000	1.294136 
3788.000000	1.293668 
3786.000000	1.294718 
3784.000000	1.292905 
3782.000000	1.291998 
3780.000000	1.294977 
3778.000000	1.294102 
3776.000000	1.294942 
3774.000000	1.293859 
3772.000000	1.291205 
3770.000000	1.293611 
3768.000000	1.290503 
3766.000000	1.288218 
3764.000000	1.290813 
3762.000000	1.289837 
3760.000000	1.285700 
3758.000000	1.286014 
3756.000000	1.283318 
3754.000000	1.272460 
3752.000000	1.273230 
3750.000000	1.282075 
3748.000000	1.273743 
3746.000000	1.272819 
3744.000000	1.293633 
3742.000000	1.287703 
3740.000000	1.282034 
3738.000000	1.280996 
3736.000000	1.283757 
3734.000000	1.284265 
3732.000000	1.290182 
3730.000000	1.287091 
3728.000000	1.284504 
3726.000000	1.288185 
3724.000000	1.287258 
3722.000000	1.287581 
3720.000000	1.290742 
3718.000000	1.292125 
3716.000000	1.286492 
3714.000000	1.286584 
3712.000000	1.288529 
3710.000000	1.289777 
3708.000000	1.293428 
3706.000000	1.293458 
3704.000000	1.292182 
3702.000000	1.293969 
3700.000000	1.293064 
3698.000000	1.292503 
3696.000000	1.295557 
3694.000000	1.290241 
3692.000000	1.284546 
3690.000000	1.290025 
3688.000000	1.297048 
3686.000000	1.296261 
3684.000000	1.295815 
3682.000000	1.295931 
3680.000000	1.291748 
3678.000000	1.284383 
3676.000000	1.289424 
3674.000000	1.290592 
3672.000000	1.286258 
3670.000000	1.294769 
3668.000000	1.302102 
3666.000000	1.302090 
3664.000000	1.299647 
3662.000000	1.299162 
3660.000000	1.298297 
3658.000000	1.296574 
3656.000000	1.298691 
3654.000000	1.289470 
3652.000000	1.285346 
3650.000000	1.295367 
3648.000000	1.298602 
3646.000000	1.298936 
3644.000000	1.301078 
3642.000000	1.303343 
3640.000000	1.300643 
3638.000000	1.299332 
3636.000000	1.301018 
3634.000000	1.296777 
3632.000000	1.288715 
3630.000000	1.295845 
3628.000000	1.306475 
3626.000000	1.302345 
3624.000000	1.297549 
3622.000000	1.292332 
3620.000000	1.294873 
3618.000000	1.297553 
3616.000000	1.292982 
3614.000000	1.296081 
3612.000000	1.297878 
3610.000000	1.295815 
3608.000000	1.297266 
3606.000000	1.299707 
3604.000000	1.298334 
3602.000000	1.300161 
3600.000000	1.304419 
3598.000000	1.300093 
3596.000000	1.298536 
3594.000000	1.300261 
3592.000000	1.294960 
3590.000000	1.288791 
3588.000000	1.292960 
3586.000000	1.299140 
3584.000000	1.298491 
3582.000000	1.298460 
3580.000000	1.296267 
3578.000000	1.297652 
3576.000000	1.298542 
3574.000000	1.295361 
3572.000000	1.289950 
3570.000000	1.287101 
3568.000000	1.290540 
3566.000000	1.292982 
3564.000000	1.295731 
3562.000000	1.295670 
3560.000000	1.296757 
3558.000000	1.299538 
3556.000000	1.299282 
3554.000000	1.296374 
3552.000000	1.295009 
3550.000000	1.296751 
3548.000000	1.298765 
3546.000000	1.301275 
3544.000000	1.300805 
3542.000000	1.297217 
3540.000000	1.294028 
3538.000000	1.293271 
3536.000000	1.296488 
3534.000000	1.297568 
3532.000000	1.293013 
3530.000000	1.289492 
3528.000000	1.291211 
3526.000000	1.294067 
3524.000000	1.294634 
3522.000000	1.292992 
3520.000000	1.292948 
3518.000000	1.294671 
3516.000000	1.296851 
3514.000000	1.297370 
3512.000000	1.295441 
3510.000000	1.297333 
3508.000000	1.295919 
3506.000000	1.292686 
3504.000000	1.293023 
3502.000000	1.291957 
3500.000000	1.291977 
3498.000000	1.294259 
3496.000000	1.294911 
3494.000000	1.293713 
3492.000000	1.296089 
3490.000000	1.293424 
3488.000000	1.290202 
3486.000000	1.291645 
3484.000000	1.290003 
3482.000000	1.290930 
3480.000000	1.292221 
3478.000000	1.292491 
3476.000000	1.291238 
3474.000000	1.291535 
3472.000000	1.290083 
3470.000000	1.288722 
3468.000000	1.291529 
3466.000000	1.293291 
3464.000000	1.295553 
3462.000000	1.295950 
3460.000000	1.292172 
3458.000000	1.291718 
3456.000000	1.293171 
3454.000000	1.291558 
3452.000000	1.290776 
3450.000000	1.291953 
3448.000000	1.291777 
3446.000000	1.292105 
3444.000000	1.293289 
3442.000000	1.291029 
3440.000000	1.289538 
3438.000000	1.292671 
3436.000000	1.289373 
3434.000000	1.285218 
3432.000000	1.288674 
3430.000000	1.288797 
3428.000000	1.288290 
3426.000000	1.286991 
3424.000000	1.287037 
3422.000000	1.287238 
3420.000000	1.289494 
3418.000000	1.288370 
3416.000000	1.283284 
3414.000000	1.284377 
3412.000000	1.287304 
3410.000000	1.290255 
3408.000000	1.292050 
3406.000000	1.288715 
3404.000000	1.282807 
3402.000000	1.282853 
3400.000000	1.283153 
3398.000000	1.280777 
3396.000000	1.283185 
3394.000000	1.286014 
3392.000000	1.285294 
3390.000000	1.284424 
3388.000000	1.283622 
3386.000000	1.281683 
3384.000000	1.282502 
3382.000000	1.282722 
3380.000000	1.281315 
3378.000000	1.283210 
3376.000000	1.283745 
3374.000000	1.283034 
3372.000000	1.281722 
3370.000000	1.284279 
3368.000000	1.284885 
3366.000000	1.284395 
3364.000000	1.283328 
3362.000000	1.278834 
3360.000000	1.278266 
3358.000000	1.280212 
3356.000000	1.282480 
3354.000000	1.283163 
3352.000000	1.282644 
3350.000000	1.280862 
3348.000000	1.279138 
3346.000000	1.280210 
3344.000000	1.280439 
3342.000000	1.278638 
3340.000000	1.276952 
3338.000000	1.279114 
3336.000000	1.279815 
3334.000000	1.277658 
3332.000000	1.277105 
3330.000000	1.276919 
3328.000000	1.278078 
3326.000000	1.277003 
3324.000000	1.276222 
3322.000000	1.275048 
3320.000000	1.273374 
3318.000000	1.272053 
3316.000000	1.274004 
3314.000000	1.277248 
3312.000000	1.276261 
3310.000000	1.274543 
3308.000000	1.275099 
3306.000000	1.276476 
3304.000000	1.272628 
3302.000000	1.269496 
3300.000000	1.273024 
3298.000000	1.274795 
3296.000000	1.273749 
3294.000000	1.272968 
3292.000000	1.273955 
3290.000000	1.273969 
3288.000000	1.275843 
3286.000000	1.275228 
3284.000000	1.273393 
3282.000000	1.273663 
3280.000000	1.271770 
3278.000000	1.271168 
3276.000000	1.270998 
3274.000000	1.270620 
3272.000000	1.270276 
3270.000000	1.272871 
3268.000000	1.272555 
3266.000000	1.269681 
3264.000000	1.270639 
3262.000000	1.271729 
3260.000000	1.270176 
3258.000000	1.269161 
3256.000000	1.269868 
3254.000000	1.268471 
3252.000000	1.267473 
3250.000000	1.266091 
3248.000000	1.266022 
3246.000000	1.268286 
3244.000000	1.269134 
3242.000000	1.270190 
3240.000000	1.271308 
3238.000000	1.272978 
3236.000000	1.271697 
3234.000000	1.269644 
3232.000000	1.266657 
3230.000000	1.263219 
3228.000000	1.261838 
3226.000000	1.265640 
3224.000000	1.269777 
3222.000000	1.267893 
3220.000000	1.267592 
3218.000000	1.267266 
3216.000000	1.267597 
3214.000000	1.265694 
3212.000000	1.262649 
3210.000000	1.262387 
3208.000000	1.261696 
3206.000000	1.261952 
3204.000000	1.262846 
3202.000000	1.263835 
3200.000000	1.265459 
3198.000000	1.266558 
3196.000000	1.265478 
3194.000000	1.263189 
3192.000000	1.263681 
3190.000000	1.263647 
3188.000000	1.263077 
3186.000000	1.262840 
3184.000000	1.262804 
3182.000000	1.263020 
3180.000000	1.264575 
3178.000000	1.264107 
3176.000000	1.260099 
3174.000000	1.258683 
3172.000000	1.259397 
3170.000000	1.260929 
3168.000000	1.261073 
3166.000000	1.260780 
3164.000000	1.260595 
3162.000000	1.260288 
3160.000000	1.259937 
3158.000000	1.259559 
3156.000000	1.261753 
3154.000000	1.262702 
3152.000000	1.262457 
3150.000000	1.261509 
3148.000000	1.259435 
3146.000000	1.256661 
3144.000000	1.256158 
3142.000000	1.258499 
3140.000000	1.256573 
3138.000000	1.256235 
3136.000000	1.257688 
3134.000000	1.258155 
3132.000000	1.257052 
3130.000000	1.255620 
3128.000000	1.254843 
3126.000000	1.255138 
3124.000000	1.254715 
3122.000000	1.255908 
3120.000000	1.261774 
3118.000000	1.263784 
3116.000000	1.260646 
3114.000000	1.255779 
3112.000000	1.254682 
3110.000000	1.253680 
3108.000000	1.253318 
3106.000000	1.252221 
3104.000000	1.248016 
3102.000000	1.252152 
3100.000000	1.258733 
3098.000000	1.257894 
3096.000000	1.256268 
3094.000000	1.255798 
3092.000000	1.253088 
3090.000000	1.252080 
3088.000000	1.254252 
3086.000000	1.252984 
3084.000000	1.251686 
3082.000000	1.252106 
3080.000000	1.253255 
3078.000000	1.252724 
3076.000000	1.250807 
3074.000000	1.251103 
3072.000000	1.252113 
3070.000000	1.250994 
3068.000000	1.249698 
3066.000000	1.251363 
3064.000000	1.251191 
3062.000000	1.250114 
3060.000000	1.250992 
3058.000000	1.251206 
3056.000000	1.249452 
3054.000000	1.249353 
3052.000000	1.250907 
3050.000000	1.248981 
3048.000000	1.250636 
3046.000000	1.252147 
3044.000000	1.249402 
3042.000000	1.246520 
3040.000000	1.245776 
3038.000000	1.246228 
3036.000000	1.246093 
3034.000000	1.248785 
3032.000000	1.250538 
3030.000000	1.250041 
3028.000000	1.247573 
3026.000000	1.243653 
3024.000000	1.244152 
3022.000000	1.246215 
3020.000000	1.244563 
3018.000000	1.244532 
3016.000000	1.249026 
3014.000000	1.249897 
3012.000000	1.247848 
3010.000000	1.243673 
3008.000000	1.240949 
3006.000000	1.241584 
3004.000000	1.241786 
3002.000000	1.242461 
3000.000000	1.244756 
2998.000000	1.244963 
2996.000000	1.241436 
2994.000000	1.243401 
2992.000000	1.246933 
2990.000000	1.246694 
2988.000000	1.247300 
2986.000000	1.245965 
2984.000000	1.244323 
2982.000000	1.244350 
2980.000000	1.244827 
2978.000000	1.243154 
2976.000000	1.243064 
2974.000000	1.246529 
2972.000000	1.248379 
2970.000000	1.247147 
2968.000000	1.246663 
2966.000000	1.246553 
2964.000000	1.247174 
2962.000000	1.248451 
2960.000000	1.244989 
2958.000000	1.243261 
2956.000000	1.242019 
2954.000000	1.241757 
2952.000000	1.243898 
2950.000000	1.244623 
2948.000000	1.243196 
2946.000000	1.242218 
2944.000000	1.243795 
2942.000000	1.240976 
2940.000000	1.242090 
2938.000000	1.247806 
2936.000000	1.245756 
2934.000000	1.244297 
2932.000000	1.246633 
2930.000000	1.246800 
2928.000000	1.246500 
2926.000000	1.247130 
2924.000000	1.246511 
2922.000000	1.246973 
2920.000000	1.248299 
2918.000000	1.246447 
2916.000000	1.246551 
2914.000000	1.246728 
2912.000000	1.242980 
2910.000000	1.240754 
2908.000000	1.241853 
2906.000000	1.241991 
2904.000000	1.242510 
2902.000000	1.240415 
2900.000000	1.236330 
2898.000000	1.235028 
2896.000000	1.234450 
2894.000000	1.234374 
2892.000000	1.234456 
2890.000000	1.236577 
2888.000000	1.237028 
2886.000000	1.236271 
2884.000000	1.235671 
2882.000000	1.234521 
2880.000000	1.235648 
2878.000000	1.234838 
2876.000000	1.235288 
2874.000000	1.235041 
2872.000000	1.234465 
2870.000000	1.232059 
2868.000000	1.231055 
2866.000000	1.232381 
2864.000000	1.230011 
2862.000000	1.231313 
2860.000000	1.234053 
2858.000000	1.233480 
2856.000000	1.233375 
2854.000000	1.234977 
2852.000000	1.234888 
2850.000000	1.231643 
2848.000000	1.231890 
2846.000000	1.231565 
2844.000000	1.228099 
2842.000000	1.226514 
2840.000000	1.227261 
2838.000000	1.227644 
2836.000000	1.227746 
2834.000000	1.226434 
2832.000000	1.224077 
2830.000000	1.225278 
2828.000000	1.225866 
2826.000000	1.226636 
2824.000000	1.226427 
2822.000000	1.224282 
2820.000000	1.222680 
2818.000000	1.225584 
2816.000000	1.226645 
2814.000000	1.224251 
2812.000000	1.223140 
2810.000000	1.219946 
2808.000000	1.218187 
2806.000000	1.220834 
2804.000000	1.223201 
2802.000000	1.221060 
2800.000000	1.220209 
2798.000000	1.222379 
2796.000000	1.221594 
2794.000000	1.219761 
2792.000000	1.218941 
2790.000000	1.218812 
2788.000000	1.218634 
2786.000000	1.218711 
2784.000000	1.218454 
2782.000000	1.218319 
2780.000000	1.218107 
2778.000000	1.217979 
2776.000000	1.220815 
2774.000000	1.219488 
2772.000000	1.216167 
2770.000000	1.216390 
2768.000000	1.216054 
2766.000000	1.216787 
2764.000000	1.218814 
2762.000000	1.216322 
2760.000000	1.214421 
2758.000000	1.216075 
2756.000000	1.214835 
2754.000000	1.214202 
2752.000000	1.214796 
2750.000000	1.214392 
2748.000000	1.214827 
2746.000000	1.215238 
2744.000000	1.213950 
2742.000000	1.211645 
2740.000000	1.212671 
2738.000000	1.212856 
2736.000000	1.212154 
2734.000000	1.214844 
2732.000000	1.214487 
2730.000000	1.211296 
2728.000000	1.210480 
2726.000000	1.210924 
2724.000000	1.209697 
2722.000000	1.211338 
2720.000000	1.210681 
2718.000000	1.210305 
2716.000000	1.211845 
2714.000000	1.211143 
2712.000000	1.210794 
2710.000000	1.209987 
2708.000000	1.209491 
2706.000000	1.208397 
2704.000000	1.208439 
2702.000000	1.206951 
2700.000000	1.206464 
2698.000000	1.208954 
2696.000000	1.208063 
2694.000000	1.206477 
2692.000000	1.207737 
2690.000000	1.208330 
2688.000000	1.205750 
2686.000000	1.205856 
2684.000000	1.206575 
2682.000000	1.204828 
2680.000000	1.203603 
2678.000000	1.202964 
2676.000000	1.204732 
2674.000000	1.205640 
2672.000000	1.205507 
2670.000000	1.204873 
2668.000000	1.204059 
2666.000000	1.203192 
2664.000000	1.201775 
2662.000000	1.202378 
2660.000000	1.202383 
2658.000000	1.201498 
2656.000000	1.200554 
2654.000000	1.199762 
2652.000000	1.200658 
2650.000000	1.202968 
2648.000000	1.202185 
2646.000000	1.199614 
2644.000000	1.199291 
2642.000000	1.199968 
2640.000000	1.200523 
2638.000000	1.200676 
2636.000000	1.201370 
2634.000000	1.200638 
2632.000000	1.200162 
2630.000000	1.198246 
2628.000000	1.195547 
2626.000000	1.198629 
2624.000000	1.200037 
2622.000000	1.198637 
2620.000000	1.198560 
2618.000000	1.197143 
2616.000000	1.195627 
2614.000000	1.198249 
2612.000000	1.198378 
2610.000000	1.194439 
2608.000000	1.195326 
2606.000000	1.194321 
2604.000000	1.194550 
2602.000000	1.197153 
2600.000000	1.197158 
2598.000000	1.195589 
2596.000000	1.195110 
2594.000000	1.196204 
2592.000000	1.195412 
2590.000000	1.196478 
2588.000000	1.195310 
2586.000000	1.191719 
2584.000000	1.192731 
2582.000000	1.195065 
2580.000000	1.193829 
2578.000000	1.193318 
2576.000000	1.193857 
2574.000000	1.191522 
2572.000000	1.191656 
2570.000000	1.191915 
2568.000000	1.191362 
2566.000000	1.193359 
2564.000000	1.193907 
2562.000000	1.191341 
2560.000000	1.191592 
2558.000000	1.192552 
2556.000000	1.190621 
2554.000000	1.189383 
2552.000000	1.187724 
2550.000000	1.188623 
2548.000000	1.191220 
2546.000000	1.189418 
2544.000000	1.185485 
2542.000000	1.185015 
2540.000000	1.187148 
2538.000000	1.184808 
2536.000000	1.185475 
2534.000000	1.188464 
2532.000000	1.187489 
2530.000000	1.185942 
2528.000000	1.184584 
2526.000000	1.183039 
2524.000000	1.183444 
2522.000000	1.186029 
2520.000000	1.186419 
2518.000000	1.186697 
2516.000000	1.187339 
2514.000000	1.186746 
2512.000000	1.186214 
2510.000000	1.185310 
2508.000000	1.183253 
2506.000000	1.182982 
2504.000000	1.184208 
2502.000000	1.182654 
2500.000000	1.182099 
2498.000000	1.184108 
2496.000000	1.184539 
2494.000000	1.182853 
2492.000000	1.182040 
2490.000000	1.182410 
2488.000000	1.181605 
2486.000000	1.182081 
2484.000000	1.181972 
2482.000000	1.181241 
2480.000000	1.181722 
2478.000000	1.182361 
2476.000000	1.182164 
2474.000000	1.181557 
2472.000000	1.180969 
2470.000000	1.179640 
2468.000000	1.178904 
2466.000000	1.178397 
2464.000000	1.179522 
2462.000000	1.179871 
2460.000000	1.177572 
2458.000000	1.176046 
2456.000000	1.174472 
2454.000000	1.174381 
2452.000000	1.176295 
2450.000000	1.177972 
2448.000000	1.177086 
2446.000000	1.177245 
2444.000000	1.178164 
2442.000000	1.178794 
2440.000000	1.179785 
2438.000000	1.177566 
2436.000000	1.174837 
2434.000000	1.174275 
2432.000000	1.175042 
2430.000000	1.174837 
2428.000000	1.174833 
2426.000000	1.175313 
2424.000000	1.174432 
2422.000000	1.174356 
2420.000000	1.173321 
2418.000000	1.171922 
2416.000000	1.172504 
2414.000000	1.172405 
2412.000000	1.169418 
2410.000000	1.170163 
2408.000000	1.172965 
2406.000000	1.172001 
2404.000000	1.170399 
2402.000000	1.170263 
2400.000000	1.170445 
2398.000000	1.170320 
2396.000000	1.170369 
2394.000000	1.168599 
2392.000000	1.168030 
2390.000000	1.168662 
2388.000000	1.167852 
2386.000000	1.169151 
2384.000000	1.170428 
2382.000000	1.169513 
2380.000000	1.168410 
2378.000000	1.169837 
2376.000000	1.171543 
2374.000000	1.170399 
2372.000000	1.170180 
2370.000000	1.169093 
2368.000000	1.171192 
2366.000000	1.171512 
2364.000000	1.167621 
2362.000000	1.168166 
2360.000000	1.175742 
2358.000000	1.176228 
2356.000000	1.173583 
2354.000000	1.174565 
2352.000000	1.172059 
2350.000000	1.166836 
2348.000000	1.162710 
2346.000000	1.163138 
2344.000000	1.164840 
2342.000000	1.169986 
2340.000000	1.171174 
2338.000000	1.167540 
2336.000000	1.166918 
2334.000000	1.166823 
2332.000000	1.164994 
2330.000000	1.163842 
2328.000000	1.164988 
2326.000000	1.165603 
2324.000000	1.168012 
2322.000000	1.170784 
2320.000000	1.169450 
2318.000000	1.168299 
2316.000000	1.164884 
2314.000000	1.162424 
2312.000000	1.162254 
2310.000000	1.161967 
2308.000000	1.163005 
2306.000000	1.164636 
2304.000000	1.163589 
2302.000000	1.161938 
2300.000000	1.162799 
2298.000000	1.162179 
2296.000000	1.161368 
2294.000000	1.160263 
2292.000000	1.160245 
2290.000000	1.162093 
2288.000000	1.163785 
2286.000000	1.164714 
2284.000000	1.162915 
2282.000000	1.162742 
2280.000000	1.163542 
2278.000000	1.164738 
2276.000000	1.166324 
2274.000000	1.166103 
2272.000000	1.167733 
2270.000000	1.170721 
2268.000000	1.173122 
2266.000000	1.175229 
2264.000000	1.176766 
2262.000000	1.175868 
2260.000000	1.176283 
2258.000000	1.178759 
2256.000000	1.179389 
2254.000000	1.179625 
2252.000000	1.181366 
2250.000000	1.182258 
2248.000000	1.181780 
2246.000000	1.182081 
2244.000000	1.181125 
2242.000000	1.181535 
2240.000000	1.183179 
2238.000000	1.182022 
2236.000000	1.180675 
2234.000000	1.180884 
2232.000000	1.181616 
2230.000000	1.179882 
2228.000000	1.178171 
2226.000000	1.176904 
2224.000000	1.176802 
2222.000000	1.178700 
2220.000000	1.177661 
2218.000000	1.176963 
2216.000000	1.177262 
2214.000000	1.178598 
2212.000000	1.181272 
2210.000000	1.183309 
2208.000000	1.181983 
2206.000000	1.181417 
2204.000000	1.184670 
2202.000000	1.185144 
2200.000000	1.182807 
2198.000000	1.183457 
2196.000000	1.185591 
2194.000000	1.186912 
2192.000000	1.189156 
2190.000000	1.188451 
2188.000000	1.186209 
2186.000000	1.185882 
2184.000000	1.184059 
2182.000000	1.181846 
2180.000000	1.182865 
2178.000000	1.183531 
2176.000000	1.181330 
2174.000000	1.181478 
2172.000000	1.181267 
2170.000000	1.181492 
2168.000000	1.182930 
2166.000000	1.181722 
2164.000000	1.181708 
2162.000000	1.182596 
2160.000000	1.184489 
2158.000000	1.186851 
2156.000000	1.190138 
2154.000000	1.194020 
2152.000000	1.197596 
2150.000000	1.204289 
2148.000000	1.210646 
2146.000000	1.215443 
2144.000000	1.217760 
2142.000000	1.218953 
2140.000000	1.220879 
2138.000000	1.223389 
2136.000000	1.222526 
2134.000000	1.220082 
2132.000000	1.219854 
2130.000000	1.222177 
2128.000000	1.225453 
2126.000000	1.228761 
2124.000000	1.236109 
2122.000000	1.244163 
2120.000000	1.252863 
2118.000000	1.262696 
2116.000000	1.268113 
2114.000000	1.269065 
2112.000000	1.266789 
2110.000000	1.264998 
2108.000000	1.262114 
2106.000000	1.258013 
2104.000000	1.254481 
2102.000000	1.250581 
2100.000000	1.242866 
2098.000000	1.235721 
2096.000000	1.236630 
2094.000000	1.240473 
2092.000000	1.247353 
2090.000000	1.253431 
2088.000000	1.251307 
2086.000000	1.246622 
2084.000000	1.241456 
2082.000000	1.234463 
2080.000000	1.229505 
2078.000000	1.227123 
2076.000000	1.219462 
2074.000000	1.208305 
2072.000000	1.197122 
2070.000000	1.184130 
2068.000000	1.170281 
2066.000000	1.158089 
2064.000000	1.147041 
2062.000000	1.137759 
2060.000000	1.132967 
2058.000000	1.127570 
2056.000000	1.121456 
2054.000000	1.117651 
2052.000000	1.114574 
2050.000000	1.112156 
2048.000000	1.111571 
2046.000000	1.109992 
2044.000000	1.107189 
2042.000000	1.106147 
2040.000000	1.104370 
2038.000000	1.103043 
2036.000000	1.103819 
2034.000000	1.103123 
2032.000000	1.101595 
2030.000000	1.100714 
2028.000000	1.100588 
2026.000000	1.099045 
2024.000000	1.099600 
2022.000000	1.099502 
2020.000000	1.097342 
2018.000000	1.097552 
2016.000000	1.095925 
2014.000000	1.093739 
2012.000000	1.094722 
2010.000000	1.095191 
2008.000000	1.092931 
2006.000000	1.092986 
2004.000000	1.094517 
2002.000000	1.093018 
2000.000000	1.092036 
1998.000000	1.092009 
1996.000000	1.089081 
1994.000000	1.086411 
1992.000000	1.087375 
1990.000000	1.086718 
1988.000000	1.085235 
1986.000000	1.084776 
1984.000000	1.085180 
1982.000000	1.086266 
1980.000000	1.085718 
1978.000000	1.083725 
1976.000000	1.082874 
1974.000000	1.082603 
1972.000000	1.081320 
1970.000000	1.080933 
1968.000000	1.081294 
1966.000000	1.081902 
1964.000000	1.082899 
1962.000000	1.081975 
1960.000000	1.078936 
1958.000000	1.077099 
1956.000000	1.076366 
1954.000000	1.075842 
1952.000000	1.076018 
1950.000000	1.076596 
1948.000000	1.074890 
1946.000000	1.074114 
1944.000000	1.073821 
1942.000000	1.072870 
1940.000000	1.073491 
1938.000000	1.073402 
1936.000000	1.072232 
1934.000000	1.071937 
1932.000000	1.070892 
1930.000000	1.068328 
1928.000000	1.066464 
1926.000000	1.065975 
1924.000000	1.066822 
1922.000000	1.067183 
1920.000000	1.064672 
1918.000000	1.063932 
1916.000000	1.065098 
1914.000000	1.065434 
1912.000000	1.064817 
1910.000000	1.064172 
1908.000000	1.062686 
1906.000000	1.061780 
1904.000000	1.061454 
1902.000000	1.060775 
1900.000000	1.059601 
1898.000000	1.059706 
1896.000000	1.059142 
1894.000000	1.057727 
1892.000000	1.057618 
1890.000000	1.056575 
1888.000000	1.056736 
1886.000000	1.057442 
1884.000000	1.056911 
1882.000000	1.055226 
1880.000000	1.054354 
1878.000000	1.053346 
1876.000000	1.050832 
1874.000000	1.050212 
1872.000000	1.049085 
1870.000000	1.046968 
1868.000000	1.048748 
1866.000000	1.050019 
1864.000000	1.048675 
1862.000000	1.047811 
1860.000000	1.047111 
1858.000000	1.045879 
1856.000000	1.046916 
1854.000000	1.046663 
1852.000000	1.044226 
1850.000000	1.042558 
1848.000000	1.040477 
1846.000000	1.036087 
1844.000000	1.037102 
1842.000000	1.039915 
1840.000000	1.038966 
1838.000000	1.039730 
1836.000000	1.040050 
1834.000000	1.038508 
1832.000000	1.034808 
1830.000000	1.033411 
1828.000000	1.033531 
1826.000000	1.032867 
1824.000000	1.035112 
1822.000000	1.034618 
1820.000000	1.033108 
1818.000000	1.032868 
1816.000000	1.031863 
1814.000000	1.029306 
1812.000000	1.027034 
1810.000000	1.026848 
1808.000000	1.028255 
1806.000000	1.029027 
1804.000000	1.026964 
1802.000000	1.024214 
1800.000000	1.024548 
1798.000000	1.024420 
1796.000000	1.021800 
1794.000000	1.018678 
1792.000000	1.020113 
1790.000000	1.023834 
1788.000000	1.023915 
1786.000000	1.020368 
1784.000000	1.017911 
1782.000000	1.016294 
1780.000000	1.016228 
1778.000000	1.016043 
1776.000000	1.013036 
1774.000000	1.008411 
1772.000000	1.008284 
1770.000000	1.010192 
1768.000000	1.011083 
1766.000000	1.011929 
1764.000000	1.009308 
1762.000000	1.007296 
1760.000000	1.007000 
1758.000000	1.006601 
1756.000000	1.008108 
1754.000000	1.005104 
1752.000000	1.001742 
1750.000000	1.000912 
1748.000000	1.003108 
1746.000000	1.004511 
1744.000000	1.002352 
1742.000000	1.000211 
1740.000000	0.999061 
1738.000000	0.998721 
1736.000000	0.993170 
1734.000000	0.995615 
1732.000000	0.998778 
1730.000000	0.997213 
1728.000000	0.998477 
1726.000000	0.997730 
1724.000000	0.997648 
1722.000000	0.995741 
1720.000000	0.988021 
1718.000000	0.985034 
1716.000000	0.990222 
1714.000000	0.991297 
1712.000000	0.991319 
1710.000000	0.990224 
1708.000000	0.985243 
1706.000000	0.982703 
1704.000000	0.979983 
1702.000000	0.972227 
1700.000000	0.974837 
1698.000000	0.974267 
1696.000000	0.975334 
1694.000000	0.980556 
1692.000000	0.978575 
1690.000000	0.976325 
1688.000000	0.972082 
1686.000000	0.963405 
1684.000000	0.964990 
1682.000000	0.971605 
1680.000000	0.972863 
1678.000000	0.969540 
1676.000000	0.965285 
1674.000000	0.966442 
1672.000000	0.960877 
1670.000000	0.959583 
1668.000000	0.965530 
1666.000000	0.964881 
1664.000000	0.960806 
1662.000000	0.962225 
1660.000000	0.962976 
1658.000000	0.958825 
1656.000000	0.948347 
1654.000000	0.939350 
1652.000000	0.951713 
1650.000000	0.951528 
1648.000000	0.944069 
1646.000000	0.948168 
1644.000000	0.953543 
1642.000000	0.951947 
1640.000000	0.949809 
1638.000000	0.943047 
1636.000000	0.940000 
1634.000000	0.947215 
1632.000000	0.947902 
1630.000000	0.945048 
1628.000000	0.943409 
1626.000000	0.940868 
1624.000000	0.937818 
1622.000000	0.941090 
1620.000000	0.940335 
1618.000000	0.934792 
1616.000000	0.938256 
1614.000000	0.940608 
1612.000000	0.937373 
1610.000000	0.935706 
1608.000000	0.935977 
1606.000000	0.935343 
1604.000000	0.934057 
1602.000000	0.933635 
1600.000000	0.932468 
1598.000000	0.931406 
1596.000000	0.930335 
1594.000000	0.928758 
1592.000000	0.926975 
1590.000000	0.925671 
1588.000000	0.924773 
1586.000000	0.923223 
1584.000000	0.921854 
1582.000000	0.919591 
1580.000000	0.916564 
1578.000000	0.909852 
1576.000000	0.909741 
1574.000000	0.913960 
1572.000000	0.910416 
1570.000000	0.906396 
1568.000000	0.907685 
1566.000000	0.907109 
1564.000000	0.904792 
1562.000000	0.896530 
1560.000000	0.886174 
1558.000000	0.893219 
1556.000000	0.897886 
1554.000000	0.899222 
1552.000000	0.898493 
1550.000000	0.897712 
1548.000000	0.897401 
1546.000000	0.892335 
1544.000000	0.885134 
1542.000000	0.877302 
1540.000000	0.878644 
1538.000000	0.888366 
1536.000000	0.888001 
1534.000000	0.884887 
1532.000000	0.886434 
1530.000000	0.886129 
1528.000000	0.881460 
1526.000000	0.879552 
1524.000000	0.877132 
1522.000000	0.872189 
1520.000000	0.874371 
1518.000000	0.874864 
1516.000000	0.876520 
1514.000000	0.875507 
1512.000000	0.873717 
1510.000000	0.867539 
1508.000000	0.858058 
1506.000000	0.865209 
1504.000000	0.872774 
1502.000000	0.871385 
1500.000000	0.867904 
1498.000000	0.864964 
1496.000000	0.867836 
1494.000000	0.869710 
1492.000000	0.863719 
1490.000000	0.859354 
1488.000000	0.861670 
1486.000000	0.864353 
1484.000000	0.864060 
1482.000000	0.863422 
1480.000000	0.863541 
1478.000000	0.859991 
1476.000000	0.855245 
1474.000000	0.850594 
1472.000000	0.853204 
1470.000000	0.858047 
1468.000000	0.856766 
1466.000000	0.852483 
1464.000000	0.853146 
1462.000000	0.853783 
1460.000000	0.846182 
1458.000000	0.839443 
1456.000000	0.845820 
1454.000000	0.850204 
1452.000000	0.850005 
1450.000000	0.848138 
1448.000000	0.846455 
1446.000000	0.844976 
1444.000000	0.842816 
1442.000000	0.841666 
1440.000000	0.838170 
1438.000000	0.832449 
1436.000000	0.832661 
1434.000000	0.833710 
1432.000000	0.831081 
1430.000000	0.828969 
1428.000000	0.828372 
1426.000000	0.825196 
1424.000000	0.822337 
1422.000000	0.819610 
1420.000000	0.815420 
1418.000000	0.816339 
1416.000000	0.817907 
1414.000000	0.816530 
1412.000000	0.814432 
1410.000000	0.811945 
1408.000000	0.809423 
1406.000000	0.807638 
1404.000000	0.806752 
1402.000000	0.804422 
1400.000000	0.801139 
1398.000000	0.798899 
1396.000000	0.795135 
1394.000000	0.794913 
1392.000000	0.796234 
1390.000000	0.793430 
1388.000000	0.790981 
1386.000000	0.791476 
1384.000000	0.790332 
1382.000000	0.788041 
1380.000000	0.786440 
1378.000000	0.783757 
1376.000000	0.779625 
1374.000000	0.777559 
1372.000000	0.776977 
1370.000000	0.775098 
1368.000000	0.774440 
1366.000000	0.772073 
1364.000000	0.768156 
1362.000000	0.767255 
1360.000000	0.766540 
1358.000000	0.765015 
1356.000000	0.763032 
1354.000000	0.761076 
1352.000000	0.758471 
1350.000000	0.756550 
1348.000000	0.755156 
1346.000000	0.752859 
1344.000000	0.751183 
1342.000000	0.748821 
1340.000000	0.745846 
1338.000000	0.743926 
1336.000000	0.742253 
1334.000000	0.740826 
1332.000000	0.739713 
1330.000000	0.738164 
1328.000000	0.736476 
1326.000000	0.735687 
1324.000000	0.733727 
1322.000000	0.730304 
1320.000000	0.727485 
1318.000000	0.725607 
1316.000000	0.724061 
1314.000000	0.722659 
1312.000000	0.721154 
1310.000000	0.719199 
1308.000000	0.718263 
1306.000000	0.716290 
1304.000000	0.714416 
1302.000000	0.712854 
1300.000000	0.710751 
1298.000000	0.708321 
1296.000000	0.706357 
1294.000000	0.705032 
1292.000000	0.703061 
1290.000000	0.701225 
1288.000000	0.698928 
1286.000000	0.695966 
1284.000000	0.693301 
1282.000000	0.690820 
1280.000000	0.688554 
1278.000000	0.686869 
1276.000000	0.685302 
1274.000000	0.683166 
1272.000000	0.681191 
1270.000000	0.679082 
1268.000000	0.676018 
1266.000000	0.673434 
1264.000000	0.671448 
1262.000000	0.669180 
1260.000000	0.667439 
1258.000000	0.666462 
1256.000000	0.664122 
1254.000000	0.661290 
1252.000000	0.658897 
1250.000000	0.656590 
1248.000000	0.654410 
1246.000000	0.652034 
1244.000000	0.650241 
1242.000000	0.649183 
1240.000000	0.646879 
1238.000000	0.644635 
1236.000000	0.643654 
1234.000000	0.641809 
1232.000000	0.639538 
1230.000000	0.638547 
1228.000000	0.637257 
1226.000000	0.634927 
1224.000000	0.633228 
1222.000000	0.632650 
1220.000000	0.631302 
1218.000000	0.629716 
1216.000000	0.628425 
1214.000000	0.627405 
1212.000000	0.627189 
1210.000000	0.627168 
1208.000000	0.626963 
1206.000000	0.627071 
1204.000000	0.628032 
1202.000000	0.628612 
1200.000000	0.630104 
1198.000000	0.631381 
1196.000000	0.632021 
1194.000000	0.634359 
1192.000000	0.636484 
1190.000000	0.638111 
1188.000000	0.641060 
1186.000000	0.644613 
1184.000000	0.647678 
1182.000000	0.651448 
1180.000000	0.656270 
1178.000000	0.660305 
1176.000000	0.664433 
1174.000000	0.668835 
1172.000000	0.672872 
1170.000000	0.677215 
1168.000000	0.681982 
1166.000000	0.686567 
1164.000000	0.690969 
1162.000000	0.695223 
1160.000000	0.699509 
1158.000000	0.704630 
1156.000000	0.709695 
1154.000000	0.713879 
1152.000000	0.718174 
1150.000000	0.722697 
1148.000000	0.726503 
1146.000000	0.731055 
1144.000000	0.734416 
1142.000000	0.737067 
1140.000000	0.740815 
1138.000000	0.744083 
1136.000000	0.747507 
1134.000000	0.750704 
1132.000000	0.753074 
1130.000000	0.754803 
1128.000000	0.757360 
1126.000000	0.760117 
1124.000000	0.761118 
1122.000000	0.762664 
1120.000000	0.764396 
1118.000000	0.767123 
1116.000000	0.770841 
1114.000000	0.773472 
1112.000000	0.775776 
1110.000000	0.779539 
1108.000000	0.782444 
1106.000000	0.783725 
1104.000000	0.786949 
1102.000000	0.790774 
1100.000000	0.794526 
1098.000000	0.798689 
1096.000000	0.801123 
1094.000000	0.802200 
1092.000000	0.804998 
1090.000000	0.807048 
1088.000000	0.807756 
1086.000000	0.810365 
1084.000000	0.812680 
1082.000000	0.814465 
1080.000000	0.817279 
1078.000000	0.818786 
1076.000000	0.819644 
1074.000000	0.821669 
1072.000000	0.822939 
1070.000000	0.823655 
1068.000000	0.825976 
1066.000000	0.827151 
1064.000000	0.827452 
1062.000000	0.828604 
1060.000000	0.828600 
1058.000000	0.827231 
1056.000000	0.826524 
1054.000000	0.825234 
1052.000000	0.822165 
1050.000000	0.821799 
1048.000000	0.820222 
1046.000000	0.816868 
1044.000000	0.815176 
1042.000000	0.810622 
1040.000000	0.804291 
1038.000000	0.799630 
1036.000000	0.794881 
1034.000000	0.787829 
1032.000000	0.780758 
1030.000000	0.774339 
1028.000000	0.766625 
1026.000000	0.759196 
1024.000000	0.750556 
1022.000000	0.740035 
1020.000000	0.730562 
1018.000000	0.721019 
1016.000000	0.709273 
1014.000000	0.697432 
1012.000000	0.685534 
1010.000000	0.672767 
1008.000000	0.661283 
1006.000000	0.649740 
1004.000000	0.637061 
1002.000000	0.625276 
1000.000000	0.613357 
998.000000	 0.600895 
996.000000	 0.590465 
994.000000	 0.581308 
992.000000	 0.573220 
990.000000	 0.568540 
988.000000	 0.567233 
986.000000	 0.568210 
984.000000	 0.572510 
982.000000	 0.579263 
980.000000	 0.584398 
978.000000	 0.587650 
976.000000	 0.588174 
974.000000	 0.582954 
972.000000	 0.573423 
970.000000	 0.561850 
968.000000	 0.549469 
966.000000	 0.537716 
964.000000	 0.528451 
962.000000	 0.521261 
960.000000	 0.515983 
958.000000	 0.512071 
956.000000	 0.508678 
954.000000	 0.506205 
952.000000	 0.504958 
950.000000	 0.505650 
948.000000	 0.508610 
946.000000	 0.513266 
944.000000	 0.518209 
942.000000	 0.523608 
940.000000	 0.528464 
938.000000	 0.531529 
936.000000	 0.533419 
934.000000	 0.533654 
932.000000	 0.531956 
930.000000	 0.529999 
928.000000	 0.527889 
926.000000	 0.525860 
924.000000	 0.526252 
922.000000	 0.529577 
920.000000	 0.536658 
918.000000	 0.547585 
916.000000	 0.557897 
914.000000	 0.564379 
912.000000	 0.567641 
910.000000	 0.571182 
908.000000	 0.575367 
906.000000	 0.575344 
904.000000	 0.569400 
902.000000	 0.561364 
900.000000	 0.552515 
898.000000	 0.541193 
896.000000	 0.528916 
894.000000	 0.517736 
892.000000	 0.507829 
890.000000	 0.499749 
888.000000	 0.495103 
886.000000	 0.492923 
884.000000	 0.491744 
882.000000	 0.493615 
880.000000	 0.497875 
878.000000	 0.502693 
876.000000	 0.507221 
874.000000	 0.511187 
872.000000	 0.514303 
870.000000	 0.517721 
868.000000	 0.521280 
866.000000	 0.523997 
864.000000	 0.525815 
862.000000	 0.525842 
860.000000	 0.523985 
858.000000	 0.522082 
856.000000	 0.521157 
854.000000	 0.519411 
852.000000	 0.518291 
850.000000	 0.517433 
848.000000	 0.515181 
846.000000	 0.514099 
844.000000	 0.514350 
842.000000	 0.514177 
840.000000	 0.513910 
838.000000	 0.513182 
836.000000	 0.509934 
834.000000	 0.506425 
832.000000	 0.502120 
830.000000	 0.494686 
828.000000	 0.486002 
826.000000	 0.476902 
824.000000	 0.468566 
822.000000	 0.460316 
820.000000	 0.453286 
818.000000	 0.446938 
816.000000	 0.440445 
814.000000	 0.435078 
812.000000	 0.429386 
810.000000	 0.424518 
808.000000	 0.420625 
806.000000	 0.416399 
804.000000	 0.411383 
802.000000	 0.406032 
800.000000	 0.400114 
798.000000	 0.393964 
796.000000	 0.387579 
794.000000	 0.380728 
792.000000	 0.373787 
790.000000	 0.366077 
788.000000	 0.358189 
786.000000	 0.350930 
784.000000	 0.343547 
782.000000	 0.336229 
780.000000	 0.329359 
778.000000	 0.322676 
776.000000	 0.315788 
774.000000	 0.309459 
772.000000	 0.303569 
770.000000	 0.297901 
768.000000	 0.292494 
766.000000	 0.287138 
764.000000	 0.282296 
762.000000	 0.278812 
760.000000	 0.276229 
758.000000	 0.272878 
756.000000	 0.270373 
754.000000	 0.268627 
752.000000	 0.267560 
750.000000	 0.267201 
748.000000	 0.266734 
746.000000	 0.267016 
744.000000	 0.268372 
742.000000	 0.270068 
740.000000	 0.272326 
738.000000	 0.275906 
736.000000	 0.279272 
734.000000	 0.281560 
732.000000	 0.284967 
730.000000	 0.290255 
728.000000	 0.295304 
726.000000	 0.300212 
724.000000	 0.305410 
722.000000	 0.309863 
720.000000	 0.315719 
718.000000	 0.321985 
716.000000	 0.327111 
714.000000	 0.332071 
712.000000	 0.336780 
710.000000	 0.340601 
708.000000	 0.344247 
706.000000	 0.348438 
704.000000	 0.351430 
702.000000	 0.354054 
700.000000	 0.355844 
698.000000	 0.358183 
696.000000	 0.362091 
694.000000	 0.367573 
692.000000	 0.373397 
690.000000	 0.380014 
688.000000	 0.388820 
686.000000	 0.397358 
684.000000	 0.405403 
682.000000	 0.414134 
680.000000	 0.423114 
678.000000	 0.432604 
676.000000	 0.442826 
674.000000	 0.452488 
672.000000	 0.459878 
670.000000	 0.466691 
668.000000	 0.470693 
666.000000	 0.464632 
664.000000	 0.457031 
662.000000	 0.448304 
660.000000	 0.440657 
658.000000	 0.435294 
656.000000	 0.430533 
654.000000	 0.426433 
652.000000	 0.424719 
650.000000	 0.425338 
648.000000	 0.427696 
646.000000	 0.433367 
644.000000	 0.440961 
642.000000	 0.449712 
640.000000	 0.458555 
638.000000	 0.467528 
636.000000	 0.477436 
634.000000	 0.488579 
632.000000	 0.498415 
630.000000	 0.504379 
628.000000	 0.504559 
626.000000	 0.496147 
624.000000	 0.479293 
622.000000	 0.454387 
620.000000	 0.422740 
618.000000	 0.386332 
616.000000	 0.350433 
614.000000	 0.317671 
612.000000	 0.290354 
610.000000	 0.268178 
608.000000	 0.247164 
606.000000	 0.228140 
604.000000	 0.212487 
602.000000	 0.199138 
600.000000	 0.187484 
598.000000	 0.176774 
596.000000	 0.166902 
594.000000	 0.158688 
592.000000	 0.151633 
590.000000	 0.144847 
588.000000	 0.138738 
586.000000	 0.132932 
584.000000	 0.127564 
582.000000	 0.122358 
580.000000	 0.117917 
578.000000	 0.112559 
576.000000	 0.106302 
574.000000	 0.100968 
572.000000	 0.095095 
570.000000	 0.088856 
568.000000	 0.084396 
566.000000	 0.081225 
564.000000	 0.078010 
562.000000	 0.075113 
560.000000	 0.070796 
558.000000	 0.065686 
556.000000	 0.062154 
554.000000	 0.059845 
552.000000	 0.058506 
550.000000	 0.057193 
548.000000	 0.055200 
546.000000	 0.053278 
544.000000	 0.051245 
542.000000	 0.048517 
540.000000	 0.045970 
538.000000	 0.044481 
536.000000	 0.043088 
534.000000	 0.042436 
532.000000	 0.041590 
530.000000	 0.039902 
528.000000	 0.037800 
526.000000	 0.036400 
524.000000	 0.035891 
522.000000	 0.036117 
520.000000	 0.036125 
518.000000	 0.035920 
516.000000	 0.038135 
514.000000	 0.041793 
512.000000	 0.043872 
510.000000	 0.044479 
508.000000	 0.044280 
506.000000	 0.043464 
504.000000	 0.041607 
502.000000	 0.040031 
500.000000	 0.040086 
498.000000	 0.040100 
496.000000	 0.040021 
494.000000	 0.039487 
492.000000	 0.038698 
490.000000	 0.038879 
488.000000	 0.038637 
486.000000	 0.037709 
484.000000	 0.037769 
482.000000	 0.037795 
480.000000	 0.038226 
478.000000	 0.038781 
476.000000	 0.038293 
474.000000	 0.036314 
472.000000	 0.035696 
470.000000	 0.036623 
468.000000	 0.037059 
466.000000	 0.037100 
464.000000	 0.036041 
462.000000	 0.035251 
460.000000	 0.033256 
458.000000	 0.030258 
456.000000	 0.031776 
454.000000	 0.034108 
452.000000	 0.033641 
450.000000	 0.032640 

