  8.3100000e-003  7.5600000e-003  5.2500000e-003  9.3800000e-003  4.4700000e-003
  8.5600000e-003  2.9300000e-003  2.9900000e-003  1.7400000e-003  6.2700000e-003
  7.7700000e-003  2.6600000e-003  2.9500000e-003  4.2793700e-004  8.1000000e-003
  6.7400000e-003  6.6000000e-003  4.3776000e-004  1.0200000e-003  8.1400000e-003
  3.0800000e-003  9.4900000e-003  1.4000000e-003  5.9600000e-003  9.9800000e-003
  1.5200000e-003  6.6900000e-003  6.2800000e-003  8.2700000e-003  5.6700000e-003
  7.5400000e-003  5.9300000e-003  2.2100000e-003  1.8700000e-003  1.0600000e-003
  3.4400000e-003  4.4500000e-003  4.1700000e-003  4.0300000e-003  8.2500000e-003
  6.6300000e-003  9.1102800e-004  3.2000000e-003  6.8500000e-003  5.0600000e-003
  4.0400000e-003  9.7200000e-003  2.8400000e-003  5.5400000e-003  5.0600000e-003
  3.5700000e-003  9.4900000e-003  3.3400000e-003  8.5900000e-003  7.1600000e-003
  2.1800000e-003  4.9900000e-003  2.4000000e-003  1.7594300e-004  9.2444200e-004
  6.9500000e-003  5.0900000e-003  5.2300000e-003  3.9000000e-003  3.2900000e-003
  9.5300000e-003  6.5788700e-004  6.5000000e-003  9.8400000e-003  6.8300000e-003
  6.1600000e-003  6.9300000e-003  3.1800000e-003  5.8000000e-003  7.7500000e-003
  5.4900000e-003  8.5300000e-003  8.1556500e-004  2.7100000e-003  2.2700000e-003
  4.6800000e-003  2.4800000e-003  7.7000000e-003  6.7700000e-003  2.3100000e-003
  3.6500000e-003  2.1800000e-003  9.2000000e-003  8.2400000e-003  9.6700000e-003
  3.5392200e-004  7.2400000e-003  5.9100000e-003  5.0400000e-003  9.7900000e-003
  6.0700000e-003  8.3300000e-003  5.5600000e-003  8.6100000e-003  2.9900000e-003
  3.7200000e-003  1.3300000e-003  7.9900000e-003  7.4100000e-003  1.8100000e-003
  9.8100000e-003  1.0500000e-003  6.0163500e-004  5.0300000e-003  1.7500000e-003
  5.9500000e-003  4.3100000e-003  1.8100000e-003  2.4500000e-003  5.5200000e-003
  6.4400000e-003  2.5700000e-003  1.0200000e-003  5.3800000e-003  5.5500000e-003
  2.7800000e-003  8.3400000e-003  9.5600000e-003  7.9300000e-003  2.7384900e-005
  6.9300000e-003  4.0200000e-003  7.0500000e-003  4.2000000e-003  9.6400000e-003
  2.9700000e-003  6.9495900e-004  8.2300000e-003  8.9400000e-003  4.2600000e-003
  9.8300000e-003  4.7400000e-003  9.4300000e-003  7.7300000e-003  8.4700000e-003
  5.3700000e-003  2.3400000e-003  4.0900000e-003  5.7700000e-003  1.3700000e-003
  8.9200000e-003  5.3900000e-003  5.0600000e-003  4.5700000e-003  2.5400000e-003
  3.7600000e-003  3.7900000e-003  3.3900000e-003  6.7700000e-003  6.4900000e-003
  7.7000000e-003  6.7000000e-003  2.7000000e-003  1.6800000e-003  8.5600000e-003
  7.9600000e-003  2.3300000e-003  8.3300000e-003  7.6500000e-003  3.2100000e-003
  4.2800000e-003  4.4700000e-003  5.7600000e-003  6.6200000e-003  8.2700000e-003
  1.2700000e-003  9.3400000e-003  4.4700000e-003  3.2400000e-003  4.4300000e-003
  5.8400000e-003  2.2500000e-003  5.9900000e-003  3.0100000e-003  8.3580900e-004
  3.4600000e-003  5.3200000e-003  9.7500000e-003  6.6300000e-003  7.3965100e-005
  8.7300000e-003  4.9600000e-003  4.3100000e-003  2.9800000e-003  9.2300000e-003
  2.4400000e-003  3.3500000e-003  6.2500000e-003  3.6000000e-003  6.0300000e-003
  8.0700000e-003  8.3900000e-003  1.8382000e-005  7.9400000e-003  2.4900000e-003
  6.5400000e-003  7.7600000e-003  3.2700000e-003  4.4800000e-003  3.3800000e-003
  1.5700000e-003  8.1400000e-003  3.4500000e-003  1.9400000e-003  3.2000000e-003
  3.9700000e-003  2.0700000e-003  3.8400000e-003  9.0200000e-003  5.6100000e-003
  2.2800000e-003  2.3000000e-003  9.5600000e-003  2.3200000e-003  6.6800000e-003
  9.1500000e-003  9.0300000e-003  6.9661300e-004  3.4100000e-003  4.5600000e-003
  4.6500000e-003  6.7700000e-003  9.2900000e-003  2.6600000e-003  7.2400000e-003
  4.9800000e-003  5.0100000e-003  3.4000000e-003  6.7500000e-003  5.5100000e-003
  3.4200000e-003  4.7200000e-003  9.2000000e-003  8.4500000e-003  4.1600000e-003
  5.6800000e-003  9.7900000e-003  5.6300000e-003  6.7010200e-005  2.7700000e-003
  7.1500000e-003  2.1200000e-003  8.6400000e-003  2.5200000e-003  2.3300000e-003
  1.2000000e-003  9.6000000e-003  1.0000000e-002  2.2200000e-003  5.4500000e-003
  4.3800000e-003  7.3700000e-003  7.7800000e-003  4.2100000e-003  6.4900000e-003
  2.8200000e-003  2.7000000e-003  4.5700000e-003  7.6400000e-003  8.0400000e-003
  9.8200000e-003  1.8900000e-003  5.8800000e-003  9.9300000e-003  2.0100000e-003
  1.3400000e-003  1.5500000e-003  5.5396100e-004  6.4100000e-003  5.2500000e-003
  6.7000000e-003  3.9600000e-003  5.1100000e-003  9.8100000e-003  3.8500000e-003
  2.2500000e-003  4.1300000e-003  5.4000000e-003  7.4100000e-003  7.4700000e-003
  3.2600000e-003  6.3055400e-004  7.0400000e-003  1.0700000e-003  2.3426400e-004
  9.3500000e-003  9.2000000e-003  1.4800000e-003  5.1500000e-003  1.5500000e-003
  3.6800000e-003  8.4987700e-004  1.3900000e-003  7.2400000e-003  2.9200000e-003
  7.4000000e-003  8.7821600e-004  2.1700000e-003  6.7100000e-003  3.4200000e-003
  6.3600000e-003  8.4300000e-003  4.5300000e-003  7.1600000e-003  7.6100000e-003
  5.7800000e-003  8.1200000e-003  9.0000000e-003  6.1400000e-003  2.8800000e-003
  7.1900000e-003  7.6500000e-003  3.3000000e-003  2.5000000e-003  5.6500000e-003
  5.7800000e-003  8.8500000e-003  9.1400000e-003  7.2300000e-003  8.1500000e-003
  8.7356000e-004  9.2700000e-003  7.8400000e-003  3.4700000e-003  7.8000000e-003
  5.2400000e-003  2.8100000e-003  7.8601900e-004  5.3600000e-003  2.5756200e-004
  4.4600000e-003  6.7200000e-003  3.8417500e-004  6.2200000e-003  2.4200000e-003
  9.9700000e-003  3.8400000e-003  4.8000000e-003  4.8900000e-003  8.0000000e-003
  8.4900000e-003  6.6500000e-003  5.8802700e-004  7.2400000e-003  2.3700000e-003
  9.6500000e-003  1.7300000e-003  7.8300000e-003  2.8000000e-003  8.4900000e-003
  5.2700000e-003  7.3900000e-003  9.0400000e-003  1.3100000e-003  9.4914500e-005
  8.3500000e-003  9.3900000e-003  9.4200000e-003  2.8100000e-003  7.2600000e-003
  8.1000000e-003  9.3500000e-003  9.4300000e-003  5.9600000e-003  3.8700000e-003
  7.1100000e-003  6.9200000e-003  3.3600000e-003  3.8900000e-003  4.4100000e-003
  4.6400000e-003  6.1655000e-004  3.0500000e-003  7.1900000e-003  4.1100000e-003
  6.2000000e-003  5.8800000e-003  9.0900000e-003  2.7808300e-004  2.5004600e-005
  4.2600000e-003  7.5000000e-003  4.0700000e-003  6.5500000e-003  3.2300000e-003
  3.7200000e-003  3.2600000e-003  2.3614100e-004  4.4900000e-003  6.7900000e-003
  3.4500000e-003  1.9400000e-003  1.9200000e-003  9.1800000e-003  5.0055800e-004
  5.8600000e-003  7.1900000e-003  9.2600000e-003  5.0000000e-003  9.3100000e-003
  7.3727700e-004  8.1700000e-003  1.3200000e-003  5.4800000e-003  8.2900000e-003
  3.1600000e-003  3.4200000e-003  6.5900000e-003  6.9900000e-003  1.6500000e-003
  6.4200000e-003  6.7699000e-004  2.9100000e-003  3.6800000e-003  9.1400000e-003
  2.7600000e-003  4.4500000e-003  6.1500000e-003  3.1500000e-003  4.1000000e-003
  9.2700000e-003  6.4700000e-003  6.3400000e-003  9.8995200e-004  6.8900000e-003
  1.5500000e-003  1.4900000e-003  3.3800000e-003  8.5400000e-003  5.4500000e-003
  1.9300000e-003  6.4300000e-003  8.6200000e-003  8.1200000e-003  4.3400000e-003
  6.6800000e-003  7.7900000e-003  3.3500000e-003  9.6500000e-003  8.2500000e-003
  3.6592100e-004  1.9700000e-003  3.5900000e-003  5.5300000e-003  4.2700000e-003
  2.2211400e-004  5.7800000e-003  7.4100000e-003  1.2700000e-003  4.4300000e-003
  7.4400000e-003  6.0386200e-004  2.9900000e-003  7.5759700e-004  1.9300000e-003
  4.0800000e-003  4.2900000e-003  6.7267300e-004  4.9800000e-003  4.1192000e-004
  9.5500000e-003  6.8900000e-003  1.5700000e-003  3.0300000e-003  3.2200000e-003
  6.0900000e-003  3.5100000e-003  4.8800000e-003  3.6400000e-003  3.6200000e-003
  7.6000000e-003  5.6500000e-003  2.6900000e-003  1.5500000e-003  6.0400000e-003
  3.7100000e-003  1.3200000e-003  3.9900000e-003  2.8500000e-003  6.9700000e-003
  5.2700000e-003  7.3400000e-003  1.4700000e-003  3.9629300e-004  3.4900000e-003
  9.3200000e-003  1.4600000e-003  6.5200000e-003  4.1900000e-003  7.7600000e-003
  6.0800000e-003  4.3672600e-004  7.9000000e-003  1.0400000e-003  2.7400000e-003
  5.3600000e-003  1.3800000e-003  3.6400000e-003  1.0900000e-003  7.6100000e-003
  9.2199600e-004  4.9900000e-003  3.4300000e-003  3.2300000e-003  9.2700000e-003
  7.4000000e-003  5.4200000e-003  1.1000000e-003  5.4900000e-003  2.2500000e-003
  8.9200000e-003  8.8500000e-003  6.6600000e-003  2.8100000e-003  9.8400000e-003
  2.4900000e-003  9.5700000e-003  1.3100000e-003  5.2500000e-003  8.9400000e-003
  1.0200000e-003  9.0771900e-004  4.8300000e-003  5.8100000e-003  5.1100000e-003
  1.1000000e-003  6.6600000e-003  6.8000000e-003  3.6700000e-003  4.9900000e-003
  4.4600000e-003  8.9010200e-004  3.8800000e-003  3.3100000e-003  3.3600000e-003
  3.6500000e-003  9.9600000e-003  2.8700000e-003  1.2000000e-003  1.6300000e-003
  8.7100000e-003  2.5200000e-003  1.2000000e-003  6.0556800e-004  7.9800000e-003
  6.7002100e-004  9.7000000e-003  9.3000000e-003  2.6300000e-003  7.2900000e-003
  8.2500000e-003  9.8500000e-003  1.3100000e-003  2.0300000e-003  5.5300000e-003
  1.4700000e-003  9.9300000e-003  2.0800000e-003  5.2700000e-003  2.4800000e-003
  5.9400000e-003  7.4200000e-003  8.5000000e-003  7.7300000e-003  7.8060100e-004
  6.7800000e-003  4.2800000e-003  7.8300000e-003  8.7900000e-003  8.9500000e-003
  4.4200000e-003  8.5794500e-004  9.0000000e-003  7.3000000e-003  1.0140000e-002
  9.4500000e-003  1.6900000e-003  3.3832200e-004  6.7600000e-003  7.4200000e-003
  5.6300000e-003  3.9900000e-003  6.9600000e-003  3.6400000e-003  6.8700000e-003
  7.4100000e-003  9.8800000e-003  7.4600000e-003  4.6900000e-003  4.2300000e-003
  5.3200000e-003  1.0290000e-002  4.2500000e-003  2.8900000e-003  7.9800000e-003
  8.7500000e-003  1.3300000e-003  2.9300000e-003  1.2000000e-003  7.6200000e-003
  9.3500000e-003  2.8700000e-003  4.4729400e-004  5.6311100e-004  2.8100000e-003
  2.2900000e-003  6.0900000e-003  4.1700000e-003  6.7600000e-003  1.0320000e-002
  6.6800000e-003  3.6300000e-003  8.7600000e-003  3.5200000e-003  3.2900000e-003
  5.9600000e-003  3.0800000e-003  7.4000000e-003  1.3800000e-003  1.1600000e-003
  1.0100000e-003  9.8500000e-003  7.4000000e-003  3.6400000e-003  7.7431000e-004
  1.1800000e-003  5.7400000e-003  5.3200000e-003  4.1700000e-003  8.5400000e-003
  6.4400000e-003  6.8000000e-003  7.0700000e-003  7.1300000e-003  8.7900000e-003
  4.7200000e-003  7.0138000e-004  7.3600000e-003  2.4400000e-003  8.1400000e-003
  5.5300000e-003  1.1900000e-003  1.3100000e-003  7.2500000e-003  9.8600000e-003
  6.5166500e-004  1.1100000e-003  6.2500000e-003  9.5500000e-003  5.1900000e-003
  9.0100000e-003  5.1300000e-003  3.9800000e-003  5.0100000e-003  2.8900000e-003
  2.1900000e-003  7.1900000e-003  9.2300000e-003  5.1600000e-003  9.2400000e-003
  6.0700000e-003  9.9800000e-003  2.5300000e-003  2.1100000e-003  4.8700000e-003
  7.8800000e-003  4.6000000e-003  8.9000000e-003  7.8200000e-003  1.0550000e-002
  2.4800000e-003  1.4000000e-003  6.7500000e-003  8.4700000e-003  2.5600000e-003
  1.3400000e-003  5.2200000e-003  1.0260000e-002  5.8400000e-003  4.2300000e-003
  7.3300000e-003  4.1400000e-003  1.0060000e-002  3.1300000e-003  4.7900000e-003
  9.8900000e-003  4.4400000e-003  3.0800000e-003  4.7100000e-003  6.0500000e-003
  5.6700000e-003  1.2600000e-003  7.8400000e-003  6.9200000e-003  4.7400000e-003
  3.0500000e-003  4.3700000e-003  9.3800000e-003  7.9100000e-003  3.9800000e-003
  9.8300000e-003  1.8000000e-003  9.9900000e-003  7.2100000e-003  7.9700000e-003
  1.9400000e-003  3.8600000e-003  5.5700000e-003  1.6600000e-003  7.1400000e-003
  5.5400000e-003  1.2900000e-003  1.1060000e-002  1.0980000e-002  6.1400000e-003
  8.0800000e-003  4.5100000e-003  2.0600000e-003  3.7600000e-003  3.4700000e-003
  9.1300000e-003  9.5400000e-003  8.2200000e-003  9.1100000e-003  8.8200000e-003
  2.7800000e-003  3.0300000e-003  2.9200000e-003  8.2100000e-003  7.0400000e-003
  1.4200000e-003  7.0400000e-003  1.0170000e-002  6.4500000e-003  3.0800000e-003
  2.7700000e-003  5.4500000e-003  4.1300000e-003  2.9100000e-003  8.7500000e-003
  8.6600000e-003  9.8900000e-003  1.1120000e-002  4.7700000e-003  1.1230000e-002
  3.1400000e-003  9.6000000e-003  2.3500000e-003  6.4300000e-003  6.9600000e-003
  2.3300000e-003  7.3900000e-003  3.7000000e-003  4.2500000e-003  2.7400000e-003
  3.6500000e-003  1.0260000e-002  1.0170000e-002  1.0890000e-002  3.8200000e-003
  7.0600000e-003  8.9200000e-003  5.8100000e-003  6.9300000e-003  2.4100000e-003
  6.8000000e-003  4.1100000e-003  1.1060000e-002  6.1400000e-003  9.5400000e-003
  1.2010000e-002  8.5200000e-003  1.1460000e-002  1.0510000e-002  4.4200000e-003
  8.2600000e-003  8.0800000e-003  1.0500000e-002  3.1100000e-003  2.5400000e-003
  7.8200000e-003  4.6900000e-003  5.3400000e-003  5.7900000e-003  2.6600000e-003
  6.0100000e-003  3.1500000e-003  9.1600000e-003  3.3400000e-003  7.5600000e-003
  4.2700000e-003  9.7000000e-003  2.8500000e-003  9.6100000e-003  1.0390000e-002
  6.4500000e-003  6.9400000e-003  6.0900000e-003  7.5600000e-003  9.7600000e-003
  6.9600000e-003  1.0840000e-002  7.2500000e-003  8.5300000e-003  7.7700000e-003
  4.6100000e-003  1.1990000e-002  5.7100000e-003  4.3500000e-003  8.4500000e-003
  1.0730000e-002  4.8400000e-003  1.0480000e-002  7.6200000e-003  4.4600000e-003
  7.7500000e-003  3.9800000e-003  8.3300000e-003  7.3600000e-003  6.1500000e-003
  4.3100000e-003  7.0400000e-003  6.4300000e-003  4.4600000e-003  5.0000000e-003
  1.3400000e-002  6.0400000e-003  9.5900000e-003  7.6700000e-003  7.7000000e-003
  5.8000000e-003  8.9600000e-003  1.0060000e-002  7.7900000e-003  1.2330000e-002
  1.2970000e-002  1.0320000e-002  1.3310000e-002  7.5200000e-003  1.0110000e-002
  1.3410000e-002  1.3640000e-002  4.3600000e-003  1.1790000e-002  1.2860000e-002
  1.3850000e-002  9.3100000e-003  1.2480000e-002  1.2580000e-002  5.3000000e-003
  1.2560000e-002  1.2410000e-002  1.1770000e-002  6.2900000e-003  8.4500000e-003
  1.2740000e-002  7.5300000e-003  1.0130000e-002  8.4700000e-003  8.7900000e-003
  5.1700000e-003  7.9100000e-003  1.3910000e-002  5.1500000e-003  1.4140000e-002
  9.4800000e-003  1.0320000e-002  1.0450000e-002  5.3700000e-003  1.1000000e-002
  1.1220000e-002  9.2400000e-003  9.4600000e-003  1.2110000e-002  1.4390000e-002
  1.5300000e-002  1.0220000e-002  1.4780000e-002  1.5050000e-002  5.9200000e-003
  6.9500000e-003  1.3620000e-002  9.7700000e-003  1.4020000e-002  1.3980000e-002
  1.1830000e-002  1.5270000e-002  1.3220000e-002  1.1760000e-002  1.1620000e-002
  1.0200000e-002  1.4140000e-002  1.4990000e-002  1.1350000e-002  8.7300000e-003
  8.7100000e-003  1.3520000e-002  1.0820000e-002  6.8800000e-003  7.2500000e-003
  1.3030000e-002  1.2280000e-002  1.2030000e-002  7.7000000e-003  9.9400000e-003
  1.3760000e-002  1.1640000e-002  1.7160000e-002  8.4400000e-003  1.5320000e-002
  1.1110000e-002  1.6010000e-002  1.6510000e-002  1.1790000e-002  1.2780000e-002
  1.6540000e-002  1.2080000e-002  1.2650000e-002  9.7700000e-003  9.0600000e-003
  1.4890000e-002  1.0050000e-002  1.7280000e-002  1.4140000e-002  1.5530000e-002
  8.6600000e-003  1.0440000e-002  1.0830000e-002  9.2100000e-003  1.3140000e-002
  1.5190000e-002  1.0860000e-002  1.8310000e-002  1.0600000e-002  1.6350000e-002
  1.8670000e-002  1.1890000e-002  1.6620000e-002  1.8310000e-002  1.8430000e-002
  1.6500000e-002  1.0520000e-002  9.8800000e-003  1.3530000e-002  1.3730000e-002
  1.6530000e-002  1.0670000e-002  1.8110000e-002  1.2970000e-002  1.3990000e-002
  1.1170000e-002  1.8700000e-002  1.1690000e-002  2.0050000e-002  1.5540000e-002
  1.3600000e-002  1.8430000e-002  2.0840000e-002  1.1250000e-002  1.1660000e-002
  1.8140000e-002  1.6700000e-002  1.3430000e-002  2.0000000e-002  2.0100000e-002
  1.9680000e-002  1.2950000e-002  1.8290000e-002  1.9980000e-002  1.7800000e-002
  1.6030000e-002  1.2940000e-002  1.4560000e-002  2.1700000e-002  1.8140000e-002
  1.8260000e-002  2.0200000e-002  1.4900000e-002  1.4490000e-002  1.6830000e-002
  2.0600000e-002  2.3280000e-002  2.3390000e-002  1.4230000e-002  1.6660000e-002
  1.4890000e-002  2.2760000e-002  1.8600000e-002  2.0750000e-002  2.0830000e-002
  2.0630000e-002  2.1640000e-002  1.7400000e-002  2.4370000e-002  2.2900000e-002
  2.1410000e-002  1.8100000e-002  1.8880000e-002  1.8500000e-002  2.1250000e-002
  1.8990000e-002  1.9190000e-002  2.1320000e-002  2.5630000e-002  1.6020000e-002
  2.0210000e-002  2.3410000e-002  2.1330000e-002  2.2220000e-002  1.9310000e-002
  2.6530000e-002  2.4300000e-002  1.8190000e-002  2.1460000e-002  2.1370000e-002
  2.5800000e-002  1.8630000e-002  2.3150000e-002  2.4500000e-002  2.2120000e-002
  2.2480000e-002  2.5230000e-002  2.7710000e-002  1.9300000e-002  2.0740000e-002
  2.6250000e-002  2.2590000e-002  2.8130000e-002  2.3080000e-002  2.2370000e-002
  2.7040000e-002  2.5530000e-002  2.6050000e-002  2.0960000e-002  2.7300000e-002
  2.8760000e-002  3.0070000e-002  2.5540000e-002  2.5950000e-002  2.1990000e-002
  2.2980000e-002  2.4340000e-002  2.5100000e-002  2.8440000e-002  3.0710000e-002
  2.4970000e-002  2.3260000e-002  3.1880000e-002  2.7250000e-002  2.8620000e-002
  2.4550000e-002  2.6870000e-002  2.4870000e-002  3.3110000e-002  2.9010000e-002
  2.8550000e-002  3.3340000e-002  2.5160000e-002  2.5640000e-002  2.8690000e-002
  2.9830000e-002  2.6620000e-002  2.9020000e-002  2.7790000e-002  3.3330000e-002
  2.8180000e-002  3.0310000e-002  3.2370000e-002  2.7920000e-002  2.7640000e-002
  3.6010000e-002  3.1350000e-002  3.0390000e-002  3.6760000e-002  3.6780000e-002
  2.9990000e-002  3.3680000e-002  3.3460000e-002  2.9430000e-002  3.1590000e-002
  3.8170000e-002  3.0650000e-002  3.7360000e-002  3.1580000e-002  3.0870000e-002
  3.4360000e-002  3.7670000e-002  3.6410000e-002  3.8950000e-002  3.5390000e-002
  3.3160000e-002  3.5510000e-002  3.6310000e-002  3.6480000e-002  3.5680000e-002
  3.3890000e-002  3.8320000e-002  3.3230000e-002  3.7720000e-002  4.1120000e-002
  4.0210000e-002  3.6540000e-002  4.1020000e-002  4.1570000e-002  4.0890000e-002
  3.9350000e-002  4.1950000e-002  4.3710000e-002  4.1970000e-002  4.0780000e-002
  4.4700000e-002  4.1830000e-002  3.9100000e-002  4.2380000e-002  3.8270000e-002
  4.7270000e-002  4.4680000e-002  3.9810000e-002  4.6950000e-002  4.6280000e-002
  4.0560000e-002  3.9690000e-002  4.1540000e-002  4.0740000e-002  4.5920000e-002
  4.5950000e-002  4.9350000e-002  4.7590000e-002  4.2890000e-002  4.7380000e-002
  5.0890000e-002  4.3670000e-002  4.7530000e-002  4.6060000e-002  5.0000000e-002
  5.0270000e-002  5.1190000e-002  4.7870000e-002  4.4460000e-002  4.7730000e-002
  5.3350000e-002  4.8730000e-002  5.1440000e-002  5.3090000e-002  5.0610000e-002
  5.3650000e-002  4.9630000e-002  5.3570000e-002  5.4620000e-002  5.4990000e-002
  5.2710000e-002  5.6400000e-002  5.0410000e-002  5.2230000e-002  4.8670000e-002
  5.2340000e-002  5.8920000e-002  5.4960000e-002  5.4750000e-002  5.1880000e-002
  5.9710000e-002  5.7380000e-002  5.4900000e-002  5.2360000e-002  5.2300000e-002
  5.2620000e-002  5.9440000e-002  5.8590000e-002  6.0030000e-002  5.8360000e-002
  5.5050000e-002  5.5220000e-002  6.2730000e-002  5.5190000e-002  5.8770000e-002
  6.3590000e-002  5.7180000e-002  6.1260000e-002  6.4430000e-002  6.2420000e-002
  6.7650000e-002  6.2740000e-002  5.8460000e-002  6.5290000e-002  6.6450000e-002
  6.4310000e-002  6.3890000e-002  6.7210000e-002  6.8350000e-002  6.0270000e-002
  6.7800000e-002  6.6520000e-002  6.2210000e-002  6.6750000e-002  6.9310000e-002
  7.2350000e-002  7.1340000e-002  6.9120000e-002  6.7880000e-002  6.7300000e-002
  7.5440000e-002  6.8740000e-002  6.8850000e-002  7.2510000e-002  7.4120000e-002
  7.4520000e-002  7.5450000e-002  7.3420000e-002  7.6470000e-002  7.7300000e-002
  7.2200000e-002  7.0180000e-002  7.2930000e-002  7.4270000e-002  7.5020000e-002
  7.8290000e-002  7.9420000e-002  7.8830000e-002  7.2590000e-002  8.0240000e-002
  7.4800000e-002  7.7790000e-002  8.3700000e-002  7.8090000e-002  8.3970000e-002
  7.8470000e-002  8.0610000e-002  7.8990000e-002  7.9020000e-002  7.7380000e-002
  8.1990000e-002  8.8010000e-002  8.4430000e-002  8.5910000e-002  8.3000000e-002
  8.7560000e-002  8.2480000e-002  8.5610000e-002  8.6040000e-002  8.8280000e-002
  8.7570000e-002  8.7500000e-002  9.0710000e-002  9.1960000e-002  8.8940000e-002
  9.2390000e-002  9.4570000e-002  9.3020000e-002  9.2900000e-002  9.3460000e-002
  9.3120000e-002  9.9020000e-002  9.1640000e-002  8.9750000e-002  9.1670000e-002
  1.0192000e-001  9.5120000e-002  9.9480000e-002  1.0194000e-001  9.2560000e-002
  1.0199000e-001  1.0177000e-001  1.0163000e-001  1.0443000e-001  9.6360000e-002
  1.0019000e-001  1.0298000e-001  9.7890000e-002  1.0582000e-001  1.0200000e-001
  1.0115000e-001  1.1046000e-001  1.0997000e-001  1.0711000e-001  1.0957000e-001
  1.1012000e-001  1.1281000e-001  1.1032000e-001  1.1235000e-001  1.0561000e-001
  1.1608000e-001  1.1094000e-001  1.1271000e-001  1.1567000e-001  1.1630000e-001
  1.1252000e-001  1.1289000e-001  1.1359000e-001  1.0992000e-001  1.1287000e-001
  1.2096000e-001  1.1449000e-001  1.1575000e-001  1.1904000e-001  1.2031000e-001
  1.2450000e-001  1.1631000e-001  1.2508000e-001  1.1997000e-001  1.2012000e-001
  1.2810000e-001  1.2885000e-001  1.2580000e-001  1.2181000e-001  1.2573000e-001
  1.3079000e-001  1.2733000e-001  1.3213000e-001  1.2853000e-001  1.2520000e-001
  1.2922000e-001  1.3326000e-001  1.2974000e-001  1.2648000e-001  1.2691000e-001
  1.3923000e-001  1.3488000e-001  1.3872000e-001  1.3655000e-001  1.3846000e-001
  1.3865000e-001  1.4199000e-001  1.3402000e-001  1.3508000e-001  1.3422000e-001
  1.4634000e-001  1.4390000e-001  1.4295000e-001  1.4402000e-001  1.4603000e-001
  1.4371000e-001  1.4139000e-001  1.4569000e-001  1.4759000e-001  1.4385000e-001
  1.4556000e-001  1.5176000e-001  1.4717000e-001  1.4621000e-001  1.5216000e-001
  1.5317000e-001  1.5113000e-001  1.5054000e-001  1.5211000e-001  1.4921000e-001
  1.5403000e-001  1.5423000e-001  1.5525000e-001  1.5313000e-001  1.5389000e-001
  1.5812000e-001  1.5582000e-001  1.5759000e-001  1.6350000e-001  1.6449000e-001
  1.6534000e-001  1.6215000e-001  1.6377000e-001  1.6535000e-001  1.6818000e-001
  1.6930000e-001  1.6984000e-001  1.6372000e-001  1.6990000e-001  1.6935000e-001
  1.6871000e-001  1.6876000e-001  1.7223000e-001  1.7507000e-001  1.6914000e-001
  1.7859000e-001  1.7942000e-001  1.7249000e-001  1.7563000e-001  1.7940000e-001
  1.7653000e-001  1.8606000e-001  1.7720000e-001  1.7822000e-001  1.8085000e-001
  1.8246000e-001  1.8539000e-001  1.8105000e-001  1.8517000e-001  1.8822000e-001
  1.8826000e-001  1.8590000e-001  1.9217000e-001  1.9008000e-001  1.9281000e-001
  1.9695000e-001  1.9685000e-001  1.9577000e-001  1.9207000e-001  1.9740000e-001
  2.0073000e-001  2.0139000e-001  1.9476000e-001  2.0158000e-001  1.9602000e-001
  2.0044000e-001  2.0455000e-001  2.0064000e-001  2.0811000e-001  2.0172000e-001
  2.0445000e-001  2.1304000e-001  2.1150000e-001  2.1012000e-001  2.0597000e-001
  2.0905000e-001  2.1614000e-001  2.1073000e-001  2.1085000e-001  2.1464000e-001
  2.1564000e-001  2.1478000e-001  2.2076000e-001  2.1380000e-001  2.2090000e-001
  2.2699000e-001  2.2615000e-001  2.2567000e-001  2.2753000e-001  2.2244000e-001
  2.2646000e-001  2.2326000e-001  2.2910000e-001  2.2948000e-001  2.3186000e-001
  2.3378000e-001  2.3511000e-001  2.3509000e-001  2.2941000e-001  2.3099000e-001
  2.3828000e-001  2.4051000e-001  2.4261000e-001  2.3965000e-001  2.3882000e-001
  2.4341000e-001  2.4779000e-001  2.3873000e-001  2.3858000e-001  2.3888000e-001
  2.5155000e-001  2.5240000e-001  2.4469000e-001  2.5041000e-001  2.5006000e-001
  2.5656000e-001  2.5291000e-001  2.5699000e-001  2.5675000e-001  2.5263000e-001
  2.6154000e-001  2.6070000e-001  2.5971000e-001  2.6064000e-001  2.5706000e-001
  2.6538000e-001  2.6147000e-001  2.6508000e-001  2.6623000e-001  2.6816000e-001
  2.6828000e-001  2.7354000e-001  2.7074000e-001  2.7079000e-001  2.6720000e-001
  2.7630000e-001  2.7380000e-001  2.7997000e-001  2.7343000e-001  2.7823000e-001
  2.7761000e-001  2.7940000e-001  2.7944000e-001  2.8223000e-001  2.8624000e-001
  2.8629000e-001  2.8314000e-001  2.9115000e-001  2.8514000e-001  2.8675000e-001
  2.9017000e-001  2.9003000e-001  2.9204000e-001  2.8962000e-001  2.9645000e-001
  3.0269000e-001  2.9438000e-001  3.0177000e-001  3.0326000e-001  2.9541000e-001
  3.0622000e-001  3.0253000e-001  3.0143000e-001  3.0764000e-001  3.0416000e-001
  3.0668000e-001  3.1027000e-001  3.1091000e-001  3.1080000e-001  3.0908000e-001
  3.1275000e-001  3.1235000e-001  3.1431000e-001  3.1491000e-001  3.2136000e-001
  3.2818000e-001  3.2565000e-001  3.2460000e-001  3.2697000e-001  3.2505000e-001
  3.3316000e-001  3.3389000e-001  3.2536000e-001  3.2558000e-001  3.2506000e-001
  3.4009000e-001  3.3687000e-001  3.3417000e-001  3.3497000e-001  3.3731000e-001
  3.3730000e-001  3.3837000e-001  3.4645000e-001  3.3991000e-001  3.4612000e-001
  3.4730000e-001  3.4934000e-001  3.4508000e-001  3.5278000e-001  3.4388000e-001
  3.5652000e-001  3.5183000e-001  3.5467000e-001  3.5179000e-001  3.5220000e-001
  3.5710000e-001  3.5845000e-001  3.6588000e-001  3.5663000e-001  3.5781000e-001
  3.6876000e-001  3.6576000e-001  3.7016000e-001  3.6355000e-001  3.6346000e-001
  3.6982000e-001  3.7461000e-001  3.7570000e-001  3.7213000e-001  3.7630000e-001
  3.7930000e-001  3.8488000e-001  3.7535000e-001  3.8209000e-001  3.8283000e-001
  3.9069000e-001  3.8492000e-001  3.8740000e-001  3.8628000e-001  3.8733000e-001
  3.9434000e-001  3.9589000e-001  3.9570000e-001  3.8962000e-001  3.8983000e-001
  3.9740000e-001  4.0467000e-001  3.9822000e-001  3.9775000e-001  3.9690000e-001
  4.1169000e-001  4.0625000e-001  4.0772000e-001  4.0920000e-001  4.0196000e-001
  4.0995000e-001  4.1534000e-001  4.0998000e-001  4.1394000e-001  4.1603000e-001
  4.1877000e-001  4.1872000e-001  4.2391000e-001  4.2250000e-001  4.2389000e-001
  4.3053000e-001  4.2612000e-001  4.2848000e-001  4.2388000e-001  4.2987000e-001
  4.3753000e-001  4.3614000e-001  4.3115000e-001  4.3373000e-001  4.3154000e-001
  4.4403000e-001  4.4108000e-001  4.4291000e-001  4.3637000e-001  4.4240000e-001
  4.4723000e-001  4.5129000e-001  4.4503000e-001  4.4587000e-001  4.4761000e-001
  4.5008000e-001  4.5456000e-001  4.5062000e-001  4.5225000e-001  4.5392000e-001
  4.5593000e-001  4.5752000e-001  4.6232000e-001  4.6161000e-001  4.6273000e-001
  4.6318000e-001  4.6626000e-001  4.6319000e-001  4.6474000e-001  4.6687000e-001
  4.6989000e-001  4.7494000e-001  4.7030000e-001  4.7261000e-001  4.7728000e-001
  4.8561000e-001  4.8627000e-001  4.7684000e-001  4.7838000e-001  4.7642000e-001
  4.8733000e-001  4.9127000e-001  4.9256000e-001  4.8848000e-001  4.8663000e-001
  4.9119000e-001  4.9358000e-001  4.9962000e-001  4.9806000e-001  4.9890000e-001
  4.9867000e-001  4.9818000e-001  5.0688000e-001  4.9765000e-001  5.0354000e-001
  5.0844000e-001  5.0662000e-001  5.0595000e-001  5.1217000e-001  5.0869000e-001
  5.1190000e-001  5.1535000e-001  5.1423000e-001  5.1255000e-001  5.1425000e-001
  5.1917000e-001  5.2211000e-001  5.2496000e-001  5.2272000e-001  5.2037000e-001
  5.3086000e-001  5.2617000e-001  5.3143000e-001  5.2572000e-001  5.2992000e-001
  5.3115000e-001  5.3561000e-001  5.3532000e-001  5.3903000e-001  5.3421000e-001
  5.4466000e-001  5.4096000e-001  5.4333000e-001  5.3914000e-001  5.3841000e-001
  5.4719000e-001  5.5456000e-001  5.4699000e-001  5.5291000e-001  5.4815000e-001
  5.5300000e-001  5.5653000e-001  5.5981000e-001  5.5958000e-001  5.5754000e-001
  5.5869000e-001  5.6038000e-001  5.6368000e-001  5.6142000e-001  5.6600000e-001
  5.6566000e-001  5.7346000e-001  5.7238000e-001  5.6858000e-001  5.6912000e-001
  5.7226000e-001  5.7815000e-001  5.8118000e-001  5.8052000e-001  5.7278000e-001
  5.8414000e-001  5.8077000e-001  5.8424000e-001  5.8574000e-001  5.7948000e-001
  5.9114000e-001  5.9142000e-001  5.9040000e-001  5.9210000e-001  5.8527000e-001
  5.9767000e-001  6.0023000e-001  6.0117000e-001  5.9835000e-001  5.9546000e-001
  6.0340000e-001  6.0596000e-001  6.0506000e-001  5.9809000e-001  6.0511000e-001
  6.0469000e-001  6.0501000e-001  6.0775000e-001  6.1049000e-001  6.0750000e-001
  6.1901000e-001  6.1086000e-001  6.1465000e-001  6.1308000e-001  6.1434000e-001
  6.2469000e-001  6.2110000e-001  6.2272000e-001  6.2274000e-001  6.2263000e-001
  6.2536000e-001  6.2316000e-001  6.2752000e-001  6.2919000e-001  6.2479000e-001
  6.3531000e-001  6.3763000e-001  6.3341000e-001  6.3880000e-001  6.2983000e-001
  6.4219000e-001  6.3686000e-001  6.4446000e-001  6.3743000e-001  6.3863000e-001
  6.4354000e-001  6.4287000e-001  6.5062000e-001  6.4765000e-001  6.5044000e-001
  6.5371000e-001  6.5397000e-001  6.5000000e-001  6.5085000e-001  6.5066000e-001
  6.5728000e-001  6.5742000e-001  6.6325000e-001  6.6097000e-001  6.6170000e-001
  6.6728000e-001  6.6259000e-001  6.6678000e-001  6.6798000e-001  6.6625000e-001
  6.6621000e-001  6.6994000e-001  6.6709000e-001  6.7471000e-001  6.6558000e-001
  6.7745000e-001  6.7517000e-001  6.7648000e-001  6.7945000e-001  6.7692000e-001
  6.7624000e-001  6.8383000e-001  6.8541000e-001  6.8528000e-001  6.8343000e-001
  6.8656000e-001  6.8574000e-001  6.8643000e-001  6.8458000e-001  6.8989000e-001
  6.9346000e-001  6.9425000e-001  6.9621000e-001  6.9574000e-001  6.8846000e-001
  6.9596000e-001  7.0080000e-001  6.9338000e-001  7.0128000e-001  6.9612000e-001
  7.0638000e-001  7.0004000e-001  7.0337000e-001  7.0251000e-001  7.0616000e-001
  7.0837000e-001  7.1068000e-001  7.1020000e-001  7.0638000e-001  7.1051000e-001
  7.0798000e-001  7.1128000e-001  7.1039000e-001  7.1615000e-001  7.1214000e-001
  7.1668000e-001  7.1817000e-001  7.1373000e-001  7.1701000e-001  7.2265000e-001
  7.1790000e-001  7.2448000e-001  7.2041000e-001  7.2016000e-001  7.1926000e-001
  7.2390000e-001  7.3011000e-001  7.3080000e-001  7.2240000e-001  7.2390000e-001
  7.3614000e-001  7.2784000e-001  7.2877000e-001  7.2730000e-001  7.3108000e-001
  7.3508000e-001  7.3791000e-001  7.3332000e-001  7.3559000e-001  7.3209000e-001
  7.4512000e-001  7.4164000e-001  7.4050000e-001  7.4085000e-001  7.4252000e-001
  7.4808000e-001  7.4179000e-001  7.4192000e-001  7.4850000e-001  7.4596000e-001
  7.5197000e-001  7.4937000e-001  7.4677000e-001  7.5174000e-001  7.5176000e-001
  7.5625000e-001  7.5722000e-001  7.5238000e-001  7.4804000e-001  7.5675000e-001
  7.6020000e-001  7.5843000e-001  7.5648000e-001  7.5266000e-001  7.6143000e-001
  7.6025000e-001  7.6509000e-001  7.6519000e-001  7.5650000e-001  7.5606000e-001
  7.5942000e-001  7.6576000e-001  7.6149000e-001  7.5972000e-001  7.6838000e-001
  7.6692000e-001  7.6821000e-001  7.6503000e-001  7.6434000e-001  7.6532000e-001
  7.7034000e-001  7.6821000e-001  7.6942000e-001  7.7225000e-001  7.7340000e-001
  7.7771000e-001  7.7608000e-001  7.6885000e-001  7.7403000e-001  7.7639000e-001
  7.7895000e-001  7.7311000e-001  7.8065000e-001  7.7168000e-001  7.7287000e-001
  7.8130000e-001  7.7821000e-001  7.7842000e-001  7.8363000e-001  7.8302000e-001
  7.8539000e-001  7.8512000e-001  7.7983000e-001  7.7821000e-001  7.8286000e-001
  7.8855000e-001  7.8373000e-001  7.8457000e-001  7.8598000e-001  7.8050000e-001
  7.8714000e-001  7.9182000e-001  7.8358000e-001  7.8349000e-001  7.9057000e-001
  7.8627000e-001  7.8881000e-001  7.8745000e-001  7.9324000e-001  7.8620000e-001
  7.8844000e-001  7.9417000e-001  7.9236000e-001  7.9067000e-001  7.9176000e-001
  7.9021000e-001  7.9099000e-001  7.9216000e-001  7.9510000e-001  7.9170000e-001
  7.9053000e-001  7.9753000e-001  7.9071000e-001  7.9182000e-001  7.9232000e-001
  7.9649000e-001  7.9345000e-001  8.0055000e-001  7.9595000e-001  7.9452000e-001
  7.9516000e-001  7.9553000e-001  7.9423000e-001  7.9989000e-001  7.9795000e-001
  7.9562000e-001  7.9628000e-001  7.9678000e-001  8.0012000e-001  7.9605000e-001
  8.0221000e-001  8.0055000e-001  8.0137000e-001  7.9664000e-001  8.0481000e-001
  7.9813000e-001  8.0119000e-001  8.0438000e-001  8.0178000e-001  8.0500000e-001
  7.9876000e-001  8.0628000e-001  8.0621000e-001  8.0241000e-001  8.0389000e-001
  8.0673000e-001  8.0283000e-001  8.0304000e-001  8.0153000e-001  8.0845000e-001
  8.0650000e-001  8.0266000e-001  8.0158000e-001  8.0866000e-001  8.0477000e-001
  8.0928000e-001  8.0654000e-001  7.9980000e-001  8.0660000e-001  8.0954000e-001
  8.0184000e-001  8.0536000e-001  8.0248000e-001  8.0138000e-001  8.0979000e-001
  8.0431000e-001  8.0141000e-001  8.0122000e-001  8.0418000e-001  8.0342000e-001
  8.0084000e-001  8.0127000e-001  8.0959000e-001  8.0094000e-001  8.0658000e-001
  8.0125000e-001  8.0464000e-001  8.0650000e-001  8.0924000e-001  8.0540000e-001
  8.0634000e-001  8.0829000e-001  8.0248000e-001  8.0537000e-001  8.0877000e-001
  8.0572000e-001  8.0466000e-001  7.9984000e-001  8.0090000e-001  8.0456000e-001
  8.0512000e-001  8.0065000e-001  7.9990000e-001  7.9829000e-001  8.0466000e-001
  8.0540000e-001  8.0044000e-001  7.9750000e-001  8.0655000e-001  8.0107000e-001
  7.9785000e-001  8.0578000e-001  8.0594000e-001  8.0207000e-001  8.0012000e-001
  7.9687000e-001  7.9717000e-001  7.9849000e-001  7.9820000e-001  7.9815000e-001
  7.9407000e-001  7.9768000e-001  8.0085000e-001  7.9726000e-001  7.9708000e-001
  7.9615000e-001  8.0087000e-001  7.9298000e-001  7.9641000e-001  8.0112000e-001
  7.9509000e-001  7.9709000e-001  7.9406000e-001  7.9042000e-001  7.9694000e-001
  7.9092000e-001  7.9097000e-001  7.9693000e-001  7.9247000e-001  7.9486000e-001
  7.8942000e-001  7.8822000e-001  7.8830000e-001  7.9207000e-001  7.9425000e-001
  7.9278000e-001  7.8840000e-001  7.9305000e-001  7.8908000e-001  7.9032000e-001
  7.8755000e-001  7.8711000e-001  7.9101000e-001  7.8275000e-001  7.9173000e-001
  7.8236000e-001  7.8504000e-001  7.8114000e-001  7.8590000e-001  7.8522000e-001
  7.8697000e-001  7.8407000e-001  7.8688000e-001  7.8220000e-001  7.8302000e-001
  7.7796000e-001  7.8200000e-001  7.8298000e-001  7.7855000e-001  7.7975000e-001
  7.7238000e-001  7.7880000e-001  7.8029000e-001  7.8046000e-001  7.7490000e-001
  7.7131000e-001  7.6879000e-001  7.6929000e-001  7.7042000e-001  7.7697000e-001
  7.7512000e-001  7.7530000e-001  7.7458000e-001  7.6592000e-001  7.6788000e-001
  7.6538000e-001  7.6885000e-001  7.6971000e-001  7.7160000e-001  7.6575000e-001
  7.6445000e-001  7.6258000e-001  7.6184000e-001  7.6853000e-001  7.6409000e-001
  7.5529000e-001  7.5805000e-001  7.6034000e-001  7.5667000e-001  7.6128000e-001
  7.5941000e-001  7.6016000e-001  7.5761000e-001  7.5868000e-001  7.6092000e-001
  7.5528000e-001  7.5018000e-001  7.5757000e-001  7.5112000e-001  7.4777000e-001
  7.4549000e-001  7.5161000e-001  7.4986000e-001  7.5098000e-001  7.4821000e-001
  7.4507000e-001  7.4618000e-001  7.4799000e-001  7.4720000e-001  7.4212000e-001
  7.4125000e-001  7.4452000e-001  7.4138000e-001  7.4524000e-001  7.3911000e-001
  7.3512000e-001  7.3691000e-001  7.4069000e-001  7.3668000e-001  7.3459000e-001
  7.3000000e-001  7.3623000e-001  7.3260000e-001  7.3140000e-001  7.3560000e-001
  7.3164000e-001  7.2237000e-001  7.2810000e-001  7.3097000e-001  7.2772000e-001
  7.2489000e-001  7.2242000e-001  7.2110000e-001  7.1793000e-001  7.2533000e-001
  7.1420000e-001  7.1934000e-001  7.1503000e-001  7.1438000e-001  7.2170000e-001
  7.1062000e-001  7.1307000e-001  7.1255000e-001  7.1198000e-001  7.0821000e-001
  7.1141000e-001  7.1234000e-001  7.0815000e-001  7.0955000e-001  7.1161000e-001
  6.9919000e-001  7.0722000e-001  7.0331000e-001  7.0013000e-001  6.9852000e-001
  7.0124000e-001  7.0051000e-001  6.9517000e-001  7.0039000e-001  7.0002000e-001
  6.8794000e-001  6.9474000e-001  6.9167000e-001  6.9581000e-001  6.9082000e-001
  6.8373000e-001  6.8753000e-001  6.8211000e-001  6.9170000e-001  6.8808000e-001
  6.8444000e-001  6.8549000e-001  6.8187000e-001  6.8039000e-001  6.7815000e-001
  6.7109000e-001  6.7220000e-001  6.7682000e-001  6.7802000e-001  6.7748000e-001
  6.6626000e-001  6.6620000e-001  6.7091000e-001  6.7251000e-001  6.7287000e-001
  6.6054000e-001  6.6296000e-001  6.6879000e-001  6.6393000e-001  6.6448000e-001
  6.5822000e-001  6.5411000e-001  6.5457000e-001  6.5763000e-001  6.6048000e-001
  6.5497000e-001  6.4820000e-001  6.5302000e-001  6.4875000e-001  6.4933000e-001
  6.4545000e-001  6.4861000e-001  6.5125000e-001  6.5139000e-001  6.4282000e-001
  6.4067000e-001  6.3550000e-001  6.4419000e-001  6.3629000e-001  6.4487000e-001
  6.3877000e-001  6.3860000e-001  6.3100000e-001  6.3559000e-001  6.3282000e-001
  6.2668000e-001  6.2654000e-001  6.3282000e-001  6.2424000e-001  6.2381000e-001
  6.2669000e-001  6.2447000e-001  6.1754000e-001  6.2214000e-001  6.2141000e-001
  6.1278000e-001  6.1984000e-001  6.1437000e-001  6.2044000e-001  6.1790000e-001
  6.0715000e-001  6.0686000e-001  6.0848000e-001  6.0691000e-001  6.0830000e-001
  5.9906000e-001  6.0135000e-001  5.9949000e-001  6.0192000e-001  6.0320000e-001
  5.9259000e-001  5.9786000e-001  5.9126000e-001  5.9278000e-001  5.9802000e-001
  5.9392000e-001  5.9152000e-001  5.9426000e-001  5.9145000e-001  5.8928000e-001
  5.8038000e-001  5.8211000e-001  5.8781000e-001  5.8790000e-001  5.8579000e-001
  5.7669000e-001  5.7781000e-001  5.7950000e-001  5.8087000e-001  5.7929000e-001
  5.7416000e-001  5.7190000e-001  5.7144000e-001  5.6564000e-001  5.7331000e-001
  5.6186000e-001  5.6037000e-001  5.6522000e-001  5.6478000e-001  5.6482000e-001
  5.6051000e-001  5.5498000e-001  5.5599000e-001  5.5293000e-001  5.5545000e-001
  5.5146000e-001  5.4802000e-001  5.5314000e-001  5.5372000e-001  5.4724000e-001
  5.4344000e-001  5.4061000e-001  5.4434000e-001  5.4451000e-001  5.4306000e-001
  5.3727000e-001  5.3617000e-001  5.4109000e-001  5.3883000e-001  5.3859000e-001
  5.3212000e-001  5.3082000e-001  5.3077000e-001  5.3115000e-001  5.2642000e-001
  5.2045000e-001  5.2425000e-001  5.2557000e-001  5.2592000e-001  5.1987000e-001
  5.1911000e-001  5.1167000e-001  5.1509000e-001  5.1904000e-001  5.1847000e-001
  5.1099000e-001  5.1064000e-001  5.0900000e-001  5.1015000e-001  5.1083000e-001
  4.9937000e-001  5.0121000e-001  5.0046000e-001  5.0619000e-001  5.0042000e-001
  4.9671000e-001  4.9505000e-001  4.9450000e-001  4.9125000e-001  4.9089000e-001
  4.8677000e-001  4.8711000e-001  4.9147000e-001  4.9139000e-001  4.9055000e-001
  4.8241000e-001  4.8564000e-001  4.8378000e-001  4.8488000e-001  4.8421000e-001
  4.7289000e-001  4.7873000e-001  4.7316000e-001  4.7754000e-001  4.6958000e-001
  4.7036000e-001  4.7057000e-001  4.6883000e-001  4.6648000e-001  4.6290000e-001
  4.6498000e-001  4.6093000e-001  4.5605000e-001  4.6287000e-001  4.5954000e-001
  4.5716000e-001  4.5451000e-001  4.5276000e-001  4.5359000e-001  4.5461000e-001
  4.4305000e-001  4.5101000e-001  4.4313000e-001  4.4666000e-001  4.4239000e-001
  4.3986000e-001  4.4133000e-001  4.3874000e-001  4.4480000e-001  4.4174000e-001
  4.3299000e-001  4.2897000e-001  4.3797000e-001  4.3678000e-001  4.2914000e-001
  4.2574000e-001  4.2456000e-001  4.2407000e-001  4.3060000e-001  4.2927000e-001
  4.2044000e-001  4.1709000e-001  4.2137000e-001  4.1823000e-001  4.1757000e-001
  4.1456000e-001  4.1395000e-001  4.1211000e-001  4.0937000e-001  4.1175000e-001
  4.0190000e-001  4.0796000e-001  4.0648000e-001  4.0343000e-001  4.0888000e-001
  4.0088000e-001  3.9543000e-001  4.0330000e-001  3.9565000e-001  4.0384000e-001
  3.9103000e-001  3.9172000e-001  3.8925000e-001  3.9792000e-001  3.9066000e-001
  3.8218000e-001  3.9108000e-001  3.8362000e-001  3.8235000e-001  3.8199000e-001
  3.8110000e-001  3.8003000e-001  3.7793000e-001  3.8464000e-001  3.8051000e-001
  3.7680000e-001  3.6916000e-001  3.7685000e-001  3.7374000e-001  3.7719000e-001
  3.6737000e-001  3.6271000e-001  3.6803000e-001  3.6743000e-001  3.6915000e-001
  3.5992000e-001  3.6574000e-001  3.6337000e-001  3.5988000e-001  3.6147000e-001
  3.5243000e-001  3.5883000e-001  3.5101000e-001  3.5414000e-001  3.5224000e-001
  3.4480000e-001  3.4427000e-001  3.5168000e-001  3.4550000e-001  3.4513000e-001
  3.4154000e-001  3.3796000e-001  3.3741000e-001  3.4596000e-001  3.3788000e-001
  3.3111000e-001  3.3767000e-001  3.3792000e-001  3.3840000e-001  3.3567000e-001
  3.3053000e-001  3.3036000e-001  3.2569000e-001  3.3278000e-001  3.2707000e-001
  3.2351000e-001  3.2597000e-001  3.1944000e-001  3.2225000e-001  3.2004000e-001
  3.1704000e-001  3.1267000e-001  3.2008000e-001  3.1531000e-001  3.1521000e-001
  3.0620000e-001  3.0626000e-001  3.1508000e-001  3.0954000e-001  3.0932000e-001
  3.0576000e-001  3.0491000e-001  3.0747000e-001  3.0132000e-001  3.0268000e-001
  3.0303000e-001  3.0321000e-001  3.0256000e-001  3.0261000e-001  2.9698000e-001
  2.9022000e-001  2.9075000e-001  2.9463000e-001  2.9185000e-001  2.9450000e-001
  2.9186000e-001  2.8267000e-001  2.8732000e-001  2.8968000e-001  2.8641000e-001
  2.8227000e-001  2.8185000e-001  2.8117000e-001  2.8139000e-001  2.8648000e-001
  2.7139000e-001  2.7393000e-001  2.8037000e-001  2.7795000e-001  2.7322000e-001
  2.7425000e-001  2.7381000e-001  2.6814000e-001  2.7094000e-001  2.6896000e-001
  2.6975000e-001  2.6184000e-001  2.6357000e-001  2.6403000e-001  2.6135000e-001
  2.5975000e-001  2.6281000e-001  2.6344000e-001  2.6306000e-001  2.6242000e-001
  2.5550000e-001  2.5579000e-001  2.5113000e-001  2.5901000e-001  2.4966000e-001
  2.4899000e-001  2.4841000e-001  2.4489000e-001  2.5037000e-001  2.4725000e-001
  2.4487000e-001  2.4198000e-001  2.4837000e-001  2.4036000e-001  2.4813000e-001
  2.3568000e-001  2.4044000e-001  2.3903000e-001  2.3766000e-001  2.4157000e-001
  2.3715000e-001  2.2842000e-001  2.2974000e-001  2.3707000e-001  2.3081000e-001
  2.3169000e-001  2.2665000e-001  2.2942000e-001  2.3014000e-001  2.2777000e-001
  2.2486000e-001  2.2261000e-001  2.2347000e-001  2.2171000e-001  2.1899000e-001
  2.2004000e-001  2.1780000e-001  2.2072000e-001  2.1357000e-001  2.1854000e-001
  2.0993000e-001  2.1046000e-001  2.1737000e-001  2.1303000e-001  2.1569000e-001
  2.0869000e-001  2.0659000e-001  2.1275000e-001  2.1282000e-001  2.1273000e-001
  2.0347000e-001  2.0308000e-001  2.0393000e-001  2.0557000e-001  2.0782000e-001
  1.9639000e-001  1.9902000e-001  1.9424000e-001  2.0168000e-001  2.0280000e-001
  1.9247000e-001  1.9659000e-001  1.9725000e-001  1.9715000e-001  1.9633000e-001
  1.9317000e-001  1.9214000e-001  1.9278000e-001  1.8777000e-001  1.9282000e-001
  1.9036000e-001  1.8915000e-001  1.8334000e-001  1.8861000e-001  1.8245000e-001
  1.7967000e-001  1.8513000e-001  1.8318000e-001  1.8512000e-001  1.8505000e-001
  1.7991000e-001  1.8179000e-001  1.7321000e-001  1.8044000e-001  1.8066000e-001
  1.7148000e-001  1.7256000e-001  1.7294000e-001  1.7729000e-001  1.7587000e-001
  1.6744000e-001  1.7003000e-001  1.6404000e-001  1.7279000e-001  1.6446000e-001
  1.6365000e-001  1.6825000e-001  1.6266000e-001  1.6486000e-001  1.6248000e-001
  1.6376000e-001  1.6210000e-001  1.6502000e-001  1.6232000e-001  1.6399000e-001
  1.5234000e-001  1.5221000e-001  1.5635000e-001  1.5238000e-001  1.5671000e-001
  1.5503000e-001  1.5271000e-001  1.5196000e-001  1.4807000e-001  1.5491000e-001
  1.5129000e-001  1.4649000e-001  1.4891000e-001  1.4690000e-001  1.4880000e-001
  1.4462000e-001  1.4208000e-001  1.4607000e-001  1.4867000e-001  1.4657000e-001
  1.4480000e-001  1.3919000e-001  1.4134000e-001  1.4195000e-001  1.3961000e-001
  1.4013000e-001  1.3923000e-001  1.3480000e-001  1.4061000e-001  1.3961000e-001
  1.3400000e-001  1.3647000e-001  1.3866000e-001  1.3555000e-001  1.3913000e-001
  1.3031000e-001  1.3007000e-001  1.2852000e-001  1.2614000e-001  1.2638000e-001
  1.2408000e-001  1.2343000e-001  1.2639000e-001  1.2838000e-001  1.2398000e-001
  1.2319000e-001  1.1959000e-001  1.2199000e-001  1.2899000e-001  1.2371000e-001
  1.2434000e-001  1.2498000e-001  1.1777000e-001  1.2420000e-001  1.2302000e-001
  1.2145000e-001  1.1441000e-001  1.1657000e-001  1.1677000e-001  1.1778000e-001
  1.1822000e-001  1.1619000e-001  1.1421000e-001  1.1273000e-001  1.1408000e-001
  1.1370000e-001  1.1647000e-001  1.0861000e-001  1.0841000e-001  1.1146000e-001
  1.0440000e-001  1.0381000e-001  1.0388000e-001  1.0602000e-001  1.0908000e-001
  1.0649000e-001  1.0372000e-001  1.0528000e-001  1.0993000e-001  1.0324000e-001
  1.0052000e-001  9.9520000e-002  1.0303000e-001  1.0234000e-001  9.9790000e-002
  1.0470000e-001  9.9060000e-002  1.0060000e-001  1.0117000e-001  9.6890000e-002
  9.4790000e-002  9.6150000e-002  9.3180000e-002  1.0176000e-001  9.6410000e-002
  9.1880000e-002  9.0390000e-002  9.7470000e-002  9.0360000e-002  9.5260000e-002
  9.3700000e-002  8.6990000e-002  9.6640000e-002  9.1820000e-002  9.2770000e-002
  8.9430000e-002  9.1490000e-002  8.4760000e-002  8.7710000e-002  8.4510000e-002
  9.0180000e-002  8.6820000e-002  8.8140000e-002  8.4020000e-002  8.9870000e-002
  8.3330000e-002  8.3780000e-002  8.6550000e-002  8.7220000e-002  8.6360000e-002
  8.4360000e-002  8.6460000e-002  8.6570000e-002  8.6240000e-002  7.7650000e-002
  8.3400000e-002  8.1940000e-002  8.0280000e-002  7.8280000e-002  8.3320000e-002
  7.5750000e-002  8.2080000e-002  7.6650000e-002  7.7840000e-002  7.8320000e-002
  7.6640000e-002  7.9780000e-002  7.4610000e-002  7.9800000e-002  7.1170000e-002
  7.4290000e-002  6.8670000e-002  7.0500000e-002  6.9470000e-002  6.9200000e-002
  6.8690000e-002  7.4720000e-002  7.5740000e-002  7.4980000e-002  6.8550000e-002
  6.6520000e-002  6.5870000e-002  7.3840000e-002  6.5020000e-002  6.9670000e-002
  6.7050000e-002  6.6080000e-002  6.4250000e-002  6.4720000e-002  6.9130000e-002
  6.7840000e-002  5.9970000e-002  6.6440000e-002  6.6900000e-002  6.2230000e-002
  5.9150000e-002  6.6740000e-002  6.7410000e-002  6.0800000e-002  6.0250000e-002
  5.6840000e-002  6.2820000e-002  6.5790000e-002  5.7300000e-002  5.6710000e-002
  5.5070000e-002  5.5530000e-002  5.8420000e-002  5.5070000e-002  5.5960000e-002
  5.4330000e-002  6.1370000e-002  6.0870000e-002  6.2180000e-002  5.8600000e-002
  5.9050000e-002  5.2630000e-002  5.4820000e-002  5.1110000e-002  5.1470000e-002
  4.9830000e-002  5.8890000e-002  5.7970000e-002  5.5490000e-002  5.4900000e-002
  5.3310000e-002  5.4040000e-002  5.2910000e-002  4.9820000e-002  5.6660000e-002
  5.2390000e-002  5.4360000e-002  5.5600000e-002  5.5460000e-002  5.4480000e-002
  5.4010000e-002  4.9790000e-002  4.7230000e-002  5.4070000e-002  4.6090000e-002
  5.1260000e-002  5.0680000e-002  4.9080000e-002  4.7810000e-002  4.4390000e-002
  4.6630000e-002  4.1540000e-002  4.3020000e-002  4.5010000e-002  4.5770000e-002
  4.4680000e-002  4.7540000e-002  4.3570000e-002  4.6090000e-002  4.1630000e-002
  4.5960000e-002  4.8520000e-002  4.6200000e-002  4.4560000e-002  4.6900000e-002
  4.2880000e-002  4.6710000e-002  4.2060000e-002  4.5610000e-002  4.1040000e-002
  4.0370000e-002  4.5020000e-002  3.9880000e-002  4.4640000e-002  3.6130000e-002
  3.6210000e-002  3.5870000e-002  4.0370000e-002  3.7170000e-002  3.8900000e-002
  3.4300000e-002  4.0480000e-002  4.0640000e-002  4.0200000e-002  3.8610000e-002
  4.1390000e-002  3.7300000e-002  3.3080000e-002  4.1700000e-002  3.8160000e-002
  4.0440000e-002  3.4850000e-002  3.4840000e-002  3.8370000e-002  3.2580000e-002
  3.8170000e-002  3.7030000e-002  3.3800000e-002  3.5410000e-002  3.8640000e-002
  3.1940000e-002  3.0850000e-002  2.9480000e-002  3.2070000e-002  3.8560000e-002
  3.0940000e-002  3.0820000e-002  3.0820000e-002  3.3240000e-002  2.8190000e-002
  3.1580000e-002  3.3370000e-002  3.0490000e-002  2.7630000e-002  3.5770000e-002
  3.1200000e-002  2.9200000e-002  3.1280000e-002  3.4170000e-002  3.2330000e-002
  3.3210000e-002  3.0980000e-002  2.6950000e-002  3.0620000e-002  3.2870000e-002
  3.2030000e-002  2.5070000e-002  3.2510000e-002  2.5080000e-002  3.0160000e-002
  2.5900000e-002  2.7230000e-002  3.0870000e-002  2.4770000e-002  2.6280000e-002
  2.8450000e-002  2.5600000e-002  3.0320000e-002  2.6260000e-002  2.5180000e-002
  2.6770000e-002  2.4420000e-002  2.9000000e-002  2.8310000e-002  2.4420000e-002
  2.7240000e-002  2.9820000e-002  2.6210000e-002  2.3310000e-002  2.9730000e-002
  2.2150000e-002  2.1700000e-002  2.3330000e-002  2.0770000e-002  2.3890000e-002
  2.7630000e-002  2.5750000e-002  2.9110000e-002  2.4910000e-002  2.1360000e-002
  1.9610000e-002  1.9670000e-002  2.4930000e-002  2.8260000e-002  2.2230000e-002
  2.0360000e-002  2.4820000e-002  1.9260000e-002  2.2950000e-002  2.3110000e-002
  1.8670000e-002  1.7900000e-002  2.1790000e-002  2.1210000e-002  2.0850000e-002
  2.0200000e-002  1.7890000e-002  2.2060000e-002  1.8160000e-002  1.9190000e-002
  2.3860000e-002  1.6140000e-002  1.8550000e-002  1.7740000e-002  2.0190000e-002
  2.2360000e-002  2.5110000e-002  2.5040000e-002  2.1040000e-002  1.6610000e-002
  1.4660000e-002  2.0830000e-002  1.5850000e-002  1.9650000e-002  2.0510000e-002
  1.7540000e-002  2.0170000e-002  1.7280000e-002  1.4300000e-002  1.9650000e-002
  2.1440000e-002  1.7240000e-002  2.2940000e-002  1.6790000e-002  2.1190000e-002
  1.4620000e-002  2.1000000e-002  1.3760000e-002  1.3940000e-002  2.2770000e-002
  1.7730000e-002  2.0640000e-002  1.7920000e-002  1.9240000e-002  1.6140000e-002
  1.4780000e-002  1.9560000e-002  1.7670000e-002  2.1500000e-002  2.1150000e-002
  1.1740000e-002  1.7610000e-002  1.4670000e-002  2.0880000e-002  1.8890000e-002
  1.5430000e-002  1.6110000e-002  1.1450000e-002  1.7180000e-002  1.7330000e-002
  1.5810000e-002  1.3060000e-002  1.0750000e-002  1.5400000e-002  1.5990000e-002
  1.0960000e-002  1.8940000e-002  1.3900000e-002  1.3690000e-002  1.8460000e-002
  1.2410000e-002  1.6720000e-002  1.3430000e-002  1.7580000e-002  1.4580000e-002
  1.1490000e-002  1.0260000e-002  1.0870000e-002  1.9140000e-002  1.2770000e-002
  1.6140000e-002  1.0960000e-002  1.3690000e-002  1.8310000e-002  1.4930000e-002
  1.3970000e-002  1.2430000e-002  1.6590000e-002  8.8500000e-003  1.6520000e-002
  8.5500000e-003  1.2830000e-002  1.5670000e-002  1.6100000e-002  8.3200000e-003
  1.3280000e-002  1.2880000e-002  8.1300000e-003  1.4470000e-002  1.6200000e-002
  1.4290000e-002  1.0590000e-002  1.4940000e-002  7.8500000e-003  1.2920000e-002
  8.6800000e-003  9.0700000e-003  1.2070000e-002  1.3630000e-002  1.3760000e-002
  9.0600000e-003  1.5560000e-002  1.6290000e-002  1.3750000e-002  1.0570000e-002
  1.5560000e-002  1.1840000e-002  1.1600000e-002  1.5610000e-002  1.6350000e-002
  6.9600000e-003  1.5090000e-002  1.2630000e-002  8.6800000e-003  1.0780000e-002
  6.4600000e-003  8.6700000e-003  1.1690000e-002  1.3740000e-002  1.2200000e-002
  1.2040000e-002  1.4430000e-002  1.1370000e-002  8.8100000e-003  1.2900000e-002
  9.1400000e-003  1.0170000e-002  6.5600000e-003  7.4100000e-003  1.3920000e-002
  1.4820000e-002  1.0010000e-002  1.2390000e-002  1.3720000e-002  1.2800000e-002
  8.6700000e-003  6.9700000e-003  7.8700000e-003  5.7000000e-003  9.8300000e-003
  6.3600000e-003  7.9300000e-003  1.2050000e-002  6.6300000e-003  5.5700000e-003
  1.2730000e-002  9.1500000e-003  8.9300000e-003  1.0820000e-002  8.5600000e-003
  4.5500000e-003  6.2400000e-003  4.9100000e-003  1.0440000e-002  9.2500000e-003
  8.7300000e-003  9.9000000e-003  6.7300000e-003  7.4800000e-003  6.4400000e-003
  7.8400000e-003  9.6000000e-003  8.6100000e-003  1.1710000e-002  6.3000000e-003
  1.3390000e-002  4.6200000e-003  1.3520000e-002  8.5000000e-003  5.6200000e-003
  1.2480000e-002  1.0910000e-002  1.3570000e-002  1.2280000e-002  9.1000000e-003
  5.5500000e-003  6.6800000e-003  6.8200000e-003  5.4600000e-003  8.8300000e-003
  1.0280000e-002  1.3100000e-002  5.8100000e-003  7.2300000e-003  1.2370000e-002
  7.5200000e-003  4.9900000e-003  1.1880000e-002  9.6400000e-003  5.0200000e-003
  1.0940000e-002  3.7200000e-003  8.4500000e-003  1.0010000e-002  7.1700000e-003
  9.6700000e-003  1.0630000e-002  4.9200000e-003  8.1300000e-003  9.8700000e-003
  7.8800000e-003  1.1620000e-002  1.2680000e-002  5.7800000e-003  4.8200000e-003
  8.3700000e-003  3.1500000e-003  8.4600000e-003  4.5300000e-003  1.1190000e-002
  1.0020000e-002  6.5000000e-003  7.5600000e-003  8.2400000e-003  1.2390000e-002
  6.2700000e-003  3.8100000e-003  7.2400000e-003  2.4100000e-003  5.1700000e-003
  4.2100000e-003  6.0400000e-003  6.1100000e-003  9.2300000e-003  1.1020000e-002
  5.4400000e-003  1.0720000e-002  1.0300000e-002  1.1320000e-002  4.1000000e-003
  4.5700000e-003  1.1690000e-002  4.2200000e-003  7.0700000e-003  7.3600000e-003
  8.4500000e-003  6.4800000e-003  1.1200000e-002  2.0700000e-003  9.2500000e-003
  5.4500000e-003  9.7700000e-003  2.8000000e-003  1.0510000e-002  1.0010000e-002
  6.8000000e-003  5.5600000e-003  9.3000000e-003  3.3300000e-003  6.5500000e-003
  7.3200000e-003  2.8700000e-003  6.7700000e-003  1.0480000e-002  6.6400000e-003
  2.1600000e-003  1.0490000e-002  6.0800000e-003  4.5200000e-003  3.1000000e-003
  1.7300000e-003  1.9000000e-003  5.1400000e-003  9.4700000e-003  1.7900000e-003
  7.4300000e-003  1.6700000e-003  3.5200000e-003  1.5100000e-003  1.0250000e-002
  5.2600000e-003  4.8600000e-003  1.0410000e-002  4.1300000e-003  8.0200000e-003
  3.3300000e-003  6.1800000e-003  7.1800000e-003  3.5400000e-003  9.3300000e-003
  7.5800000e-003  3.5900000e-003  5.5600000e-003  3.5800000e-003  4.9100000e-003
  7.5400000e-003  7.3000000e-003  5.7300000e-003  1.0280000e-002  6.6500000e-003
  3.8800000e-003  3.4100000e-003  1.4200000e-003  2.9200000e-003  6.7000000e-003
  9.6900000e-003  2.9300000e-003  1.0430000e-002  1.5200000e-003  9.5400000e-003
  5.0700000e-003  4.4900000e-003  1.0810000e-002  9.9300000e-003  3.7100000e-003
  3.1900000e-003  6.1400000e-003  6.4800000e-003  8.6200000e-003  8.1700000e-003
  7.1500000e-003  7.2400000e-003  3.4600000e-003  3.2500000e-003  1.0020000e-002
  4.8100000e-003  1.0850000e-002  9.7600000e-003  4.5600000e-003  2.5700000e-003
  7.8200000e-003  1.9900000e-003  9.9400000e-003  2.3300000e-003  3.9300000e-003
  7.1100000e-003  4.1200000e-003  1.0400000e-003  3.1500000e-003  1.0700000e-003
  6.9800000e-003  8.0300000e-003  5.3100000e-003  9.7600000e-003  6.8700000e-003
  6.1800000e-003  9.4411600e-004  7.1900000e-003  3.8900000e-003  5.7900000e-003
  4.3700000e-003  5.6000000e-003  8.5300000e-003  4.3500000e-003  3.9900000e-003
  4.3800000e-003  3.1800000e-003  7.0009800e-004  3.8400000e-003  1.0140000e-002
  4.8400000e-003  7.9000000e-003  6.3600000e-003  2.9800000e-003  7.7700000e-003
  8.6100000e-003  5.1800000e-003  2.4900000e-003  6.1500000e-003  9.1100000e-003
  6.9300000e-003  9.8300000e-003  6.0200000e-003  8.5700000e-003  9.2800000e-003
  6.4000000e-003  2.1200000e-003  6.8500000e-003  4.7300000e-003  9.7900000e-003
  5.2969200e-004  7.4600000e-003  2.8300000e-003  6.2100000e-003  6.6945100e-004
  5.8300000e-003  2.3800000e-003  7.0300000e-003  6.7100000e-003  4.6000000e-003
  6.5000000e-003  2.5100000e-003  4.8200000e-003  1.0340000e-002  2.6100000e-003
  3.0800000e-003  1.6300000e-003  8.8700000e-003  8.4901800e-004  1.4400000e-003
  8.4300000e-003  1.7700000e-003  5.0281700e-004  4.4200000e-003  8.1300000e-003
  3.8800000e-003  9.9900000e-003  4.5700000e-003  8.2900000e-003  8.3800000e-003
  2.6200000e-003  4.5300000e-003  8.1200000e-003  1.8600000e-003  1.1800000e-003
  1.4600000e-003  9.4100000e-003  2.5600000e-003  9.3000000e-003  2.3600000e-003
  8.1900000e-003  1.3500000e-003  8.9700000e-003  1.5200000e-003  5.8000000e-003
  2.7400000e-003  2.6700000e-003  9.3295900e-004  3.9000000e-003  6.2400000e-003
  3.3100000e-003  6.3100000e-003  4.7600000e-003  4.3500000e-003  7.4100000e-003
  2.5500000e-003  1.1600000e-003  4.5900000e-003  3.8000000e-003  8.6500000e-003
  4.4900000e-003  1.4000000e-003  4.4000000e-003  2.9300000e-003  5.0500000e-003
  9.1100000e-003  1.1900000e-003  9.7400000e-003  2.2600000e-003  8.1000000e-003
  9.1200000e-003  5.8700000e-003  1.3700000e-003  9.9600000e-003  2.3500000e-003
  2.7400000e-003  1.0800000e-003  9.9400000e-003  9.1500000e-003  2.2700000e-003
  7.6600000e-003  9.3500000e-003  5.2500000e-003  3.6100000e-003  5.3400000e-003
  1.0400000e-003  2.1000000e-003  3.2600000e-003  5.6700000e-003  7.7400000e-003
  3.1200000e-003  9.7300000e-003  8.1500000e-003  2.9900000e-003  9.4700000e-003
  1.8800000e-003  2.7100000e-003  5.7500000e-003  4.8600000e-003  7.2200000e-003
  2.1200000e-003  8.4000000e-003  6.6600000e-003  6.2100000e-003  7.7200000e-003
  7.0600000e-003  1.4500000e-003  2.3900000e-003  6.2700000e-003  7.9000000e-003
  2.8400000e-003  1.9900000e-003  6.5700000e-003  3.2600000e-003  6.0600000e-003
  2.0600000e-003  9.8100000e-003  8.9000000e-003  3.8700000e-003  9.7200000e-003
  3.0400000e-003  3.2500000e-003  2.9100000e-003  7.4300000e-003  4.8400000e-003
  9.2000000e-003  6.7119200e-004  6.8837500e-004  3.1000000e-003  3.6700000e-003
  2.0900000e-003  7.9900000e-003  1.8200000e-003  7.1100000e-003  6.1900000e-003
  4.2374700e-004  5.9200000e-003  5.4800000e-003  5.8500000e-003  8.4300000e-003
  8.4400000e-003  1.7010500e-004  6.2000000e-003  2.0200000e-003  2.8400000e-003
  1.2200000e-003  1.1100000e-003  9.4700000e-003  9.9800000e-003  7.9000000e-003
  3.2900000e-003  5.9800000e-003  5.4200000e-003  3.4100000e-003  8.6700000e-003
  6.1000000e-003  9.6400000e-003  8.0000000e-003  7.1600000e-003  2.7400000e-003
  6.5100000e-003  5.0500000e-003  8.2300000e-003  1.6981800e-004  4.0900000e-003
  5.3300000e-003  3.9900000e-003  6.2600000e-003  1.7200000e-003  3.6500000e-003
  2.1600000e-003  1.0020000e-002  7.0300000e-003  9.7000000e-003  6.6500000e-003
  1.1100000e-003  1.2700000e-003  4.7700000e-003  3.9800000e-003  9.0600000e-003
  8.4700000e-003  2.6500000e-003  7.0804500e-004  7.6000000e-003  5.5400000e-003
  2.3600000e-003  9.9900000e-003  4.4100000e-003  2.8400000e-003  1.2205100e-004
  6.4700000e-003  2.4200000e-003  5.5900000e-003  6.4000000e-003  5.8800000e-003
  3.9400000e-003  9.7400000e-003  8.1900000e-003  5.1500000e-003  4.0300000e-003
  1.5400000e-003  4.5400000e-003  2.5000000e-003  4.4600000e-003  3.2800000e-003
  3.3000000e-003  4.9557300e-004  4.3300000e-003  2.4000000e-003  3.2100000e-003
  7.0700000e-003  2.2200000e-003  9.2300000e-003  6.1000000e-003  5.3500000e-003
  4.4400000e-003  6.9900000e-003  3.4700000e-003  3.7300000e-003  3.9900000e-003
  2.2700000e-003  2.5021600e-004  2.9500000e-003  4.2200000e-003  4.6300000e-003
  1.1800000e-003  4.6900000e-003  9.8935800e-004  2.4100000e-003  7.8500000e-003
  8.2300000e-003  4.4600000e-003  8.9200000e-003  2.0300000e-003  3.5800000e-003
  8.5500000e-003  4.9100000e-003  4.0664900e-004  2.5100000e-003  3.0672300e-004
  1.2400000e-003  9.5400000e-003  6.3069300e-004  6.2400000e-003  5.7900000e-003
  1.0600000e-003  4.5100000e-003  3.8800000e-003  7.6000000e-003  4.9000000e-003
  9.7500000e-003  8.0200000e-003  6.1600000e-003  5.9700000e-003  3.8700000e-003
  9.8200000e-003  7.5290200e-004  4.6100000e-003  7.9800000e-003  9.8900000e-003
  9.8800000e-003  1.6400000e-003  4.6700000e-003  8.7300000e-003  3.8600000e-003
  5.7900000e-003  8.6400000e-003  7.3200000e-003  8.6100000e-003  9.6200000e-003
  1.3400000e-003  6.3700000e-003  2.4100000e-003  8.9300000e-003  8.1000000e-003
  3.2800000e-003  8.8200000e-003  8.9900000e-003  8.8000000e-003  9.5500000e-003
  6.2400000e-003  7.8000000e-003  6.2600000e-003  1.4000000e-003  9.8600000e-003
  9.4200000e-003  4.5483500e-004  3.4900000e-003  4.7600000e-003  9.0300000e-003
  4.2900000e-003  2.8400000e-003  9.0700000e-003  6.8300000e-003  6.6234900e-004
  6.8784700e-005  5.6400000e-003  6.6900000e-003  9.1000000e-003  4.7366900e-004
  8.9500000e-003  3.0100000e-003  4.7100000e-003  1.6100000e-003  2.9900000e-003
  2.7600000e-003  9.9200000e-003  1.6400000e-003  8.3100000e-003  4.1200000e-003
  4.3000000e-003  9.8300000e-003  7.2182300e-004  4.7100000e-003  2.3900000e-003
  1.0000000e-003  8.6500000e-003  5.6000000e-003  5.3500000e-003  2.4400000e-003
  3.1600000e-003  5.9800000e-003  4.3800000e-003  6.0300000e-003  6.1700000e-003
  4.8400000e-003  1.1100000e-003  1.7600000e-003  5.2200000e-003  4.4100000e-003
  9.3200000e-003  9.1000000e-003  9.6400000e-003  8.7700000e-003  6.4700000e-003
  8.8800000e-003  1.2700000e-003  2.5800000e-003  6.0200000e-003  7.1100000e-003
  3.9491000e-004  1.3900000e-003  8.3300000e-003  7.8651200e-004  9.4900000e-003
  1.0700000e-003  6.8928500e-004  4.0600000e-003  8.7400000e-003  4.5100000e-003
  3.3325000e-004  1.5700000e-003  7.1400000e-003  7.8600000e-003  3.7843200e-004
  7.0800000e-003  4.9100000e-003  1.7600000e-003  6.8900000e-003  1.9400000e-003
  2.6700000e-003  8.4200000e-003  4.3800000e-003  5.5900000e-003  4.2300000e-003
  3.1300000e-003  1.5000000e-003  3.3290300e-004  4.2900000e-003  6.6100000e-003
  3.5200000e-003  9.4900000e-003  2.2900000e-003  8.0100000e-003  2.0500000e-003
  6.8400000e-003  2.9700000e-003  4.0400000e-003  2.4900000e-003  4.3168100e-004
  6.0500000e-003  3.4900000e-003  4.3300000e-003  3.6200000e-003  8.1765300e-004
  4.0600000e-003  4.2016800e-004  6.4200000e-003  8.5700000e-003  2.4967700e-004
  7.6600000e-003  7.7000000e-003  1.2500000e-003  3.3800000e-003  9.6100000e-003
  9.3700000e-003  1.6900900e-004  3.3031400e-004  6.7400000e-003  8.9000000e-003
  2.9600000e-003  3.2400000e-003  6.1700000e-003  8.5700000e-003  1.7800000e-003
  4.0600000e-003  2.8000000e-003  3.9900000e-003  5.0500000e-003  5.6800000e-003
  3.9260900e-004  1.9700000e-003  6.9000000e-003  8.3240700e-004  4.4900000e-003
  5.7700000e-003  4.3800000e-003  2.6000000e-003  3.3300000e-003  4.3500000e-003
  7.1200000e-003  1.3500000e-003  6.7900000e-003  8.8300000e-003  2.0100000e-003
  2.6492900e-004  7.3500000e-003  8.6900000e-003  1.5200000e-003  3.3900000e-003
  2.5800000e-003  8.4700000e-003  7.6300000e-003  9.8600000e-003  6.4249300e-004
  6.3600000e-003  8.6600000e-003  7.7700000e-003  7.0800000e-003  1.2500000e-003
  8.8400000e-003  9.6700000e-003  7.6400000e-003  9.0850700e-004  2.3200000e-003
  9.6800000e-003  7.2600000e-003  5.2500000e-003  9.8000000e-003  7.5200000e-003
  7.8800000e-003  1.0700000e-003  2.4900000e-003  5.5600000e-003  4.9100000e-003
  9.2000000e-003  2.7600000e-003  7.4800000e-003  8.2400000e-003  4.7100000e-003
  2.0900000e-003  8.7500000e-003  2.4900000e-003  2.5900000e-003  8.3300000e-003
  9.4300000e-003  3.2600000e-003  9.8700000e-003  6.1500000e-003  7.6500000e-003
  8.8400000e-003  6.3300000e-003  8.2855500e-004  3.7600000e-003  2.1000000e-003
  1.7500000e-003  1.4300000e-003  2.9100000e-003  2.5800000e-003  3.5300000e-003
  6.3200000e-003  2.7900000e-003  7.9476000e-004  3.7400000e-003  8.4100000e-003
  6.8300000e-003  9.4500000e-003  7.7400000e-003  6.6200000e-003  8.0700000e-003
  6.2500000e-003  2.0000000e-003  8.5600000e-003  1.0700000e-003  1.3300000e-003
  4.6943600e-004  3.6000000e-003  2.1200000e-003  7.6900000e-003  7.0300000e-003
  8.9800000e-003  6.9200000e-003  9.9700000e-003  4.6100000e-003  4.7300000e-003
  1.4700000e-003  3.4600000e-003  8.9210600e-004  6.6900000e-003  8.6200000e-003
  9.8600000e-003  4.7700000e-003  7.2000000e-003  5.8100000e-003  8.1900000e-003
  7.3400000e-003  9.5800000e-003  3.7400000e-003  2.4300000e-003  4.6100000e-003
  1.7800000e-003  3.8700000e-003  1.7900000e-003  5.5600000e-003  7.8800000e-003
  4.8600000e-003  6.2600000e-003  9.3500000e-003  8.9400000e-003  2.7700000e-003
  9.9000000e-003  8.3100000e-003  7.9500000e-003  6.9400000e-003  2.8800000e-003
  3.2500000e-003  2.4583300e-006  4.8800000e-003  8.3000000e-003  4.8400000e-003
  6.1725400e-004  3.5000000e-003  4.1500000e-003  3.5200000e-003  9.2900000e-003
  7.9435200e-004  9.2530300e-004  6.7700000e-003  8.3000000e-003  9.0700000e-003
  1.9900000e-003  6.3300000e-003  6.5575500e-004  2.1200000e-003  7.5300000e-003
  7.9300000e-003  1.9468500e-004  5.0900000e-003  6.9800000e-003  3.9100000e-003
  7.8500000e-003  5.8600000e-003  1.0100000e-003  8.7300000e-003  1.1200000e-003
  1.6800000e-003  7.7700000e-003  3.9600000e-003  4.3200000e-003  7.9800000e-003
  3.1400000e-003  9.8300000e-003  4.7900000e-003  2.6500000e-003  7.2600000e-003
  9.2400000e-003  3.6800000e-003  1.0300000e-003  1.8000000e-003  8.9000000e-003
  8.5200000e-003  5.8100000e-003  7.8100000e-003  3.7800000e-003  5.2572900e-004
  8.7200000e-003  7.8906600e-004  5.9571400e-004  9.4600000e-003  9.6700000e-003
  5.9200000e-003  2.3700000e-003  8.9800000e-003  6.7700000e-003  3.2600000e-003
  4.9300000e-003  6.5200000e-003  6.8700000e-003  9.5300000e-003  5.3402600e-004
  3.6900000e-003  5.0300000e-003  7.1272700e-006  7.7500000e-003  9.6400000e-003
  8.6900000e-003  3.6400000e-003  4.6529200e-005  7.8700000e-003  3.2700000e-003
  1.9500000e-003  6.4000000e-003  9.7100000e-003  9.2100000e-003  9.4100000e-003
  4.4743000e-004  5.1000000e-003  7.3400000e-003  7.0800000e-003  6.9600000e-003
  7.4600000e-003  3.6300000e-003  9.6000000e-003  1.4900000e-003  2.0600000e-003
  1.6600000e-003  5.9600000e-003  9.1800000e-003  6.6800000e-003  8.4300000e-003
  6.3000000e-003  8.6800000e-003  6.5100000e-003  7.2708300e-004  5.6100000e-003
  8.0800000e-003  6.2700000e-003  3.9000000e-003  3.5900000e-003  2.4400000e-003
  2.1400000e-003  8.2600000e-003  9.6100000e-003  4.9700000e-003  4.9100000e-003
  8.5100000e-003  1.6900000e-003  5.4600000e-003  8.3300000e-003  7.1800000e-003
  7.5700000e-003  2.9400000e-003  2.2200000e-003  2.2700000e-003  5.8400000e-003
  3.0000000e-003  9.3600000e-003  2.0300000e-003  5.0000000e-003  4.9800000e-003
  3.4500000e-003  1.4720100e-005  2.1100000e-003  8.8300000e-003  5.5200000e-003
  2.6200000e-003  4.8700000e-003  1.8700000e-003  9.5100000e-003  2.2600000e-003
  5.1830400e-004  8.4100000e-003  3.8400000e-003  3.7806900e-004  4.6200000e-003
  1.1000000e-003  3.2900000e-003  8.8600000e-003  5.1500000e-003  2.6900000e-003
  7.1000000e-003  3.8500000e-003  8.7100000e-003  2.1500000e-003  5.6500000e-003
  3.6839200e-004  5.6060900e-004  9.9500000e-003  3.4400000e-003  5.1200000e-003
  3.2600000e-003  6.7100000e-003  1.2700000e-003  5.6600000e-003  2.1700000e-003
  7.6500000e-003  7.3000000e-003  1.4715400e-004  6.7800000e-003  5.7200000e-003
  1.6100000e-003  7.3400000e-003  8.9800000e-003  8.4400000e-003  8.6900000e-003
  8.4600000e-003  5.3700000e-003  8.1400000e-003  1.5200000e-003  2.9700000e-003
  9.3000000e-003  8.6700000e-003  2.5600000e-003  3.3700000e-003  1.9200000e-003
  1.3195800e-004  2.0800000e-003  7.4000000e-003  8.9450700e-004  2.5600000e-003
  9.8200000e-003  7.8700000e-003  3.1700000e-003  4.4100000e-003  6.3253500e-004
  4.4400000e-003  6.0900000e-003  4.1000000e-003  9.1900000e-003  4.0800000e-003
  5.4600000e-003  5.2500000e-003  3.0400000e-003  5.9254000e-004  5.9600000e-003
  4.7500000e-003  2.4480400e-004  3.3400000e-003  9.9100000e-003  7.8198100e-004
  1.3000000e-003  4.0600000e-003  5.4700000e-003  2.3700000e-003  1.1500000e-003
  3.0360200e-004  8.9900000e-003  8.9400000e-003  2.1500000e-003  7.2200000e-003
  9.9700000e-003  5.4500000e-003  6.9799900e-004  9.1500000e-003  8.3000000e-003
  1.1500000e-003  5.6200000e-003  1.3200000e-003  6.3761400e-004  8.8700000e-003
  9.1000000e-003  3.0500000e-003  8.5400000e-003  1.3500000e-003  1.6000000e-003
  6.2100000e-003  1.7300000e-003  1.0500000e-003  8.3735900e-004  9.6961200e-004
  5.7400000e-003  2.0700000e-003  9.4400000e-003  8.0600000e-003  6.7100000e-003
  3.6000000e-003  1.3100000e-003  9.0400000e-003  5.1823300e-004  2.9600000e-003
  8.8500000e-003  8.0500000e-003  4.5800000e-003  7.5700000e-003  8.0600000e-003
  9.0400000e-003  7.8475100e-004  1.8500000e-003  1.3400000e-003  8.0100000e-003
  3.0999900e-004  7.9600000e-003  5.4600000e-003  4.6400000e-003  7.3800000e-003
  7.8500000e-003  1.4300000e-003  8.7600000e-003  6.7822400e-004  7.9600000e-003
  1.1500000e-003  8.0800000e-003  1.2000000e-003  3.0400000e-003  6.2200000e-003
  6.1700000e-003  3.7800000e-003  4.4800000e-003  1.1500000e-003  2.9100000e-003
  1.2744900e-004  7.0600000e-003  6.4500000e-003  9.7500000e-003  6.7000000e-003
  6.4900000e-003  5.6900000e-003  2.5600000e-003  6.6300000e-003  1.1500000e-003
  9.4200000e-003  3.5864200e-004  3.6100000e-003  3.7100000e-003  3.0400000e-003
  9.9200000e-003  1.9500000e-003  9.9200000e-003  8.0700000e-003  8.5600000e-003
  2.5342900e-004  1.5400000e-003  2.9928000e-004  4.5100000e-003  8.2300000e-003
  9.6800000e-003  9.8900000e-003  2.9400000e-003  2.1900000e-003  4.4400000e-003
  9.0100000e-003  6.4500000e-003  7.5997800e-004  1.5300000e-003  1.4600000e-003
  6.3600000e-003  2.2500000e-003  4.4700000e-003  8.2900000e-003  5.5300000e-003
  2.3314200e-004  3.7200000e-003  2.3933900e-004  9.9200000e-003  4.8300000e-003
  1.6400000e-003  1.7200000e-003  5.3700000e-003  4.7000000e-003  1.9178500e-004
  8.0700000e-003  2.5400000e-003  1.7000000e-003  8.1400000e-003  9.5100000e-003
  8.8573300e-004  9.5500000e-003  7.0100000e-003  5.2270000e-004  4.4109400e-004
  3.6300000e-003  7.9100000e-003  6.6600000e-003  3.1300000e-003  4.8500000e-003
  5.4000000e-003  8.5500000e-003  6.5000000e-003  4.1000000e-003  6.9200000e-003
  9.7600000e-003  4.0800000e-003  6.7700000e-003  7.8800000e-003  4.0400000e-003
  1.3225800e-004  1.0700000e-003  4.5500000e-003  6.3182000e-004  8.2400000e-003
  1.0500000e-003  6.7200000e-003  1.1025200e-004  1.7900000e-003  9.5800000e-003
  4.9500000e-003  9.1000000e-003  2.7300000e-003  3.0800000e-003  9.2500000e-003
  2.1000000e-003  3.6100000e-003  4.9100000e-003  1.0800000e-003  8.6650100e-004
  2.9400000e-003  9.7600000e-003  9.0700000e-003  8.1200000e-003  1.1100000e-003
  5.3000000e-003  7.1763700e-004  5.1700000e-003  2.4300000e-003  6.0000000e-003
  5.4900000e-003  9.3600000e-003  6.2100000e-003  9.2900000e-003  1.3300000e-003
  5.6000000e-003  9.3300000e-003  3.9800000e-003  7.1300000e-003  7.3000000e-003
  4.1000000e-003  1.8800000e-003  9.7400000e-003  2.5300000e-003  6.2300000e-003
  9.8300000e-003  5.6400000e-003  1.0200000e-003  9.7900000e-003  3.7500000e-003
  8.7800000e-003  5.2100000e-003  4.9000000e-003  6.8200000e-003  5.2100000e-003
  5.9900000e-003  6.3700000e-003  8.6800000e-003  4.5753300e-004  1.8800000e-003
  5.2913500e-004  2.2200000e-003  4.9900000e-003  7.9400000e-003  3.9200000e-003
  5.4100000e-003  8.8600000e-003  7.2900000e-003  5.7800000e-003  1.8700000e-003
  1.6700000e-003  7.6100000e-003  2.0600000e-003  7.5500000e-003  8.1400000e-003
  4.3800000e-003  2.9500000e-003  5.4000000e-003  1.8400000e-003  2.5700000e-003
  1.1900000e-003  6.0900000e-003  3.1000000e-003  3.8400000e-003  9.7100000e-003
  2.1200000e-003  2.8200000e-003  9.0400000e-003  7.3300000e-003  8.0826600e-004
  9.2242100e-004  1.3057400e-004  1.7900000e-003  1.6100000e-003  8.7500000e-003
  4.3400000e-003  9.2000000e-003  6.5200000e-003  9.3400000e-003  6.4100000e-003
  8.4929400e-004  2.1500000e-003  5.9300000e-003  9.8000000e-003  2.2900000e-003
  9.1100000e-003  3.5506200e-004  1.1400000e-003  2.1300000e-003  8.0400000e-003
  1.0600000e-003  1.4100000e-003  5.9400000e-003  9.2400000e-003  5.3800000e-003
  7.6000000e-003  3.6900000e-003  6.6900000e-003  6.4100000e-003  3.7556900e-004
  9.8500000e-003  1.0600000e-003  3.5000000e-003  4.7800000e-003  4.6100000e-003
  2.3504000e-004  9.0100000e-003  8.9400000e-003  2.1800000e-003  6.7700000e-003
  9.0500000e-003  3.3100000e-003  1.5300000e-003  7.7300000e-003  8.4526300e-004
  1.1200000e-003  2.5100000e-003  1.8300000e-003  4.1800000e-003  4.7200000e-003
  2.6043200e-004  2.9000000e-003  2.1900000e-003  7.7500000e-003  1.2400000e-003
  1.1000000e-003  8.3400000e-003  7.4400000e-003  1.4000000e-003  1.7700000e-003
  1.7900000e-003  9.4600000e-003  5.7600000e-003  1.4200000e-003  6.3200000e-003
  2.9300000e-003  6.3800000e-003  1.4000000e-003  5.3800000e-003  8.0700000e-003
  8.2000000e-003  9.9300000e-003  9.5700000e-003  1.4800000e-003  2.2400000e-003
  5.2806700e-004  4.3400000e-003  6.6200000e-003  4.8600000e-003  2.3000000e-003
  8.6600000e-003  3.0400000e-003  1.3800000e-003  5.7100000e-003  8.3500000e-003
  6.5300000e-003  4.8353200e-004  5.6000000e-003  8.1000000e-003  7.8942300e-004
  4.9300000e-003  1.1777000e-004  7.1900000e-003  6.6100000e-003  7.3200000e-003
  4.1000000e-003  1.3400000e-003  7.7400000e-003  1.9900000e-003  9.3600000e-003
  9.7000000e-003  9.0800000e-003  6.6400000e-003  8.0100000e-003  9.7100000e-003
  6.0000000e-003  1.4800000e-003  2.6000000e-003  9.8700000e-003  2.0600000e-003
  4.1900000e-003  7.3000000e-003  2.0300000e-003  1.4600000e-003  6.0200000e-003
  9.7400000e-003  8.7100000e-003  8.2300000e-003  3.6600000e-003  2.9200000e-003
  7.8900000e-003  4.1000000e-003  8.0700000e-003  2.1100000e-003  2.8200000e-003
  1.7354800e-004  7.2800000e-003  6.3300000e-003  3.0200000e-003  1.3600000e-003
  4.0300000e-003  8.5900000e-003  5.2400000e-003  5.2100000e-003  5.9800000e-003
  8.0000000e-003  8.5200000e-003  3.6100000e-003  1.9200000e-003  7.8000000e-003
  1.5800000e-003  8.7613200e-004  5.4600000e-003  5.6800000e-003  9.1900000e-003
  8.9300000e-003  8.4800000e-003  1.4641200e-004  3.6100000e-003  5.1753600e-004
  1.6500000e-003  5.6600000e-003  2.6400000e-003  9.1800000e-003  1.4300000e-003
  8.1729200e-004  6.0200000e-003  7.0600000e-003  8.6400000e-003  5.8600000e-003
  3.1500000e-003  9.8900000e-003  8.3300000e-003  6.5900000e-003  5.1100000e-003
  6.9300000e-003  1.9200000e-003  5.3000000e-003  1.8200000e-003  6.3100000e-003
  7.5000000e-003  9.4700000e-003  8.5500000e-003  4.6100000e-003  7.4500000e-003
  4.4000000e-003  8.7600000e-003  1.9400000e-003  6.6888200e-004  2.6058000e-005
  6.0200000e-003  5.3900000e-003  9.0902200e-004  3.7300000e-003  2.7400000e-003
  3.5900000e-003  6.1100000e-003  6.4000000e-003  2.9800000e-003  7.1800000e-003
  4.8929600e-004  6.4946600e-004  5.9600000e-003  4.9000000e-003  7.6900000e-003
  5.7400000e-003  3.5600000e-003  4.4640600e-004  6.5700000e-003  4.2200000e-003
  6.7300000e-003  7.8700000e-003  2.6700000e-003  1.6100000e-003  6.0619600e-004
  2.2900000e-003  3.7700000e-003  5.9300000e-003  6.8600000e-003  4.9900000e-003
  4.7900000e-003  2.8029300e-004  2.7400000e-003  4.9400000e-003  7.2400000e-003
  6.8300000e-003  2.6600000e-003  1.9800000e-003  9.2600000e-003  1.2500000e-003
  4.7000000e-003  2.9000000e-003  8.5000000e-003  8.4100000e-003  1.7000700e-004
  6.7900000e-003  8.8470400e-004  9.6700000e-003  3.2200000e-003  8.7000000e-003
  3.0100000e-003  1.2800000e-003  9.0200000e-003  5.3417200e-004  8.1700000e-003
  7.2300000e-003  5.0700000e-003  9.2200000e-003  3.9400000e-003  7.2900000e-003
  7.9600000e-003  2.9100000e-003  8.9300000e-003  9.1000000e-003  7.9500000e-003
  1.0900000e-003  4.5200000e-003  1.3400000e-003  8.8700000e-003  7.9700000e-003
  4.0200000e-003  7.8155200e-004  9.2500000e-003  6.7300000e-003  6.1900000e-003
  1.9500000e-003  5.1600000e-003  9.1800000e-003  7.7300000e-003  4.4200000e-003
  6.5800000e-003  9.2300000e-003  7.5700000e-003  1.1000000e-003  9.0100000e-003
  6.2100000e-003  2.9800000e-003  2.1700000e-003  5.3300000e-003  3.6700000e-003
  5.7504000e-004  6.1600000e-003  2.7800000e-003  8.2400000e-003  5.7800000e-003
  6.5400000e-003  8.2200000e-003  5.5700000e-003  2.6100000e-003  9.8500000e-003
  4.2000000e-003  5.8900000e-003  9.4262600e-004  5.1600000e-003  6.2100000e-003
  4.2900000e-003  1.6600000e-003  2.3800000e-003  6.8500000e-003  4.4700000e-003
  9.4900000e-003  6.9900000e-003  7.6400000e-003  4.1900000e-003  5.7600000e-003
  5.6500000e-003  7.3100000e-003  4.0900000e-003  1.7261500e-004  1.6400000e-003
  5.0200000e-003  2.6100000e-003  3.8500000e-003  5.4000000e-003  7.2488400e-004
  6.1600000e-003  3.1800000e-003  8.2400000e-003  1.7200000e-003  1.1000000e-003
  2.6000000e-003  3.8600000e-003  4.0200000e-003  4.0000000e-003  1.7872700e-004
  4.4400000e-003  7.0036700e-004  8.4000000e-003  1.6700000e-003  1.4700000e-003
  3.1100000e-003  2.5100000e-003  9.3000000e-003  9.8800000e-003  2.3900000e-003
  8.4600000e-003  7.5500000e-003  6.0000000e-003  3.2600000e-003  8.9900000e-003
  8.6500000e-003  4.8000000e-003  3.8400000e-003  7.2800000e-003  9.8700000e-003
  7.7300000e-003  9.5800000e-003  7.7800000e-003  8.4800000e-003  1.1200000e-003
  4.0300000e-003  3.2400000e-003  7.9000000e-003  6.8000000e-003  2.5300000e-003
  9.5600000e-003  6.6800000e-003  6.6400000e-003  5.7900000e-003  9.1500000e-003
  9.0800000e-003  8.4500000e-003  9.0900000e-003  9.7100000e-003  2.9100000e-003
  9.8800000e-003  8.7600000e-003  5.7500000e-003  6.9900000e-003  7.0200000e-003
  3.4300000e-003  1.8696200e-004  2.9900000e-003  7.6500000e-003  4.8100000e-003
  4.9500000e-003  6.3800000e-003  3.9600000e-003  7.0700000e-003  8.5331400e-004
  4.2900000e-003  2.8900000e-003  5.7900000e-003  2.2387300e-004  6.5800000e-003
  1.2100000e-003  8.2100000e-003  5.6100000e-003  8.9800000e-003  6.6000000e-003
  9.5800000e-003  2.1500000e-003  7.4400000e-003  1.6400000e-003  2.6500000e-003
  1.4500000e-003  7.1100000e-003  9.0900000e-003  5.2500000e-003  1.3500000e-003
  3.2000000e-003  2.9400000e-003  8.9200000e-003  4.1492400e-004  5.9700000e-003
  1.2400000e-003  6.5300000e-003  2.3296500e-004  1.9300000e-003  6.2800000e-003
  4.3900000e-003  6.0800000e-003  5.8700000e-003  3.8900000e-003  3.8700000e-003
  4.0000000e-003  7.5600000e-003  8.5200000e-003  1.5500000e-003  4.9500000e-003
  4.1500000e-003  8.4900000e-003  6.1100000e-003  1.7589500e-004  5.0000000e-003
  3.1300000e-003  4.3500000e-003  8.1100000e-003  6.1300000e-003  9.1400000e-003
  1.1600000e-003  6.2200000e-003  7.3400000e-003  4.2700000e-003  7.9100000e-003
  3.0500000e-003  2.8400000e-003  7.3700000e-003  3.3100000e-003  5.1700000e-003
  7.3100000e-003  1.8100000e-003  1.4900000e-003  9.1900000e-003  5.6100000e-003
  2.4200000e-003  2.5700000e-003  6.3400000e-003  1.7500000e-003  1.9700000e-003
  1.1800000e-003  6.6200000e-003  6.5800000e-003  1.4000000e-003  7.3300000e-003
  3.7500000e-003  9.4800000e-003  5.8836900e-004  2.2700000e-003  7.5600000e-003
  4.7100000e-003  5.2900000e-003  5.3200000e-003  9.4500000e-003  9.2400000e-003
  1.5000000e-003  7.1900000e-003  2.7600000e-003  6.4400000e-003  9.0400000e-003
  1.4100000e-003  9.6800000e-003  7.7600000e-003  6.3600000e-003  1.5400000e-003
  8.2200000e-003  1.8600000e-003  6.0500000e-003  8.0100000e-003  8.9589700e-004
  5.5900000e-003  3.9199700e-005  6.4200000e-003  3.6300000e-003  8.3900000e-003
  2.1800000e-003  7.0500000e-003  9.2400000e-003  2.2800000e-003  8.8400000e-003
  7.2500000e-003  9.9700000e-003  5.3500000e-003  2.2800000e-003  1.4400000e-003
  2.0500000e-003  4.7400000e-003  7.7000000e-003  4.9500000e-003  8.2100000e-003
  2.5000000e-003  9.9400000e-003  3.0642400e-004  3.6500000e-003  2.8400000e-003
  1.2800000e-003  1.5300000e-003  3.8500000e-003  3.8900000e-003  8.7500000e-003
  9.1100000e-003  8.3100000e-003  4.4900000e-003  5.4700000e-003  7.5300000e-003
  5.6300000e-003  7.6400000e-003  1.1700000e-003  5.0400000e-003  6.8400000e-003
  3.4000000e-003  1.6100000e-003  1.7704400e-004  2.6300000e-003  5.5100000e-003
  4.9700000e-003  7.1900000e-003  9.8000000e-003  6.1500000e-003  6.4100000e-003
  4.2900000e-003  1.4500000e-003  9.7900000e-003  9.6800000e-003  3.0700000e-003
  4.5700000e-003  2.4900000e-003  7.7000000e-003  3.3400000e-003  8.2200000e-003
  3.5355900e-005  1.3600000e-003  9.7200000e-003  9.8300000e-003  6.3586000e-004
  5.8700000e-003  2.3900000e-003  9.3000000e-003  7.1700000e-003  2.3600000e-003
  5.9900000e-003  4.1622100e-005  1.7200000e-003  5.6800000e-003  8.1414500e-005
  6.3400000e-003  1.7435100e-004  4.2400000e-003  5.6700000e-003  3.4200000e-003
  2.6000000e-003  3.5400000e-003  3.3700000e-003  5.4700000e-003  8.1300000e-003
  8.7900000e-003  5.3700000e-003  7.1000000e-003  1.2600000e-003  4.0600000e-003
  9.0700000e-003  1.9200000e-003  1.6300000e-003  2.0200000e-003  4.3700000e-003
  6.5100000e-003  1.0100000e-003  6.7900000e-003  9.7400000e-003  3.2136900e-004
  5.3800000e-003  3.0700000e-003  1.4731000e-004  6.4300000e-003  6.3300000e-003
  5.1900000e-003  2.1300000e-003  3.3800000e-003  6.4700000e-003  1.6700000e-003
  9.8900000e-003  4.4100000e-003  6.5200000e-003  8.5200000e-003  2.8300000e-003
  7.7100000e-003  8.6900000e-003  2.5500000e-003  5.3800000e-003  8.6800000e-003
  4.5300000e-003  4.9500000e-003  7.8800000e-003  1.2800000e-003  2.3100000e-003
  8.5100000e-003  4.2000000e-003  3.3600000e-003  2.9300000e-003  4.4200000e-003
  2.5800000e-003  9.5100000e-003  8.1600000e-003  7.1300000e-003  6.0100000e-003
  2.1300000e-003  2.6500000e-003  5.9900000e-003  3.1700000e-003  8.5800000e-003
  2.8900000e-003  1.4200000e-003  7.5300000e-003  9.8200000e-003  7.3300000e-003
  9.1600000e-003  9.1382300e-004  7.2900000e-003  1.8900000e-003  3.8200000e-003
  7.9500000e-003  3.1900000e-003  9.4500000e-003  4.2100000e-003  1.3600000e-003
  3.5600000e-003  7.4900000e-003  4.1700000e-003  1.2000000e-003  4.0000000e-003
  2.8500000e-003  1.3000000e-003  8.1700000e-003  8.4500000e-003  7.1500000e-003
  1.1700000e-003  7.0800000e-003  5.8337100e-004  8.2500000e-003  1.0300000e-003
  2.5900000e-003  6.4200000e-003  7.4200000e-003  9.1400000e-003  6.7500000e-003
  8.8900000e-003  1.4500000e-003  3.1500000e-003  4.9700000e-003  4.8000000e-003
  9.3200000e-003  2.1051700e-004  2.3600000e-003  5.3800000e-003  8.0900000e-003
  2.6800000e-003  7.2100000e-003  4.1700000e-003  1.7500000e-003  4.1300000e-003
  2.1800000e-003  1.0000000e-002  8.0700000e-003  7.4700000e-003  8.1400000e-003
  3.1600000e-003  1.9800000e-003  9.8500000e-003  7.3100000e-003  3.2500000e-003
