   9.6000000e+02
   9.6200000e+02
   9.6400000e+02
   9.6600000e+02
   9.6800000e+02
   9.7000000e+02
   9.7200000e+02
   9.7400000e+02
   9.7600000e+02
   9.7800000e+02
   9.8000000e+02
   9.8200000e+02
   9.8400000e+02
   9.8600000e+02
   9.8800000e+02
   9.9000000e+02
   9.9200000e+02
   9.9400000e+02
   9.9600000e+02
   9.9800000e+02
   1.0000000e+03
   1.0020000e+03
   1.0040000e+03
   1.0060000e+03
   1.0080000e+03
   1.0100000e+03
   1.0120000e+03
   1.0140000e+03
   1.0160000e+03
   1.0180000e+03
   1.0200000e+03
   1.0220000e+03
   1.0240000e+03
   1.0260000e+03
   1.0280000e+03
   1.0300000e+03
   1.0320000e+03
   1.0340000e+03
   1.0360000e+03
   1.0380000e+03
   1.0400000e+03
   1.0420000e+03
   1.0440000e+03
   1.0460000e+03
   1.0480000e+03
   1.0500000e+03
   1.0520000e+03
   1.0540000e+03
   1.0560000e+03
   1.0580000e+03
   1.0600000e+03
   1.0620000e+03
   1.0640000e+03
   1.0660000e+03
   1.0680000e+03
   1.0700000e+03
   1.0720000e+03
   1.0740000e+03
   1.0760000e+03
   1.0780000e+03
   1.0800000e+03
   1.0820000e+03
   1.0840000e+03
   1.0860000e+03
   1.0880000e+03
   1.0900000e+03
   1.0920000e+03
   1.0940000e+03
   1.0960000e+03
   1.0980000e+03
   1.1000000e+03
   1.1020000e+03
   1.1040000e+03
   1.1060000e+03
   1.1080000e+03
   1.1100000e+03
   1.1120000e+03
   1.1140000e+03
   1.1160000e+03
   1.1180000e+03
   1.1200000e+03
   1.1220000e+03
   1.1240000e+03
   1.1260000e+03
   1.1280000e+03
   1.1300000e+03
   1.1320000e+03
   1.1340000e+03
   1.1360000e+03
   1.1380000e+03
   1.1400000e+03
   1.1420000e+03
   1.1440000e+03
   1.1460000e+03
   1.1480000e+03
   1.1500000e+03
   1.1520000e+03
   1.1540000e+03
   1.1560000e+03
   1.1580000e+03
   1.1600000e+03
   1.1620000e+03
   1.1640000e+03
   1.1660000e+03
   1.1680000e+03
   1.1700000e+03
   1.1720000e+03
   1.1740000e+03
   1.1760000e+03
   1.1780000e+03
   1.1800000e+03
   1.1820000e+03
   1.1840000e+03
   1.1860000e+03
   1.1880000e+03
   1.1900000e+03
   1.1920000e+03
   1.1940000e+03
   1.1960000e+03
   1.1980000e+03
   1.2000000e+03
   1.2020000e+03
   1.2040000e+03
   1.2060000e+03
   1.2080000e+03
   1.2100000e+03
   1.2120000e+03
   1.2140000e+03
   1.2160000e+03
   1.2180000e+03
   1.2200000e+03
   1.2220000e+03
   1.2240000e+03
   1.2260000e+03
   1.2280000e+03
   1.2300000e+03
   1.2320000e+03
   1.2340000e+03
   1.2360000e+03
   1.2380000e+03
   1.2400000e+03
   1.2420000e+03
   1.2440000e+03
   1.2460000e+03
   1.2480000e+03
   1.2500000e+03
   1.2520000e+03
   1.2540000e+03
   1.2560000e+03
   1.2580000e+03
   1.2600000e+03
   1.2620000e+03
   1.2640000e+03
   1.2660000e+03
   1.2680000e+03
   1.2700000e+03
   1.2720000e+03
   1.2740000e+03
   1.2760000e+03
   1.2780000e+03
   1.2800000e+03
   1.2820000e+03
   1.2840000e+03
   1.2860000e+03
   1.2880000e+03
   1.2900000e+03
   1.2920000e+03
   1.2940000e+03
   1.2960000e+03
   1.2980000e+03
   1.3000000e+03
