   1.0476000e-01   1.7484000e-01   2.0981000e-01   2.3144000e-01   2.4927000e-01   2.5788000e-01   2.4648000e-01   2.4793523e-01   2.3606479e-01   2.3555000e-01   2.2240000e-01   2.1322959e-01
   1.0638000e-01   1.7832000e-01   2.1478000e-01   2.3771000e-01   2.5437000e-01   2.6517000e-01   2.5216000e-01   2.5348523e-01   2.4086479e-01   2.3956000e-01   2.2435000e-01   2.1555959e-01
   1.0963000e-01   1.8311000e-01   2.2103000e-01   2.4589000e-01   2.6328000e-01   2.7326000e-01   2.5907000e-01   2.6134523e-01   2.4705479e-01   2.4667000e-01   2.2779000e-01   2.2013959e-01
   1.1362000e-01   1.8960000e-01   2.2937000e-01   2.5617000e-01   2.7441000e-01   2.8378000e-01   2.6915000e-01   2.7197523e-01   2.5624479e-01   2.5590000e-01   2.3370000e-01   2.2642959e-01
   1.1811000e-01   1.9885000e-01   2.4022000e-01   2.6832000e-01   2.8696000e-01   2.9746000e-01   2.8366000e-01   2.8691523e-01   2.6861479e-01   2.6906000e-01   2.4422000e-01   2.3689959e-01
   1.2371000e-01   2.0909000e-01   2.5234000e-01   2.8269000e-01   3.0378000e-01   3.1592000e-01   3.0183000e-01   3.0492523e-01   2.8560479e-01   2.8680000e-01   2.5893000e-01   2.5129959e-01
   1.2918000e-01   2.1732000e-01   2.6418000e-01   2.9679000e-01   3.2133000e-01   3.3603000e-01   3.2190000e-01   3.2679523e-01   3.0601479e-01   3.0710000e-01   2.7668000e-01   2.6807959e-01
   1.3163000e-01   2.2170000e-01   2.7316000e-01   3.0729000e-01   3.3490000e-01   3.5306000e-01   3.4220000e-01   3.4982523e-01   3.2753479e-01   3.2868000e-01   2.9672000e-01   2.8846959e-01
   1.3109000e-01   2.2327000e-01   2.7590000e-01   3.1307000e-01   3.4233000e-01   3.6460000e-01   3.5915000e-01   3.7020523e-01   3.4772479e-01   3.5165000e-01   3.1565000e-01   3.0816959e-01
   1.2879000e-01   2.2116000e-01   2.7354000e-01   3.1263000e-01   3.4396000e-01   3.6965000e-01   3.6917000e-01   3.8387523e-01   3.6350479e-01   3.6998000e-01   3.3325000e-01   3.2551959e-01
   1.2527000e-01   2.1429000e-01   2.6756000e-01   3.0567000e-01   3.3960000e-01   3.6850000e-01   3.7045000e-01   3.8973523e-01   3.7208479e-01   3.8052000e-01   3.4634000e-01   3.4046959e-01
   1.2017000e-01   2.0578000e-01   2.5785000e-01   2.9565000e-01   3.2801000e-01   3.5947000e-01   3.6451000e-01   3.9037523e-01   3.7608479e-01   3.8721000e-01   3.5497000e-01   3.5028959e-01
   1.1622000e-01   1.9904000e-01   2.4821000e-01   2.8524000e-01   3.1533000e-01   3.4743000e-01   3.5521000e-01   3.8559523e-01   3.7711479e-01   3.9075000e-01   3.6021000e-01   3.5610959e-01
   1.1431000e-01   1.9382000e-01   2.3910000e-01   2.7452000e-01   3.0365000e-01   3.3298000e-01   3.4437000e-01   3.7667523e-01   3.7149479e-01   3.9047000e-01   3.5932000e-01   3.5737959e-01
   1.1347000e-01   1.9005000e-01   2.3293000e-01   2.6680000e-01   2.9422000e-01   3.2155000e-01   3.3463000e-01   3.6751523e-01   3.6335479e-01   3.8435000e-01   3.5467000e-01   3.5352959e-01
   1.1364000e-01   1.8959000e-01   2.3148000e-01   2.6491000e-01   2.9052000e-01   3.2002000e-01   3.3092000e-01   3.6451523e-01   3.6032479e-01   3.8086000e-01   3.5255000e-01   3.5134959e-01
   1.1565000e-01   1.9292000e-01   2.3323000e-01   2.6688000e-01   2.9263000e-01   3.2303000e-01   3.3470000e-01   3.6758523e-01   3.6675479e-01   3.8755000e-01   3.5834000e-01   3.6030959e-01
   1.1899000e-01   1.9756000e-01   2.3745000e-01   2.7179000e-01   2.9941000e-01   3.2957000e-01   3.4447000e-01   3.7690523e-01   3.8018479e-01   4.0094000e-01   3.7125000e-01   3.7607959e-01
   1.2320000e-01   2.0321000e-01   2.4478000e-01   2.7983000e-01   3.1038000e-01   3.4065000e-01   3.5850000e-01   3.9493523e-01   3.9719479e-01   4.1866000e-01   3.9085000e-01   3.9532959e-01
   1.2755000e-01   2.1020000e-01   2.5423000e-01   2.8969000e-01   3.2272000e-01   3.5551000e-01   3.7621000e-01   4.1698523e-01   4.1843479e-01   4.4131000e-01   4.1756000e-01   4.2135959e-01
   1.3163000e-01   2.1773000e-01   2.6453000e-01   3.0143000e-01   3.3674000e-01   3.7302000e-01   3.9759000e-01   4.4088523e-01   4.4549479e-01   4.6910000e-01   4.4719000e-01   4.5250959e-01
   1.3626000e-01   2.2672000e-01   2.7563000e-01   3.1485000e-01   3.5248000e-01   3.9370000e-01   4.2197000e-01   4.6723523e-01   4.7598479e-01   5.0283000e-01   4.7800000e-01   4.8573959e-01
   1.4150000e-01   2.3607000e-01   2.8759000e-01   3.3053000e-01   3.6815000e-01   4.1770000e-01   4.4743000e-01   4.9727523e-01   5.0653479e-01   5.3867000e-01   5.1042000e-01   5.2145959e-01
   1.4702000e-01   2.4486000e-01   3.0007000e-01   3.4690000e-01   3.8531000e-01   4.4060000e-01   4.7426000e-01   5.2949523e-01   5.4108479e-01   5.7541000e-01   5.4830000e-01   5.5991959e-01
   1.5237000e-01   2.5447000e-01   3.1326000e-01   3.6256000e-01   4.0597000e-01   4.6250000e-01   5.0402000e-01   5.6131523e-01   5.7891479e-01   6.1497000e-01   5.9022000e-01   6.0203959e-01
   1.5745000e-01   2.6407000e-01   3.2606000e-01   3.7831000e-01   4.2456000e-01   4.8422000e-01   5.3383000e-01   5.9504523e-01   6.1769479e-01   6.5543000e-01   6.3394000e-01   6.4665959e-01
   1.6184000e-01   2.7153000e-01   3.3748000e-01   3.9299000e-01   4.4075000e-01   5.0865000e-01   5.6206000e-01   6.2949523e-01   6.5839479e-01   6.9510000e-01   6.7726000e-01   6.9086959e-01
   1.6644000e-01   2.7881000e-01   3.4865000e-01   4.0752000e-01   4.5916000e-01   5.3328000e-01   5.8984000e-01   6.6429523e-01   6.9206479e-01   7.3741000e-01   7.2055000e-01   7.3547959e-01
   1.7188000e-01   2.8829000e-01   3.5947000e-01   4.2198000e-01   4.7858000e-01   5.5441000e-01   6.1794000e-01   7.0062523e-01   7.2780479e-01   7.8033000e-01   7.6779000e-01   7.8593959e-01
   1.7694000e-01   2.9787000e-01   3.6939000e-01   4.3563000e-01   4.9397000e-01   5.7566000e-01   6.4884000e-01   7.3674523e-01   7.7333479e-01   8.2353000e-01   8.1448000e-01   8.3866959e-01
   1.8125000e-01   3.0587000e-01   3.7988000e-01   4.4957000e-01   5.0770000e-01   5.9409000e-01   6.7705000e-01   7.6840523e-01   8.1364479e-01   8.6002000e-01   8.5418000e-01   8.8540959e-01
   1.8607000e-01   3.1230000e-01   3.9017000e-01   4.6378000e-01   5.2408000e-01   6.1097000e-01   7.0194000e-01   7.9772523e-01   8.4886479e-01   8.9137000e-01   8.9189000e-01   9.2685959e-01
   1.8962000e-01   3.1828000e-01   3.9896000e-01   4.7366000e-01   5.3984000e-01   6.2877000e-01   7.2871000e-01   8.2589523e-01   8.8544479e-01   9.3068000e-01   9.3439000e-01   9.7128959e-01
   1.9132000e-01   3.2465000e-01   4.0687000e-01   4.8174000e-01   5.5087000e-01   6.4839000e-01   7.5067000e-01   8.5472523e-01   9.1451479e-01   9.6753000e-01   9.7865000e-01   1.0121396e+00
   1.9434000e-01   3.2987000e-01   4.1466000e-01   4.9080000e-01   5.6260000e-01   6.6719000e-01   7.6908000e-01   8.8182523e-01   9.3854479e-01   9.9465000e-01   1.0173500e+00   1.0352896e+00
   1.9873000e-01   3.3369000e-01   4.2245000e-01   5.0062000e-01   5.7662000e-01   6.8094000e-01   7.8920000e-01   9.0315523e-01   9.7277479e-01   1.0303100e+00   1.0537600e+00   1.0733396e+00
   2.0124000e-01   3.3770000e-01   4.2875000e-01   5.0956000e-01   5.8493000e-01   6.9289000e-01   8.1154000e-01   9.2714523e-01   1.0088548e+00   1.0647500e+00   1.0965400e+00   1.1189796e+00
   2.0110000e-01   3.3955000e-01   4.3510000e-01   5.1649000e-01   5.9191000e-01   7.0148000e-01   8.2884000e-01   9.4995523e-01   1.0225448e+00   1.0909300e+00   1.1354800e+00   1.1518696e+00
   2.0060000e-01   3.4238000e-01   4.3960000e-01   5.2035000e-01   6.0282000e-01   7.1242000e-01   8.4527000e-01   9.6419523e-01   1.0417848e+00   1.1101900e+00   1.1592700e+00   1.1885996e+00
   2.0150000e-01   3.4631000e-01   4.4244000e-01   5.2416000e-01   6.0958000e-01   7.2236000e-01   8.5782000e-01   9.7817523e-01   1.0697048e+00   1.1257100e+00   1.1758200e+00   1.2099296e+00
   2.0425000e-01   3.4683000e-01   4.4710000e-01   5.3250000e-01   6.1238000e-01   7.2881000e-01   8.6760000e-01   9.9742523e-01   1.0861148e+00   1.1578100e+00   1.1965700e+00   1.2219296e+00
   2.0673000e-01   3.4733000e-01   4.5072000e-01   5.3632000e-01   6.1899000e-01   7.3778000e-01   8.8135000e-01   1.0218852e+00   1.1066248e+00   1.1859000e+00   1.2348500e+00   1.2556496e+00
   2.0740000e-01   3.5257000e-01   4.5233000e-01   5.3717000e-01   6.2315000e-01   7.4116000e-01   8.9123000e-01   1.0378352e+00   1.1232548e+00   1.1990600e+00   1.2673700e+00   1.3085496e+00
   2.0712000e-01   3.5721000e-01   4.5534000e-01   5.4213000e-01   6.2762000e-01   7.4739000e-01   9.0586000e-01   1.0486652e+00   1.1330348e+00   1.2162100e+00   1.2869400e+00   1.3303896e+00
   2.0680000e-01   3.5663000e-01   4.5676000e-01   5.4412000e-01   6.3234000e-01   7.5601000e-01   9.1607000e-01   1.0603952e+00   1.1429948e+00   1.2213500e+00   1.3133700e+00   1.3426896e+00
   2.0621000e-01   3.5340000e-01   4.5327000e-01   5.4200000e-01   6.3388000e-01   7.6042000e-01   9.1346000e-01   1.0682552e+00   1.1423248e+00   1.2244600e+00   1.3144000e+00   1.3581496e+00
   2.0417000e-01   3.4941000e-01   4.4961000e-01   5.4344000e-01   6.3080000e-01   7.6239000e-01   9.1301000e-01   1.0714552e+00   1.1410048e+00   1.2350900e+00   1.3108600e+00   1.3496796e+00
   2.0357000e-01   3.4732000e-01   4.4940000e-01   5.4440000e-01   6.3070000e-01   7.6144000e-01   9.1633000e-01   1.0781152e+00   1.1550548e+00   1.2440400e+00   1.3518200e+00   1.3532396e+00
   2.0368000e-01   3.4711000e-01   4.5030000e-01   5.4186000e-01   6.3589000e-01   7.6324000e-01   9.2140000e-01   1.0827252e+00   1.1639448e+00   1.2451400e+00   1.3627300e+00   1.3776696e+00
   2.0197000e-01   3.4626000e-01   4.4878000e-01   5.4102000e-01   6.3737000e-01   7.6359000e-01   9.2724000e-01   1.0831752e+00   1.1725048e+00   1.2551300e+00   1.3409900e+00   1.4098596e+00
   1.9893000e-01   3.4441000e-01   4.4697000e-01   5.4010000e-01   6.3211000e-01   7.6384000e-01   9.3627000e-01   1.0815852e+00   1.1804248e+00   1.2758000e+00   1.3518900e+00   1.4259096e+00
   1.9586000e-01   3.4243000e-01   4.4516000e-01   5.3661000e-01   6.2478000e-01   7.6167000e-01   9.3896000e-01   1.0806052e+00   1.1796148e+00   1.2706400e+00   1.3761600e+00   1.4143096e+00
   1.9460000e-01   3.3984000e-01   4.3993000e-01   5.3318000e-01   6.2224000e-01   7.5645000e-01   9.3043000e-01   1.0748452e+00   1.1814948e+00   1.2519800e+00   1.3660300e+00   1.4286296e+00
   1.9359000e-01   3.3734000e-01   4.3510000e-01   5.3197000e-01   6.2224000e-01   7.5268000e-01   9.1448000e-01   1.0754852e+00   1.1879048e+00   1.2635900e+00   1.3419800e+00   1.4410696e+00
   1.9168000e-01   3.3526000e-01   4.3465000e-01   5.2973000e-01   6.1514000e-01   7.4697000e-01   9.0638000e-01   1.0827552e+00   1.1791948e+00   1.2742900e+00   1.3506100e+00   1.4211796e+00
   1.8977000e-01   3.3326000e-01   4.3250000e-01   5.2501000e-01   6.0886000e-01   7.4029000e-01   9.0896000e-01   1.0687052e+00   1.1636048e+00   1.2553800e+00   1.3584600e+00   1.4210996e+00
   1.8705000e-01   3.3059000e-01   4.2726000e-01   5.1919000e-01   6.0529000e-01   7.2813000e-01   9.0476000e-01   1.0498752e+00   1.1579148e+00   1.2544400e+00   1.3484200e+00   1.4053596e+00
   1.8387000e-01   3.2692000e-01   4.2299000e-01   5.1333000e-01   6.0107000e-01   7.1988000e-01   8.9431000e-01   1.0429152e+00   1.1604448e+00   1.2643700e+00   1.3402200e+00   1.3761796e+00
   1.8224000e-01   3.2235000e-01   4.1928000e-01   5.0977000e-01   5.9605000e-01   7.1518000e-01   8.8103000e-01   1.0382652e+00   1.1551448e+00   1.2542700e+00   1.3203700e+00   1.3790496e+00
   1.8082000e-01   3.1885000e-01   4.1628000e-01   5.0508000e-01   5.8853000e-01   7.0934000e-01   8.7259000e-01   1.0273552e+00   1.1409448e+00   1.2404500e+00   1.3146100e+00   1.3710696e+00
   1.7869000e-01   3.1694000e-01   4.1355000e-01   4.9920000e-01   5.8153000e-01   7.0589000e-01   8.6846000e-01   1.0160352e+00   1.1180248e+00   1.2175900e+00   1.3012900e+00   1.3411796e+00
   1.7652000e-01   3.1432000e-01   4.0848000e-01   4.9491000e-01   5.7586000e-01   6.9863000e-01   8.6067000e-01   1.0082452e+00   1.0894148e+00   1.1981600e+00   1.2810600e+00   1.3143896e+00
   1.7398000e-01   3.1147000e-01   4.0322000e-01   4.9157000e-01   5.7037000e-01   6.9131000e-01   8.4693000e-01   1.0027352e+00   1.0729448e+00   1.1773600e+00   1.2678600e+00   1.2898996e+00
   1.7141000e-01   3.0864000e-01   3.9884000e-01   4.8725000e-01   5.6569000e-01   6.8258000e-01   8.3362000e-01   9.9100523e-01   1.0616248e+00   1.1564900e+00   1.2506000e+00   1.2768096e+00
   1.6942000e-01   3.0369000e-01   3.9610000e-01   4.8159000e-01   5.6159000e-01   6.7300000e-01   8.2106000e-01   9.8254523e-01   1.0530048e+00   1.1411100e+00   1.2308100e+00   1.2689196e+00
   1.6608000e-01   2.9891000e-01   3.9245000e-01   4.7432000e-01   5.5953000e-01   6.6322000e-01   8.1264000e-01   9.7093523e-01   1.0428048e+00   1.1221100e+00   1.2085800e+00   1.2650996e+00
   1.6266000e-01   2.9544000e-01   3.8699000e-01   4.7054000e-01   5.5641000e-01   6.5878000e-01   8.1115000e-01   9.5538523e-01   1.0370348e+00   1.1098100e+00   1.1890800e+00   1.2542396e+00
   1.5950000e-01   2.9270000e-01   3.8114000e-01   4.6920000e-01   5.4888000e-01   6.5804000e-01   8.0317000e-01   9.3943523e-01   1.0296348e+00   1.1076400e+00   1.1689900e+00   1.2176996e+00
   1.5501000e-01   2.8831000e-01   3.7602000e-01   4.6561000e-01   5.3938000e-01   6.5095000e-01   7.9052000e-01   9.2256523e-01   1.0103448e+00   1.0858200e+00   1.1505300e+00   1.1860896e+00
   1.5049000e-01   2.8085000e-01   3.7246000e-01   4.6024000e-01   5.3218000e-01   6.4157000e-01   7.8343000e-01   9.1835523e-01   1.0008948e+00   1.0778300e+00   1.1434000e+00   1.1888696e+00
   1.4664000e-01   2.7407000e-01   3.6905000e-01   4.5251000e-01   5.2560000e-01   6.3060000e-01   7.7537000e-01   9.1653523e-01   9.9785479e-01   1.0732500e+00   1.1253000e+00   1.1861496e+00
   1.4197000e-01   2.6867000e-01   3.6271000e-01   4.4299000e-01   5.2048000e-01   6.2771000e-01   7.6406000e-01   9.0366523e-01   9.8433479e-01   1.0633100e+00   1.1108400e+00   1.1726796e+00
   1.3528000e-01   2.6147000e-01   3.5651000e-01   4.3610000e-01   5.1572000e-01   6.2659000e-01   7.5748000e-01   8.9322523e-01   9.6709479e-01   1.0538100e+00   1.1026600e+00   1.1514996e+00
   1.2812000e-01   2.5340000e-01   3.5133000e-01   4.2984000e-01   5.0819000e-01   6.1484000e-01   7.5527000e-01   8.8723523e-01   9.6220479e-01   1.0448300e+00   1.0841100e+00   1.1241496e+00
   1.2196000e-01   2.4604000e-01   3.4667000e-01   4.2270000e-01   4.9954000e-01   6.0911000e-01   7.4793000e-01   8.7530523e-01   9.5924479e-01   1.0317800e+00   1.0673300e+00   1.1106796e+00
   1.1702000e-01   2.3901000e-01   3.4054000e-01   4.1485000e-01   4.9194000e-01   6.0293000e-01   7.3670000e-01   8.6654523e-01   9.5491479e-01   1.0174500e+00   1.0569200e+00   1.1053896e+00
   1.1266000e-01   2.3120000e-01   3.3195000e-01   4.0693000e-01   4.8345000e-01   5.9491000e-01   7.2860000e-01   8.5726523e-01   9.4944479e-01   1.0107900e+00   1.0527500e+00   1.1001196e+00
   1.0840000e-01   2.2414000e-01   3.2537000e-01   3.9975000e-01   4.7329000e-01   5.8733000e-01   7.2384000e-01   8.4507523e-01   9.3450479e-01   1.0048900e+00   1.0532100e+00   1.0824596e+00
   1.0357000e-01   2.1849000e-01   3.1964000e-01   3.9518000e-01   4.6757000e-01   5.7781000e-01   7.1975000e-01   8.4066523e-01   9.2137479e-01   1.0001100e+00   1.0387200e+00   1.0632696e+00
   9.8450000e-02   2.1280000e-01   3.1203000e-01   3.8812000e-01   4.6325000e-01   5.6944000e-01   7.1365000e-01   8.3721523e-01   9.1831479e-01   9.9328000e-01   1.0204000e+00   1.0580996e+00
   9.3210000e-02   2.0632000e-01   3.0578000e-01   3.7865000e-01   4.5427000e-01   5.6329000e-01   7.0972000e-01   8.2486523e-01   9.1107479e-01   9.7673000e-01   1.0201900e+00   1.0538396e+00
   8.8680000e-02   2.0015000e-01   2.9888000e-01   3.7127000e-01   4.4670000e-01   5.5916000e-01   7.0155000e-01   8.1291523e-01   8.9765479e-01   9.6400000e-01   1.0185000e+00   1.0390096e+00
   8.5050000e-02   1.9535000e-01   2.9085000e-01   3.6530000e-01   4.4010000e-01   5.5273000e-01   6.8590000e-01   8.0647523e-01   8.8133479e-01   9.6653000e-01   1.0023900e+00   1.0258396e+00
   8.2090000e-02   1.8912000e-01   2.8421000e-01   3.6034000e-01   4.3352000e-01   5.4421000e-01   6.7714000e-01   8.0201523e-01   8.6632479e-01   9.6597000e-01   9.8787000e-01   1.0215096e+00
   7.9560000e-02   1.8293000e-01   2.7762000e-01   3.5336000e-01   4.2804000e-01   5.3622000e-01   6.7405000e-01   7.9969523e-01   8.6350479e-01   9.5338000e-01   9.8634000e-01   1.0147196e+00
   7.7010000e-02   1.7810000e-01   2.6964000e-01   3.4472000e-01   4.2333000e-01   5.3129000e-01   6.6855000e-01   7.9169523e-01   8.6563479e-01   9.4252000e-01   9.8007000e-01   1.0111996e+00
   7.3470000e-02   1.7233000e-01   2.6160000e-01   3.3578000e-01   4.1446000e-01   5.2256000e-01   6.5856000e-01   7.8144523e-01   8.6030479e-01   9.3566000e-01   9.6524000e-01   1.0041396e+00
   7.1000000e-02   1.6689000e-01   2.5367000e-01   3.2997000e-01   4.0420000e-01   5.0980000e-01   6.4808000e-01   7.7371523e-01   8.4481479e-01   9.2035000e-01   9.6128000e-01   9.8669959e-01
   6.7860000e-02   1.6155000e-01   2.4594000e-01   3.2404000e-01   3.9706000e-01   5.0417000e-01   6.4024000e-01   7.6359523e-01   8.3055479e-01   9.0717000e-01   9.6056000e-01   9.8582959e-01
   6.3370000e-02   1.5478000e-01   2.3865000e-01   3.1596000e-01   3.8958000e-01   4.9887000e-01   6.3159000e-01   7.5159523e-01   8.2633479e-01   8.9642000e-01   9.4986000e-01   9.8941959e-01
   5.9450000e-02   1.4691000e-01   2.3198000e-01   3.0709000e-01   3.7973000e-01   4.9110000e-01   6.2265000e-01   7.4210523e-01   8.2481479e-01   8.8712000e-01   9.4072000e-01   9.7968959e-01
   5.5960000e-02   1.3954000e-01   2.2353000e-01   2.9700000e-01   3.7119000e-01   4.8254000e-01   6.1411000e-01   7.3275523e-01   8.1665479e-01   8.8594000e-01   9.3581000e-01   9.6065959e-01
   5.2140000e-02   1.3268000e-01   2.1313000e-01   2.8688000e-01   3.6339000e-01   4.7429000e-01   6.0722000e-01   7.2148523e-01   8.0296479e-01   8.7719000e-01   9.2172000e-01   9.4441959e-01
   4.9360000e-02   1.2639000e-01   2.0471000e-01   2.7755000e-01   3.5430000e-01   4.6481000e-01   5.9869000e-01   7.1231523e-01   7.8936479e-01   8.6410000e-01   9.0587000e-01   9.4071959e-01
   4.6140000e-02   1.1985000e-01   1.9802000e-01   2.6791000e-01   3.4385000e-01   4.5214000e-01   5.8432000e-01   7.0158523e-01   7.8485479e-01   8.5915000e-01   8.9532000e-01   9.3479959e-01
   4.2390000e-02   1.1280000e-01   1.8905000e-01   2.5819000e-01   3.3436000e-01   4.4181000e-01   5.7217000e-01   6.8993523e-01   7.7846479e-01   8.5127000e-01   8.8522000e-01   9.2414959e-01
   3.8940000e-02   1.0660000e-01   1.7893000e-01   2.4790000e-01   3.2414000e-01   4.3076000e-01   5.6398000e-01   6.8137523e-01   7.6332479e-01   8.3203000e-01   8.7408000e-01   9.1766959e-01
   3.6150000e-02   1.0065000e-01   1.6995000e-01   2.3917000e-01   3.1282000e-01   4.2041000e-01   5.5450000e-01   6.7201523e-01   7.5147479e-01   8.1879000e-01   8.7121000e-01   9.0977959e-01
   3.3050000e-02   9.3890000e-02   1.6185000e-01   2.3138000e-01   3.0197000e-01   4.0995000e-01   5.4072000e-01   6.5932523e-01   7.4459479e-01   8.1090000e-01   8.6690000e-01   8.9987959e-01
   3.1070000e-02   8.7480000e-02   1.5397000e-01   2.2021000e-01   2.9146000e-01   3.9791000e-01   5.2855000e-01   6.4723523e-01   7.3184479e-01   7.9432000e-01   8.5032000e-01   8.8748959e-01
   2.8840000e-02   8.1830000e-02   1.4537000e-01   2.0844000e-01   2.8116000e-01   3.8597000e-01   5.2076000e-01   6.3439523e-01   7.1755479e-01   7.7948000e-01   8.3579000e-01   8.7531959e-01
   2.5090000e-02   7.4670000e-02   1.3708000e-01   1.9931000e-01   2.7012000e-01   3.7433000e-01   5.0722000e-01   6.2196523e-01   6.9977479e-01   7.6891000e-01   8.2922000e-01   8.6049959e-01
   2.3050000e-02   6.6530000e-02   1.2892000e-01   1.9042000e-01   2.5846000e-01   3.6439000e-01   4.8919000e-01   6.0937523e-01   6.8534479e-01   7.5577000e-01   8.2058000e-01   8.4867959e-01
   2.2650000e-02   6.0890000e-02   1.2096000e-01   1.8053000e-01   2.4698000e-01   3.5119000e-01   4.7563000e-01   5.9452523e-01   6.7568479e-01   7.4436000e-01   8.0218000e-01   8.3986959e-01
   2.1360000e-02   5.7550000e-02   1.1277000e-01   1.6952000e-01   2.3432000e-01   3.3702000e-01   4.6633000e-01   5.7624523e-01   6.6589479e-01   7.3306000e-01   7.8257000e-01   8.2258959e-01
   1.9810000e-02   5.4080000e-02   1.0411000e-01   1.5840000e-01   2.2226000e-01   3.2355000e-01   4.5276000e-01   5.5838523e-01   6.4999479e-01   7.1509000e-01   7.6807000e-01   8.0489959e-01
   1.8490000e-02   4.8810000e-02   9.6330000e-02   1.4823000e-01   2.1210000e-01   3.1060000e-01   4.3463000e-01   5.4364523e-01   6.3007479e-01   6.9888000e-01   7.5907000e-01   7.9015959e-01
   1.6630000e-02   4.3410000e-02   8.9290000e-02   1.3761000e-01   2.0026000e-01   2.9965000e-01   4.2003000e-01   5.2853523e-01   6.1116479e-01   6.8329000e-01   7.4983000e-01   7.6862959e-01
   1.5160000e-02   3.9120000e-02   8.2520000e-02   1.2679000e-01   1.8801000e-01   2.8586000e-01   4.0549000e-01   5.1369523e-01   5.9471479e-01   6.6526000e-01   7.3341000e-01   7.5305959e-01
   1.4100000e-02   3.4940000e-02   7.5670000e-02   1.1795000e-01   1.7824000e-01   2.7289000e-01   3.9157000e-01   4.9950523e-01   5.7913479e-01   6.5154000e-01   7.0671000e-01   7.4471959e-01
   1.3200000e-02   3.1500000e-02   6.7670000e-02   1.1010000e-01   1.6727000e-01   2.6040000e-01   3.7782000e-01   4.8212523e-01   5.5923479e-01   6.3507000e-01   6.8184000e-01   7.3019959e-01
   1.1900000e-02   2.8010000e-02   6.0300000e-02   1.0014000e-01   1.5471000e-01   2.4469000e-01   3.6218000e-01   4.6009523e-01   5.4146479e-01   6.1201000e-01   6.5932000e-01   7.0665959e-01
   9.9200000e-03   2.4720000e-02   5.5130000e-02   9.0550000e-02   1.4284000e-01   2.3013000e-01   3.4575000e-01   4.3939523e-01   5.2534479e-01   5.8889000e-01   6.3599000e-01   6.8518959e-01
   8.2200000e-03   2.1930000e-02   4.9500000e-02   8.1350000e-02   1.3205000e-01   2.1658000e-01   3.2701000e-01   4.2170523e-01   5.0478479e-01   5.6741000e-01   6.1994000e-01   6.6781959e-01
   8.1900000e-03   1.9250000e-02   4.3260000e-02   7.1860000e-02   1.2283000e-01   2.0278000e-01   3.1076000e-01   4.0580523e-01   4.8308479e-01   5.4726000e-01   6.0286000e-01   6.4274959e-01
   8.0400000e-03   1.6580000e-02   3.7910000e-02   6.3750000e-02   1.1253000e-01   1.8894000e-01   2.9597000e-01   3.9065523e-01   4.6545479e-01   5.2872000e-01   5.8040000e-01   6.1777959e-01
   6.8400000e-03   1.4800000e-02   3.3670000e-02   5.7520000e-02   1.0198000e-01   1.7680000e-01   2.7815000e-01   3.7205523e-01   4.4647479e-01   5.0805000e-01   5.5813000e-01   5.9714959e-01
   6.3600000e-03   1.3520000e-02   2.9790000e-02   5.1390000e-02   9.3680000e-02   1.6406000e-01   2.6196000e-01   3.5157523e-01   4.2437479e-01   4.8521000e-01   5.3856000e-01   5.7357959e-01
   6.3100000e-03   1.1140000e-02   2.6600000e-02   4.5310000e-02   8.5420000e-02   1.5103000e-01   2.4850000e-01   3.3083523e-01   4.0539479e-01   4.6185000e-01   5.1824000e-01   5.4979959e-01
   5.2300000e-03   8.7600000e-03   2.4440000e-02   3.8440000e-02   7.6790000e-02   1.3903000e-01   2.3242000e-01   3.1201523e-01   3.8524479e-01   4.3822000e-01   4.9087000e-01   5.3079959e-01
   5.1400000e-03   8.0000000e-03   2.1360000e-02   3.3340000e-02   6.9010000e-02   1.2638000e-01   2.1528000e-01   2.9502523e-01   3.6341479e-01   4.1863000e-01   4.6441000e-01   5.1262959e-01
   6.1800000e-03   7.3400000e-03   1.8100000e-02   2.9890000e-02   6.1050000e-02   1.1530000e-01   1.9955000e-01   2.7739523e-01   3.4363479e-01   4.0000000e-01   4.4397000e-01   4.8906959e-01
   5.8500000e-03   7.4800000e-03   1.6890000e-02   2.6560000e-02   5.3420000e-02   1.0531000e-01   1.8534000e-01   2.5992523e-01   3.2337479e-01   3.7831000e-01   4.2653000e-01   4.6407959e-01
   5.1500000e-03   7.6000000e-03   1.5000000e-02   2.3150000e-02   4.7700000e-02   9.6660000e-02   1.7135000e-01   2.4343523e-01   3.0338479e-01   3.5325000e-01   4.0401000e-01   4.3928959e-01
   5.4800000e-03   6.6600000e-03   1.2940000e-02   1.8640000e-02   4.3880000e-02   8.7380000e-02   1.5691000e-01   2.2709523e-01   2.8508479e-01   3.3069000e-01   3.8006000e-01   4.1646959e-01
   5.3700000e-03   5.6700000e-03   1.0920000e-02   1.4970000e-02   3.8390000e-02   7.7490000e-02   1.4214000e-01   2.0771523e-01   2.6666479e-01   3.1113000e-01   3.5603000e-01   3.9537959e-01
   5.3100000e-03   5.1300000e-03   9.0000000e-03   1.2670000e-02   3.3670000e-02   7.0360000e-02   1.2894000e-01   1.8748523e-01   2.4567479e-01   2.8963000e-01   3.3123000e-01   3.7000959e-01
   6.1300000e-03   4.6400000e-03   8.6600000e-03   1.0020000e-02   3.0040000e-02   6.3620000e-02   1.1621000e-01   1.7095523e-01   2.2550479e-01   2.6867000e-01   3.0910000e-01   3.4398959e-01
   7.1700000e-03   4.8300000e-03   8.3500000e-03   8.0700000e-03   2.6840000e-02   5.7140000e-02   1.0383000e-01   1.5656523e-01   2.0865479e-01   2.4995000e-01   2.8700000e-01   3.2130959e-01
   7.5300000e-03   4.9800000e-03   6.9800000e-03   6.8100000e-03   2.3590000e-02   5.0840000e-02   9.2870000e-02   1.4164523e-01   1.9299479e-01   2.3094000e-01   2.6441000e-01   2.9880959e-01
   7.8900000e-03   6.2500000e-03   6.0000000e-03   5.7000000e-03   2.1190000e-02   4.4630000e-02   8.2720000e-02   1.2802523e-01   1.7531479e-01   2.1088000e-01   2.4213000e-01   2.7747959e-01
   7.6400000e-03   6.8100000e-03   6.3300000e-03   5.1700000e-03   2.0140000e-02   3.9670000e-02   7.4890000e-02   1.1558523e-01   1.5852479e-01   1.9224000e-01   2.2119000e-01   2.5609959e-01
   7.7400000e-03   5.5500000e-03   6.8500000e-03   4.6800000e-03   1.8550000e-02   3.5800000e-02   6.7750000e-02   1.0271523e-01   1.4444479e-01   1.7561000e-01   2.0300000e-01   2.3251959e-01
   9.3500000e-03   6.3600000e-03   6.5100000e-03   4.2800000e-03   1.6230000e-02   3.3160000e-02   5.9790000e-02   9.1225231e-02   1.2979479e-01   1.6080000e-01   1.8611000e-01   2.1139959e-01
   1.0480000e-02   7.5200000e-03   6.1000000e-03   4.0200000e-03   1.4160000e-02   2.9130000e-02   5.2380000e-02   8.1885231e-02   1.1607479e-01   1.4756000e-01   1.7008000e-01   1.9363959e-01
   1.0630000e-02   7.5600000e-03   6.0000000e-03   3.0900000e-03   1.2730000e-02   2.5650000e-02   4.5990000e-02   7.3495231e-02   1.0393479e-01   1.3320000e-01   1.5475000e-01   1.7511959e-01
   1.1610000e-02   7.7600000e-03   5.7000000e-03   1.7761210e-03   1.1570000e-02   2.3480000e-02   4.0700000e-02   6.6025231e-02   9.3314789e-02   1.1820000e-01   1.4060000e-01   1.5789959e-01
   1.2310000e-02   8.2000000e-03   5.7600000e-03   1.0817464e-03   1.0210000e-02   2.1630000e-02   3.7110000e-02   5.9015231e-02   8.4024789e-02   1.0612000e-01   1.2590000e-01   1.4471959e-01
   1.1340000e-02   9.1000000e-03   6.2800000e-03   4.1237200e-04   8.9900000e-03   2.0150000e-02   3.3700000e-02   5.2785231e-02   7.4494789e-02   9.6820000e-02   1.1179000e-01   1.3224959e-01
   1.0950000e-02   9.3100000e-03   7.1500000e-03   2.0000000e-05   8.3600000e-03   1.8140000e-02   3.0000000e-02   4.7645231e-02   6.6544789e-02   8.7480000e-02   1.0104000e-01   1.1979959e-01
   1.2320000e-02   9.4900000e-03   7.6400000e-03   3.4362400e-04   7.1900000e-03   1.6880000e-02   2.7660000e-02   4.2675231e-02   5.9484789e-02   7.9230000e-02   9.1000000e-02   1.0833959e-01
   1.4530000e-02   1.0080000e-02   8.1400000e-03   0.0000000e+00   6.5800000e-03   1.5500000e-02   2.4360000e-02   3.8015231e-02   5.3074789e-02   7.3210000e-02   8.1260000e-02   9.9429591e-02
   1.6080000e-02   1.0320000e-02   8.1300000e-03   1.0000000e-05   6.9200000e-03   1.4110000e-02   1.9930000e-02   3.2965231e-02   4.8054789e-02   6.6470000e-02   7.3520000e-02   9.2379591e-02
   1.6170000e-02   1.0800000e-02   7.9200000e-03   4.9750100e-04   7.3900000e-03   1.3320000e-02   1.8270000e-02   2.9595231e-02   4.5444789e-02   6.0660000e-02   6.8070000e-02   8.3389591e-02
   1.5460000e-02   1.1480000e-02   7.9000000e-03   2.0612700e-04   7.1500000e-03   1.1860000e-02   1.6730000e-02   2.6755231e-02   4.3314789e-02   5.7260000e-02   6.2840000e-02   7.3819591e-02
   1.6080000e-02   1.1980000e-02   7.8000000e-03   1.1917530e-03   6.9500000e-03   1.0780000e-02   1.4990000e-02   2.4035231e-02   3.8664789e-02   5.4000000e-02   5.8480000e-02   6.7499591e-02
   1.6940000e-02   1.2820000e-02   8.0600000e-03   2.0700000e-03   8.3000000e-03   1.0460000e-02   1.3180000e-02   2.1675231e-02   3.2674789e-02   4.8320000e-02   5.3980000e-02   6.2759591e-02
   1.6260000e-02   1.3790000e-02   9.9000000e-03   1.8810040e-03   8.2500000e-03   1.0960000e-02   1.2490000e-02   1.9765231e-02   3.0264789e-02   4.3200000e-02   4.9340000e-02   5.8589591e-02
   1.4910000e-02   1.3600000e-02   1.0930000e-02   2.9100000e-03   7.1800000e-03   1.0790000e-02   1.1540000e-02   1.8215231e-02   2.9444789e-02   4.1450000e-02   4.4870000e-02   5.5429591e-02
   1.5330000e-02   1.3750000e-02   1.1620000e-02   2.6400000e-03   7.1200000e-03   1.2720000e-02   1.0990000e-02   1.6865231e-02   2.9404789e-02   3.9820000e-02   4.2640000e-02   5.3409591e-02
   1.6500000e-02   1.4790000e-02   1.1890000e-02   4.3388200e-04   6.2600000e-03   1.3330000e-02   1.0350000e-02   1.5405231e-02   2.9644789e-02   3.8290000e-02   4.0870000e-02   5.0119591e-02
   1.8060000e-02   1.6560000e-02   1.1810000e-02   1.0205075e-03   7.0100000e-03   1.0390000e-02   8.8800000e-03   1.4065231e-02   2.5804789e-02   3.7150000e-02   3.8010000e-02   4.6339591e-02
   1.9350000e-02   1.5800000e-02   1.1560000e-02   1.9021330e-03   7.7900000e-03   8.6600000e-03   7.7200000e-03   1.3065231e-02   2.1104789e-02   3.3950000e-02   3.6480000e-02   4.3909591e-02
   2.0560000e-02   1.3700000e-02   1.2330000e-02   1.7727590e-03   7.1400000e-03   8.2900000e-03   8.0500000e-03   1.2255231e-02   2.0104789e-02   3.2310000e-02   3.5020000e-02   4.1049591e-02
   2.0440000e-02   1.5510000e-02   1.3800000e-02   2.7100000e-03   7.7500000e-03   8.0900000e-03   7.7000000e-03   1.1645231e-02   1.9644789e-02   3.0920000e-02   3.1860000e-02   3.8649591e-02
   2.0620000e-02   1.7920000e-02   1.4930000e-02   4.8900000e-03   8.3200000e-03   7.8400000e-03   6.8700000e-03   1.0575231e-02   1.7244789e-02   2.9040000e-02   2.8170000e-02   3.6549591e-02
   2.1340000e-02   1.8610000e-02   1.5500000e-02   5.5500000e-03   8.1400000e-03   8.5000000e-03   6.9600000e-03   9.3252310e-03   1.4254789e-02   2.8180000e-02   2.6440000e-02   3.3199591e-02
   2.1750000e-02   1.9530000e-02   1.5520000e-02   5.0300000e-03   7.6400000e-03   8.8900000e-03   6.3000000e-03   8.5352310e-03   1.3004789e-02   2.6570000e-02   2.5650000e-02   2.9249591e-02
   2.2660000e-02   1.9170000e-02   1.5200000e-02   5.7600000e-03   8.2700000e-03   8.6400000e-03   3.9700000e-03   7.1052310e-03   1.2934789e-02   2.4400000e-02   2.2640000e-02   2.8159591e-02
   2.3570000e-02   1.9370000e-02   1.4920000e-02   6.7800000e-03   1.0050000e-02   1.0520000e-02   3.5000000e-03   6.2052310e-03   1.2884789e-02   2.2390000e-02   1.9700000e-02   2.7919591e-02
   2.3370000e-02   2.0840000e-02   1.6080000e-02   7.3800000e-03   1.1060000e-02   1.1900000e-02   5.0800000e-03   6.2552310e-03   1.1434789e-02   2.0360000e-02   1.8150000e-02   2.4869591e-02
   2.3940000e-02   2.0850000e-02   1.6760000e-02   8.7800000e-03   1.1180000e-02   1.2770000e-02   6.1600000e-03   6.0452310e-03   1.0054789e-02   1.9040000e-02   1.6450000e-02   2.3009591e-02
   2.4900000e-02   2.0880000e-02   1.6270000e-02   9.2700000e-03   1.1210000e-02   1.2980000e-02   6.3000000e-03   5.3552310e-03   1.0284789e-02   1.7770000e-02   1.5600000e-02   2.1869591e-02
   2.5430000e-02   2.1860000e-02   1.6660000e-02   8.8900000e-03   1.1730000e-02   1.2890000e-02   6.6000000e-03   4.3252310e-03   1.0274789e-02   1.7620000e-02   1.5330000e-02   1.9919591e-02
   2.5370000e-02   2.2180000e-02   1.7650000e-02   9.3900000e-03   1.1910000e-02   1.3220000e-02   6.7400000e-03   3.7752310e-03   8.6947890e-03   1.7630000e-02   1.3360000e-02   1.9259591e-02
   2.4390000e-02   2.1380000e-02   1.8570000e-02   8.9700000e-03   1.1780000e-02   1.3400000e-02   5.7100000e-03   3.4052310e-03   6.5847890e-03   1.6680000e-02   1.2970000e-02   1.8679591e-02
   2.3710000e-02   2.0350000e-02   1.9220000e-02   9.1500000e-03   1.1770000e-02   1.3420000e-02   5.3800000e-03   3.1652310e-03   6.2647890e-03   1.6500000e-02   1.3630000e-02   1.7959591e-02
   2.4140000e-02   2.1710000e-02   1.9680000e-02   9.9300000e-03   1.1410000e-02   1.2700000e-02   5.6600000e-03   2.5852310e-03   6.3747890e-03   1.5670000e-02   1.2600000e-02   1.7119591e-02
   2.5340000e-02   2.4050000e-02   2.1250000e-02   1.1130000e-02   1.1960000e-02   1.2800000e-02   5.4200000e-03   2.8252310e-03   6.0647890e-03   1.4520000e-02   1.1560000e-02   1.5489591e-02
   2.5820000e-02   2.4030000e-02   2.1630000e-02   1.1540000e-02   1.2050000e-02   1.2940000e-02   4.5000000e-03   4.1452310e-03   5.4747890e-03   1.4530000e-02   9.6600000e-03   1.3489591e-02
   2.5890000e-02   2.3530000e-02   2.1670000e-02   1.1320000e-02   1.1770000e-02   1.3060000e-02   4.8800000e-03   4.9852310e-03   5.7947890e-03   1.4410000e-02   9.1900000e-03   1.3659591e-02
